102379
104859
107382
110059
112757
115527
118407
121286
124237
127289
130345
133498
136762
140156
143608
147061
150681
154287
158204
162125
166106
170169
174418
178592
182910
187368
191833
196493
201448
206273
211403
216558
221815
227200
232868
238608
244573
250474
256764
262935
269363
276078
282830
289919
297104
304287
311940
319598
327600
335729
343962
352415
361345
370174
379483
388804
398484
408516
418636
429037
439673
450709
461979
473496
485361
497503
510071
523063
535937
549167
562918
577204
591658
606496
621744
637279
653097
669428
686265
703548
720942
739134
757889
776635
796100
816285
836718
857448
879063
901227
924040
947240
970952
995551
1021103
1046767
1073455
1100831
1128491
1157234
1186332
1216394
1247314
1279083
1311522
1344340
1378461
1413558
1449353
1486135
1523989
1562581
1601892
1642722
1684649
1727571
1771388
1816314
1862456
1909818
1958526
2008390
20494
20980
21525
22053
22642
23202
23800
24399
25049
25648
26271
26927
27582
28299
29062
29817
30572
31311
32139
32970
33817
34706
35603
36504
37473
38439
39389
40487
41521
42528
43638
44788
45932
47068
48328
49642
50977
52247
53645
55055
56479
58005
59465
61024
62643
64245
65906
67649
69392
71285
73131
75042
76941
78917
80948
83026
85163
87344
89668
92011
94355
96778
99311
101916
104534
107245
110109
112938
115823
118833
121800
124912
128152
131542
134906
138455
142119
145813
149650
153554
157569
161670
165898
170209
174726
179206
183849
188508
193495
198561
203689
209058
214536
220210
226031
232061
238197
244460
250819
257429
264193
271112
278411
285743
293141
300867
308818
316825
325121
333707
342463
351534
360954
370372
380157
390211
400472
411117
421995
433215
444695
456381
468497
480995
493815
506793
520145
533930
548390
562773
577867
592996
608833
625062
641620
658695
676143
694290
712952
732056
751818
771786
792227
813379
835207
857700
880591
904238
928631
953046
978363
1004803
1031698
1059178
1087574
1116800
1146653
1177232
1208706
1241268
1274583
1308898
1344197
1380491
1417663
1455656
1494545
1534477
1576221
1618724
1662175
1706247
1752277
1799258
1847733
1897338
1948749
2001356
20320
20887
21438
22042
22620
23257
23945
24568
25258
25930
26595
27338
28050
28798
29607
30472
31243
32115
32971
33900
34813
35735
36636
37625
38633
39677
40750
41867
42967
44139
45261
46449
47699
49041
50394
51798
53264
54697
56214
57737
59307
60962
62623
64304
66099
67831
69652
71569
73519
75537
77659
79775
81835
84019
86320
88583
90983
93419
95953
98568
101327
104083
106892
109815
112817
115906
119140
122357
125633
129135
132688
136251
139948
143756
147636
151673
155716
160101
164650
169189
173812
178565
183405
188498
193727
199129
204528
210110
215797
221794
227895
234219
240618
247225
253836
260765
267819
275239
282903
290602
298778
306958
315265
323983
332910
342045
351481
361289
371285
381415
391889
402648
413728
425159
436934
449002
461350
474111
487195
500479
514351
528547
543281
558245
573636
589672
606281
623214
640295
658266
676328
695127
714420
734431
754983
775917
797419
819647
842372
865825
890139
914789
940157
966143
993082
1020862
1049457
1078695
1108716
1139446
1171217
1204054
1237849
1272513
1308054
1344450
1381841
1420550
1460081
1500849
1542856
1585922
1630168
1675555
1722392
1770779
1820247
1870710
1922702
1976433
2031908
20851
21408
22013
22617
23279
23940
24617
25316
26054
26796
27549
28342
29117
29901
30745
31583
32426
33350
34283
35211
36201
37233
38284
39345
40482
41649
42801
43999
45191
46464
47738
49079
50498
51913
53406
55022
56583
58238
59829
61489
63228
64976
66856
68810
70729
72757
74925
77061
79259
81490
83778
86170
88643
91119
93682
96342
99077
101792
104652
107506
110561
113769
116950
120311
123728
127238
130776
134358
138058
141977
146045
150196
154464
158839
163392
167989
172733
177648
182766
188000
193424
198942
204599
210383
216302
222246
228542
235035
241748
248653
255843
263095
270600
278059
286018
294214
302484
311154
320200
329162
338703
348294
358321
368475
378984
389873
401101
412681
424540
436638
449111
461846
475080
488670
502709
517105
531904
547074
562741
578954
595486
612573
629983
647890
666309
685258
704964
725129
745733
766991
788998
811608
834729
858315
883024
908003
933974
960668
988147
1016504
1045265
1075117
1106019
1137600
1170134
1203828
1238348
1273850
1310116
1347442
1385912
1425523
1466416
1508315
1551405
1595542
1641073
1688171
1736538
1786235
1837412
1889869
1943928
1999365
2056629
21244
21837
22492
23177
23884
24577
25302
26044
26766
27539
28317
29146
29969
30844
31726
32619
33566
34495
35493
36510
37549
38602
39704
40886
42016
43189
44443
45710
47096
48421
49842
51295
52687
54194
55728
57325
58953
60638
62302
64103
65971
67921
69943
71986
74051
76177
78324
80617
82974
85403
87906
90477
93135
95906
98629
101509
104502
107474
110610
113748
117152
120475
123955
127439
131220
135045
138925
142996
147097
151332
155644
160250
164857
169748
174707
179726
184959
190184
195600
201354
207130
213084
219269
225571
232077
238888
245894
253055
260347
267895
275688
283779
291991
300546
309413
318440
327721
337081
346997
357165
367514
378133
388944
400221
411783
423786
436289
449138
462037
475320
489111
503166
517871
532874
548205
563967
580118
597277
614726
632810
651328
670346
689749
710065
730835
752378
774237
796639
819536
843321
867917
893066
919106
945954
973178
1001471
1030709
1061052
1091795
1123550
1156052
1189607
1224213
1259747
1296621
1334447
1373477
1413458
1454753
1497661
1541405
1586379
1632544
1680300
1729126
1779585
1831321
1885005
1940053
1996903
2054948
20936
21555
22203
22817
23493
24122
24840
25579
26304
27065
27863
28722
29566
30402
31259
32102
33038
33990
34934
35965
37022
38149
39268
40401
41613
42807
44078
45378
46724
48096
49504
51020
52563
54021
55605
57196
58808
60508
62253
64159
66094
68054
70017
72128
74235
76383
78641
80956
83296
85732
88213
90810
93519
96123
99013
101940
104951
108136
111349
114664
118009
121439
125026
128779
132587
136414
140326
144331
148627
153055
157573
162273
166950
171972
177067
182344
187558
193105
198643
204350
210471
216748
222972
229453
236112
243075
250094
257456
265042
272944
281088
289375
297826
306602
315727
324983
334634
344568
354741
365224
375968
386913
398148
409855
421853
434350
447280
460444
473905
487891
502477
517202
532616
548352
564567
581581
598999
616663
634797
653477
672953
692865
713513
734396
756191
778665
801638
825550
849942
875125
900862
927467
954874
983165
1012432
1042524
1073327
1105131
1138327
1171946
1206831
1242439
1279165
1317035
1355945
1396061
1437662
1480240
1523996
1568933
1615324
1663176
1712593
1763231
1815257
1869137
1924634
1981961
2040780
20913
21529
22170
22826
23525
24238
24925
25672
26445
27264
28094
28941
29774
30700
31598
32581
33573
34615
35633
36744
37830
38968
40118
41427
42706
43992
45254
46549
47963
49384
50825
52328
53875
55472
57069
58714
60415
62169
64084
66000
67947
69991
72037
74163
76329
78570
80960
83261
85727
88341
90909
93623
96406
99347
102266
105255
108297
111555
114874
118242
121763
125341
129019
132861
136801
140916
145104
149338
153910
158466
163113
167911
173055
178225
183628
189059
194748
200669
206791
212973
219395
225859
232693
239742
246806
254110
261767
269579
277542
285682
294262
303224
312298
321597
331231
341029
351143
361751
372623
383535
394870
406651
418799
431372
444084
457152
470713
485000
499551
514584
530024
545937
562090
579129
596336
613942
631995
650832
670146
690052
710856
732330
754400
776819
799840
823639
848377
873860
899686
926500
954191
982873
1012267
1042495
1073571
1105784
1138527
1172312
1206962
1242865
1280233
1318361
1357812
1398455
1440277
1483306
1527488
1573273
1619809
1668083
1718013
1769153
1822196
1876593
1932763
1990589
2050069
21168
21772
22439
23127
23821
24510
25237
25972
26750
27548
28379
29259
30124
31013
31972
32981
33998
35013
36040
37123
38201
39318
40477
41719
42946
44205
45493
46806
48166
49618
51099
52675
54304
55847
57520
59187
60957
62743
64632
66514
68504
70625
72700
74800
77054
79394
81837
84322
86779
89412
92138
94869
97634
100670
103627
106745
109910
113233
116615
120135
123728
127421
131242
135203
139244
143398
147542
151826
156283
161024
165820
170819
176047
181298
186700
192303
198112
204047
210153
216397
222769
229511
236367
243424
250792
258311
265873
274063
282263
290706
299294
308222
317554
327107
336930
347082
357356
368091
379176
390459
402294
414311
426553
439316
452536
466072
479895
494036
508823
524231
540047
556530
573097
590385
608294
626571
645345
664770
684887
705441
726715
748758
771295
794595
818368
843064
868484
894689
921266
949133
977814
1007423
1037593
1068628
1100954
1133967
1168185
1203510
1239577
1277238
1315641
1355074
1395845
1437657
1480798
1525440
1571066
1618189
1666513
1716604
1768255
1821131
1875494
1931843
1990152
2050227
21221
21855
22576
23243
24010
24763
25499
26248
27018
27858
28662
29526
30402
31308
32248
33243
34272
35298
36361
37477
38575
39733
40908
42149
43340
44670
46014
47357
48802
50248
51762
53299
54929
56538
58239
59940
61713
63554
65417
67359
69323
71438
73540
75746
78022
80432
82887
85375
87924
90596
93292
96067
99013
102064
105205
108249
111424
114865
118351
121850
125490
129234
133160
137161
141246
145444
149752
154282
158865
163732
168532
173812
179175
184423
189987
195735
201678
207735
214073
220473
227106
234025
241141
248480
255942
263640
271649
279754
288157
296723
305896
315220
324890
334629
344697
355121
365885
377127
388746
400557
412680
425023
437900
451268
465107
478985
493296
508258
523468
539252
555496
572156
589343
607046
625277
644257
663529
683536
703775
724621
746662
768893
792179
815974
840636
865949
892108
919168
946988
975434
1004736
1034921
1066246
1098539
1131585
1165467
1200758
1237073
1274359
1312763
1352699
1393787
1436323
1479823
1524227
1569989
1617842
1666778
1717210
1768558
1821790
1876822
1933524
1991845
2052171
21258
21875
22552
23236
23963
24677
25452
26217
27029
27847
28669
29541
30396
31289
32260
33226
34215
35250
36296
37426
38519
39747
40879
42101
43391
44740
46083
47485
48905
50365
51886
53501
55080
56767
58453
60234
62012
63901
65882
67804
69960
72094
74308
76616
78912
81332
83839
86352
89006
91606
94302
97124
99994
103087
106206
109353
112657
116059
119541
123225
127020
130866
134863
138920
143065
147419
151919
156445
161196
166057
171107
176315
181651
187121
192912
198617
204590
210747
217155
223813
230629
237548
244726
252168
259646
267565
275660
284067
292597
301492
310537
319920
329658
339685
349920
360589
371346
382772
394372
406422
418655
431278
444369
458011
471949
486277
501103
516185
531854
548079
564783
581994
599842
618070
636831
655962
675646
696483
717600
739107
761218
784477
807959
832500
857709
883562
910276
937919
966311
995732
1025911
1057313
1089200
1122235
1155967
1191251
1227299
1264485
1302654
1342435
1383153
1424927
1467950
1512437
1557942
1605105
1653625
1703421
1755020
1808276
1863524
1919615
1977457
2037411
21221
21856
22493
23198
23938
24661
25433
26250
27022
27859
28715
29610
30506
31363
32333
33303
34295
35336
36405
37506
38666
39831
41068
42327
43608
44877
46241
47575
49008
50515
51994
53552
55182
56854
58581
60270
62063
64008
65928
67980
70146
72311
74491
76765
79096
81501
83968
86458
89106
91858
94671
97615
100520
103653
106834
110116
113479
116953
120487
124134
127898
131783
135892
139946
144207
148664
153190
157872
162621
167639
172592
177967
183342
188945
194577
200463
206547
212788
219226
225902
232911
239919
247228
254648
262408
270321
278658
287009
295747
304623
313882
323388
333200
343219
353684
364357
375252
386715
398518
410700
423131
435960
449162
462802
476992
491394
506336
521706
537594
554177
570976
588225
606217
624739
643620
663259
683322
703939
725076
747074
769588
793139
817180
842189
867886
894288
921304
949156
978113
1007521
1038161
1069677
1102192
1135885
1169909
1205409
1241851
1279282
1318146
1358482
1399799
1442231
1485811
1530854
1577424
1625297
1674578
1725669
1778277
1832229
1887756
1945299
2004613
20588
21237
21903
22527
23189
23876
24636
25382
26201
26940
27786
28667
29508
30437
31342
32281
33305
34299
35385
36467
37594
38731
39962
41198
42475
43803
45129
46493
47937
49392
50918
52465
54036
55606
57329
59115
60927
62769
64754
66779
68824
70906
73065
75256
77603
79974
82350
84873
87437
90053
92792
95663
98485
101470
104477
107675
110933
114200
117601
121109
124797
128517
132474
136453
140553
144777
149131
153624
158395
163155
168096
173188
178280
183561
189188
194828
200750
206756
213023
219475
225994
232877
239886
247066
254635
262248
270153
278373
286769
295480
304341
313606
323146
333052
343161
353414
364199
375363
386826
398526
410623
423194
435985
449217
462859
477096
491409
506375
521820
537885
554432
571229
588658
606534
625011
644228
663825
684295
705052
726345
748593
771038
794414
818621
843497
868806
895388
922587
950584
979181
1008724
1039226
1070846
1103438
1136555
1170960
1206561
1242849
1280404
1319118
1359034
1400359
1442759
1486024
1531092
1577752
1625759
1675373
1725978
1778309
1832665
1888630
1946413
2005449
20814
21437
22124
22831
23524
24255
24985
25785
26592
27396
28254
29100
29946
30899
31825
32747
33738
34787
35876
36970
38054
39171
40379
41597
42861
44165
45495
46912
48342
49860
51332
52845
54465
56169
57847
59594
61394
63245
65177
67139
69171
71306
73352
75646
77951
80342
82794
85383
87928
90526
93265
96105
98963
102052
105204
108433
111708
115059
118619
122214
125954
129824
133650
137759
141831
146156
150557
155207
159951
164707
169736
174859
180098
185606
191293
197031
203030
209144
215463
221948
228650
235502
242754
250128
257796
265708
273899
282130
290689
299645
308763
318030
327740
337768
347937
358564
369389
380506
392094
404176
416275
428876
441852
455110
468830
483173
497919
512832
528378
544496
561041
578064
595780
613887
632481
651599
671243
691853
713072
734605
756767
780053
803850
828237
853520
879440
906047
933821
962296
991412
1021331
1052614
1084593
1117298
1151401
1186539
1222410
1259641
1298225
1337712
1378246
1420309
1463564
1507954
1554182
1601742
1650093
1700305
1751833
1805021
1860254
1917074
1975484
2035923
21048
21713
22400
23019
23690
24464
25248
26001
26794
27601
28400
29258
30193
31087
32060
33038
33956
35028
36121
37229
38334
39440
40654
41873
43085
44381
45737
47065
48572
50076
51565
53188
54822
56447
58219
59952
61892
63785
65758
67783
69819
71984
74105
76398
78742
81168
83640
86187
88849
91680
94376
97241
100097
103078
106317
109574
112890
116358
119940
123566
127277
131128
135169
139277
143464
147917
152504
157153
161973
166825
171972
177173
182631
188118
193865
199832
205943
212244
218612
225360
232314
239621
246935
254550
262217
270242
278436
286835
295658
304768
314066
323546
333493
343762
354249
365037
376213
387808
399619
411754
424366
437321
450685
464363
478515
493096
508218
523697
539715
556093
572778
590257
608261
626943
645779
665458
685729
706845
728407
750688
773533
797060
821399
846645
872463
899224
926461
954708
983723
1013911
1044651
1076417
1109104
1143138
1177834
1213787
1251062
1289305
1328349
1368937
1410578
1453948
1498326
1543920
1591118
1639642
1689724
1741491
1794402
1848967
1905389
1963362
2023117
20890
21520
22114
22799
23447
24144
24885
25649
26434
27213
28049
28891
29789
30668
31615
32559
33572
34601
35659
36698
37778
38953
40143
41380
42643
43913
45244
46636
48008
49516
51012
52574
54097
55699
57390
59134
61004
62814
64674
66635
68634
70674
72893
75182
77452
79821
82293
84856
87351
90046
92801
95696
98621
101636
104751
108062
111358
114806
118379
122052
125723
129627
133589
137568
141778
146071
150413
154910
159607
164510
169547
174703
179931
185447
191057
196833
202883
209011
215532
222164
228943
235913
243055
250402
257921
265823
273867
282360
290884
299775
308824
318187
327934
337582
348041
358880
370044
381467
393210
405160
417490
430250
443365
456670
470642
484962
499761
515059
530928
547038
563517
580727
598516
616628
635194
654475
674305
694930
715779
737514
759905
782892
806759
831474
856764
882902
909613
937207
965530
995157
1025464
1056699
1088891
1122223
1156177
1191501
1227510
1265240
1303620
1343573
1384536
1426843
1469904
1514964
1561188
1609030
1657818
1708630
1760701
1814425
1869612
1926988
1985754
2046438
21031
21714
22410
23132
23865
24610
25362
26181
26928
27745
28615
29481
30432
31343
32322
33382
34399
35443
36512
37638
38793
39965
41197
42397
43667
44987
46377
47784
49200
50800
52369
53995
55652
57323
59029
60789
62643
64574
66519
68599
70735
72942
75193
77478
79813
82252
84709
87283
89956
92691
95493
98366
101348
104442
107590
110830
114335
117868
121496
125358
129259
133193
137294
141416
145805
150195
154741
159449
164318
169289
174491
179776
185234
190913
196676
202609
208909
215458
221965
228659
235545
242784
250209
257899
265798
274006
282441
291026
299883
309136
318457
328146
338160
348561
359367
370269
381428
393120
404922
417320
429847
443032
456856
470647
485064
499906
515214
531067
547259
564110
581340
599196
617510
636357
655961
675849
696579
717953
739743
762383
785549
809393
833995
859540
885827
912504
940342
969232
998988
1029412
1060721
1093126
1126436
1160654
1196086
1232625
1270281
1309236
1349011
1389994
1432484
1476053
1520895
1567537
1615085
1664192
1714989
1767459
1821018
1876356
1933602
1992729
2053772
21257
21889
22588
23259
23949
24679
25418
26173
26961
27795
28650
29527
30434
31354
32328
33286
34342
35380
36374
37476
38606
39775
40994
42221
43496
44880
46153
47595
49050
50555
52097
53686
55316
57045
58786
60578
62441
64411
66359
68357
70437
72617
74842
77178
79481
81997
84494
87065
89794
92575
95367
98301
101310
104274
107466
110799
114248
117804
121405
125123
128945
132826
136888
141056
145406
149820
154359
159159
164006
168992
174149
179482
184902
190500
196226
202257
208421
214833
221373
228102
235025
242215
249511
257142
265125
273269
281671
290233
299085
308304
317723
327541
337511
347902
358329
369108
380629
392362
404241
416490
429165
442164
455587
469633
484120
498883
513966
529623
545802
562356
579479
597107
615247
634093
653313
673371
693830
714874
736592
759170
782498
806427
831013
856370
882683
909717
937557
966142
995901
1026371
1057565
1089753
1122861
1156866
1192001
1228664
1266108
1304877
1344612
1385617
1428035
1471528
1516720
1563004
1610980
1660451
1711103
1763534
1817592
1873305
1930427
1989247
2049944
21342
21937
22594
23274
23948
24683
25419
26261
27073
27954
28841
29770
30681
31675
32594
33644
34685
35717
36797
37915
39060
40214
41443
42730
44041
45376
46800
48189
49605
51133
52752
54298
55962
57652
59409
61265
63135
65101
67060
69109
71260
73369
75587
77903
80218
82639
85104
87602
90225
92913
95753
98614
101707
104820
108079
111344
114754
118223
121843
125602
129434
133497
137604
141747
146129
150536
155120
159826
164811
169958
175080
180632
186050
191725
197533
203591
209691
216011
222661
229396
236318
243519
251067
258709
266525
274744
283263
291844
300768
309927
319230
328850
338869
349169
359983
370751
382123
393803
405779
418143
431211
444502
458204
472217
486771
501526
516640
532608
548880
565444
582775
600697
618920
637640
657217
677264
698131
719306
741436
764067
787220
811274
835973
861293
887805
914765
942922
971906
1001517
1032372
1063943
1096460
1129545
1164301
1199877
1236502
1274584
1313598
1353782
1395168
1437656
1481524
1526863
1573801
1621784
1671527
1722568
1775162
1829391
1885014
1942145
2001614
20611
21212
21819
22484
23141
23831
24544
25331
26083
26822
27630
28493
29311
30215
31146
32136
33116
34161
35180
36302
37426
38620
39792
41075
42327
43652
45011
46343
47745
49234
50762
52266
53777
55427
57149
58959
60806
62679
64565
66512
68624
70808
73055
75362
77665
79969
82347
84876
87551
90200
92975
95801
98684
101740
104907
108085
111315
114657
118140
121761
125371
129279
133291
137345
141524
145825
150292
154828
159461
164295
169298
174442
179721
185054
190726
196435
202470
208630
215168
221889
228646
235611
242805
250265
258021
265846
273981
282349
290909
299823
308876
318281
328042
338277
348514
359186
370171
381523
392979
404916
417216
429913
443040
456572
470765
485303
499942
515182
530750
547006
563674
580916
598424
616938
635503
654735
674636
695235
716694
738619
761351
784469
808649
833246
858424
884559
911661
939522
968510
997970
1028396
1059763
1092358
1125683
1159779
1195253
1231771
1269309
1308095
1347958
1388847
1431496
1475777
1520805
1567220
1614912
1663971
1714847
1766839
1820954
1876326
1933555
1992612
2053309
21092
21708
22346
23046
23730
24455
25218
25968
26723
27498
28396
29292
30193
31068
32035
33017
34025
35069
36178
37338
38521
39732
40897
42150
43422
44753
46116
47492
48928
50476
52007
53570
55157
56895
58587
60368
62156
64104
66054
68145
70188
72356
