102499
105081
107702
110430
113125
116009
118965
121900
124953
128113
131326
134628
138014
141457
144962
148637
152445
156210
160216
164240
168367
172576
176971
181389
185942
190554
195475
200456
205549
210891
216295
221764
227334
233105
239050
245071
251389
257849
264243
271042
278020
285135
292346
299862
307576
315383
323334
331761
340222
348976
357835
366920
376419
385905
395906
406089
416446
427136
438150
449240
460517
472371
484484
496937
509616
522717
536184
550043
564356
579043
594088
609395
625258
641329
657955
674910
692231
709953
728311
747135
766371
786492
807025
827739
849270
871568
894324
917520
941328
965766
991028
1016581
1043024
1070340
1098073
1126584
1155933
1185992
1217235
1248920
1281556
1314963
1348850
1384020
1420566
1457806
1495947
1534995
1575134
1616038
1657963
1701215
1745817
1791261
1838125
1886388
1935663
1986454
2038709
21019
21590
22128
22705
23349
23963
24599
25264
25951
26631
27365
28093
28847
29634
30340
31139
31958
32745
33643
34540
35477
36415
37381
38394
39413
40467
41592
42751
43894
45041
46304
47550
48839
50127
51436
52747
54122
55685
57126
58603
60158
61745
63383
65077
66732
68538
70375
72273
74233
76128
78178
80268
82367
84551
86804
89164
91592
93972
96489
99018
101620
104325
107043
109959
112983
116000
119121
122275
125529
128965
132423
136085
139810
143626
147585
151611
155745
159941
164278
168681
173241
178015
182805
187794
192669
197977
203367
208971
214610
220383
226398
232366
238673
245186
251857
258627
265722
272853
280372
287881
295555
303563
311818
320444
328981
337853
347062
356581
366248
376322
386622
397124
407941
419081
430564
442305
454450
466988
479553
492605
505994
519708
533852
548445
563498
578954
594760
611421
627866
645008
662582
680759
699453
718460
738108
758216
778742
800059
822070
844776
868249
891927
916354
941824
967548
994178
1021420
1049710
1078464
1108111
1138454
1169541
1201654
1234916
1268657
1303383
1339165
1375747
1413476
1452215
1492184
1532841
1575126
1618363
1662775
1708829
1756282
1804904
1854568
1905623
1958192
2012583
20566
21144
21699
22314
22945
23541
24177
24795
25519
26192
26894
27650
28382
29162
29947
30787
31638
32539
33444
34341
35336
36347
37302
38354
39381
40473
41584
42742
43916
45190
46454
47719
48997
50308
51753
53217
54678
56196
57822
59439
61140
62846
64534
66293
68152
70048
72011
74007
76091
78209
80467
82779
85126
87439
89951
92409
95060
97891
100608
103462
106228
109177
112260
115451
118682
121984
125438
129023
132710
136432
140199
144065
148091
152176
156486
160885
165426
169919
174704
179542
184555
189743
194904
200461
206094
211922
217807
223854
230195
236752
243380
250221
257238
264402
271752
279370
287258
295276
303551
312236
321070
330201
339475
349047
358867
369068
379488
390477
401588
412778
424455
436250
448604
461481
474459
487823
501542
515738
530235
545294
560690
576468
592680
609603
626738
644561
662914
681602
700785
720632
741309
762159
783739
806107
829008
852699
877159
901985
927553
953873
980922
1008795
1037643
1067148
1097553
1128918
1161185
1194397
1228388
1263500
1299876
1336633
1374578
1413375
1453228
1494417
1537456
1581375
1626547
1673123
1720843
1769757
1820631
1872678
1926063
1980920
2037402
21099
21705
22336
22991
23592
24308
25027
25681
26392
27150
27913
28753
29552
30374
31248
32153
33072
34070
35038
36104
37106
38110
39256
40390
41559
42762
44032
45297
46598
47982
49403
50771
52250
53711
55300
56865
58484
60225
61961
63714
65487
67365
69263
71185
73245
75373
77477
79661
81955
84305
86670
89153
91671
94287
96991
99832
102688
105720
108773
111825
115113
118459
121830
125296
128912
132521
136274
140157
144101
148253
152533
156812
161480
166220
171042
175922
180956
186136
191493
197016
202693
208617
214551
220742
227107
233562
240480
247353
254543
261957
269490
277356
285546
293691
302170
310903
319899
329193
338648
348438
358616
369103
379747
390680
402057
413769
425704
438012
450786
463875
477359
491509
505760
520436
535625
551436
567544
584029
601129
618664
636794
655561
674609
694293
714489
735564
756864
778780
801294
824472
848405
873174
898431
924797
951776
979411
1007811
1037430
1067709
1098617
1130837
1163409
1197223
1232305
1268331
1305401
1343217
1382694
1422595
1464026
1506959
1550977
1596524
1643417
1691788
1741169
1791979
1844310
1898792
1954176
2011682
20813
21440
22056
22751
23397
24127
24801
25567
26299
27091
27873
28691
29525
30413
31306
32266
33202
34125
35124
36202
37170
38279
39399
40552
41796
43004
44312
45603
46893
48257
49731
51113
52586
54137
55679
57319
59050
60808
62546
64286
66129
68104
70109
72219
74317
76490
78816
81079
83515
86060
88527
91204
93920
96764
99716
102702
105565
108588
111661
115033
118409
121901
125452
129091
132847
136730
140753
145029
149276
153607
158343
163141
167956
172860
177999
183306
188665
194290
200088
206104
212214
218452
224943
231669
238498
245565
252784
260294
267988
275871
284109
292684
301357
310233
319323
328815
338465
348589
358951
369812
380773
392058
403966
416059
428285
440783
453779
467273
481212
495551
510140
525332
540921
556967
573394
590592
608282
626367
645191
664372
683965
704570
725476
746955
769206
792027
815582
840068
865290
891237
917791
945196
973321
1002514
1032585
1063802
1095294
1127951
1161825
1196392
1232306
1269311
1307078
1345929
1386391
1427595
1470350
1514535
1560084
1606725
1654968
1704758
1755753
1808292
1862510
1918391
1975426
2034841
20889
21485
22101
22756
23410
24133
24829
25565
26336
27093
27871
28752
29716
30570
31488
32434
33419
34429
35512
36590
37658
38798
39997
41220
42511
43846
45152
46535
47929
49318
50824
52353
53938
55535
57202
58907
60663
62484
64372
66237
68210
70273
72382
74633
76844
79159
81533
84038
86553
89152
91794
94579
97498
100477
103588
106731
109974
113270
116682
120190
123786
127490
131458
135542
139674
143836
148158
152594
157209
162107
167012
171966
177254
182680
188163
193895
199859
205864
212042
218509
225277
232111
239279
246571
253943
261786
269795
277965
286451
295241
304374
313508
322941
332761
342888
353356
364233
375250
386718
398425
410485
422943
435938
449287
463026
477129
491670
506711
521945
537903
554478
571429
588913
606866
625259
644340
664012
683959
704842
726354
748419
771040
794845
819152
843920
870047
896768
923925
952447
981778
1011687
1042392
1074493
1106903
1140432
1175478
1211196
1248379
1286660
1325996
1366457
1408274
1450843
1494728
1540421
1587280
1635927
1685924
1737513
1790876
1845468
1902085
1960565
2020452
21140
21781
22414
23050
23809
24502
25275
26063
26841
27688
28516
29352
30272
31195
32163
33179
34242
35322
36432
37578
38782
39941
41208
42494
43773
45103
46432
47838
49323
50812
52408
54048
55708
57419
59120
60928
62836
64796
66871
68953
71072
73208
75482
77802
80146
82652
85244
87797
90555
93366
96281
99236
102369
105553
108797
112175
115530
119047
122676
126456
130423
134400
138527
142895
147376
151918
156651
161407
166416
171578
176871
182320
187966
193794
199832
205974
212456
219148
225953
232881
240075
247526
255116
263001
271095
279510
288337
297256
306496
315959
325716
335766
346040
356744
368023
379448
391270
403339
415788
428758
442157
455798
469976
484552
499699
515021
531082
547590
564630
581883
599983
618858
637994
657918
678472
699460
721020
743186
766173
789711
814171
839421
865479
892461
920243
949012
978421
1008981
1040490
1073091
1106593
1141011
1176856
1213337
1251207
1290293
1330808
1372508
1415503
1459581
1505094
1551852
1600132
1649989
1701276
1754688
1809231
1865675
1923823
1983711
2045653
21157
21754
22483
23190
23922
24660
25449
26233
26971
27805
28656
29546
30437
31361
32325
33365
34466
35502
36619
37774
38962
40205
41520
42861
44174
45527
46913
48376
49865
51419
53130
54777
56435
58162
59968
61888
63827
65821
67884
70008
72247
74532
76813
79204
81630
84155
86792
89506
92357
95295
98284
101397
104576
107815
111303
114729
118430
122171
126029
129946
134011
138154
142507
146955
151603
156414
161349
166471
171672
177155
182670
188389
194264
200348
206644
213053
219701
226608
233678
240998
248790
256520
264641
272932
281448
290205
299376
308737
318439
328565
338875
349515
360425
371625
383529
395564
407904
420768
433796
447550
461721
476400
491405
506782
522899
539372
556557
574092
592204
610957
630247
650045
670444
691816
713479
736036
759343
783557
808367
833752
859965
887041
915315
944368
974007
1004723
1036312
1069037
1102986
1137516
1173172
1209943
1247783
1287136
1327476
1369097
1412388
1457052
1503159
1550814
1600065
1650848
1702810
1756382
1811784
1869050
1928422
1989553
2052750
21365
21998
22669
23373
24075
24861
25665
26514
27417
28301
29182
30113
31056
31975
32988
34017
35085
36152
37316
38511
39719
40999
42293
43619
45060
46494
48005
49547
51107
52742
54457
56235
58046
59870
61754
63711
65713
67840
69986
72223
74472
76906
79394
81977
84549
87136
89821
92629
95640
98669
101818
105093
108430
111881
115414
119142
122864
126738
130783
134888
139337
143751
148353
153017
157828
162888
168031
173375
178870
184486
190238
196306
202402
209001
215494
222277
229427
236701
244404
252137
260158
268522
277026
285947
295055
304423
314156
324248
334560
345140
356195
367251
379134
391120
403673
416456
429857
443439
457547
472160
487134
502670
518722
535112
552020
569722
587878
606441
625831
645500
665936
687272
709170
731627
754904
779101
804330
829640
856046
883284
911591
940513
970379
1001334
1033472
1066342
1100185
1135211
1171497
1208559
1247071
1287037
1328259
1370268
1413703
1459349
1505821
1553697
1603122
1654521
1707429
1762374
1818545
1876675
1937277
1998981
2062507
21203
21859
22561
23291
24068
24818
25624
26439
27256
28128
29002
29929
30843
31818
32839
33880
34880
36102
37270
38463
39651
40977
42294
43688
45045
46477
47922
49490
51052
52666
54450
56177
57998
59866
61793
63687
65766
67885
70055
72370
74637
77008
79330
81831
84399
87015
89819
92672
95610
98711
101858
105138
108467
111977
115585
119268
123033
127084
131092
135297
139625
144137
148733
153482
158381
163534
168745
174161
179676
185567
191572
197665
203859
210360
217002
224000
231341
238724
246364
254346
262491
270807
279496
288637
297773
307392
317187
327330
337674
348362
359647
371163
383169
395453
408077
421002
434613
448611
462971
477869
493083
508879
525198
542036
559510
577362
595960
614962
634627
654950
675838
697558
719994
743214
766960
791691
817200
843730
871011
899097
928126
957869
988797
1020591
1053372
1087429
1122500
1158515
1195625
1233911
1273566
1314369
1356689
1400377
1445099
1491753
1539764
1589413
1640306
1692656
1746888
1803045
1861487
1921164
1982727
2046271
21406
22089
22831
23540
24308
25121
25867
26641
27498
28398
29356
30282
31212
32175
33189
34262
35384
36547
37689
38853
40117
41403
42733
44104
45458
46920
48419
49930
51594
53209
54932
56733
58583
60410
62370
64434
66463
68706
70976
73320
75607
77912
80358
82892
85721
88555
91460
94378
97440
100561
103825
107132
110561
114123
117908
121560
125382
129399
133528
137718
142261
146754
151450
156323
161267
166479
171902
177349
182913
188840
194892
201177
207782
214571
221397
228575
236064
243645
251537
259558
267831
276476
285343
294413
303778
313528
323648
334075
344945
355905
367329
379113
391185
403531
416642
430242
444066
458206
472891
488222
503923
520435
537297
554499
572276
590750
609677
629432
649774
670796
692525
714725
737349
761245
785434
810924
836945
863742
891466
920127
949838
980575
1012181
1044562
1078016
1112758
1148549
1185554
1223809
1263469
1304390
1346568
1390367
1435246
1481347
1529160
1578533
1629293
1681420
1735541
1791641
1849640
1909072
1970527
2033496
20925
21607
22321
23069
23826
24597
25349
26144
26936
27821
28687
29617
30561
31546
32520
33608
34726
35835
37021
38188
39429
40728
42060
43443
44973
46467
47947
49512
51081
52664
54373
56051
57803
59670
61611
63641
65745
67810
70029
72334
74610
77087
79563
82152
84853
87705
90476
93362
96312
99383
102643
106053
109550
113190
116889
120700
124505
128526
132677
137001
141525
145943
150656
155497
160508
165649
171020
176605
182189
187931
193933
200072
206500
213118
220144
227383
234680
242237
249976
257962
266455
275099
283901
293081
302548
312415
322488
332846
343519
354607
366022
377736
389911
402665
415549
428921
442455
456772
471587
486904
502527
518661
535410
552768
570685
589233
608052
627717
648170
668906
690708
712716
735806
759546
784075
809478
835498
862692
890406
918978
948682
979243
1010741
1043181
1076914
1112024
1147972
1185050
1223348
1262738
1303840
1345998
1389574
1434536
1480883
1528799
1578181
1628951
1681534
1735809
1792098
1850022
1910046
1971560
2035266
21318
22025
22741
23405
24152
24929
25718
26516
27366
28293
29241
30211
31201
32197
33188
34267
35373
36536
37759
38997
40256
41547
42856
44224
45589
47074
48547
50151
51724
53360
55100
56894
58664
60524
62360
64439
66562
68792
71051
73415
75835
78228
80805
83448
86150
89070
92008
95041
98144
101235
104490
107789
111257
114817
118560
122326
126280
130272
134507
138827
143399
147993
152839
157768
162785
168091
173531
179093
184866
190792
196810
203095
209611
216356
223330
230573
237947
245634
253534
261582
269990
278831
287862
297205
306913
316918
327193
337563
348388
359585
371278
383449
395960
408859
422044
435572
449768
464199
479280
494703
510569
527222
544336
562091
580066
598933
618245
638428
658944
680213
702583
725268
748796
772914
797661
823327
850205
877557
906038
935212
965228
996467
1028675
1062107
1096718
1132165
1168888
1206788
1245672
1285887
1327185
1370092
1414593
1460485
1508026
1556446
1606849
1658883
1712205
1767856
1824769
1884237
1945032
2008000
20741
21397
22144
22910
23677
24488
25275
26102
26970
27839
28706
29606
30520
31515
32538
33644
34794
35957
37156
38358
39621
40900
42237
43590
44994
46452
47880
49454
51027
52633
54340
56121
57953
59797
61764
63814
65875
67948
70139
72459
74801
77204
79615
82226
84849
87632
90405
93345
96378
99525
102758
106016
109386
112957
116539
120434
124375
128435
132515
136768
141201
145783
150479
155360
160342
165560
170961
176624
182285
188064
194249
200464
206788
213425
220301
227552
234909
242423
250246
258341
266686
275252
284074
293411
302748
312495
322555
333009
343706
354613
366180
378239
390487
402949
415884
429150
442893
457278
472037
487284
503398
519673
536468
553935
572022
590634
609777
629496
649992
671254
692949
715230
738524
762506
786983
812541
838927
865884
893926
922967
952711
983425
1015287
1048007
1082027
1117242
1153038
1190276
1228869
1268584
1309688
1352217
1396021
1441323
1488002
1536276
1585725
1637186
1689923
1744588
1801577
1859728
1919915
1981622
2045553
21294
21992
22665
23373
24139
24933
25732
26556
27392
28267
29167
30126
31144
32173
33211
34268
35426
36566
37796
39014
40285
41557
42902
44208
45642
47179
48745
50329
51977
53672
55362
57132
58862
60813
62794
64862
67004
69271
71486
73717
76185
78636
81231
83835
86479
89361
92305
95196
98325
101543
104918
108270
111722
115356
119173
123089
127032
131149
135398
139798
144294
148933
153715
158700
163758
169094
174643
180249
186128
192207
198523
205010
211636
218503
225544
232781
240354
248216
256222
264467
273201
282169
291338
300722
310362
320630
330869
341564
352599
364020
375720
387936
400466
413286
426561
440174
454597
469381
484508
499991
516313
533071
550497
568566
586869
606104
625683
646047
667090
688994
711142
734374
758402
782788
808302
834341
861349
889411
918542
948230
978810
1010424
1043057
1076902
1111568
1148173
1185202
1223603
1263520
1304246
1346582
1390157
1434991
1481810
1529900
1579157
1630511
1683689
1738393
1794237
1852385
1912336
1973946
2037852
21244
21937
22628
23377
24178
24932
25770
26591
27453
28354
29275
30211
31145
32150
33184
34307
35388
36524
37664
38860
40127
41462
42858
44301
45787
47261
48711
50285
51947
53657
55402
57254
59118
61053
62973
64977
67149
69325
71544
73939
76376
78793
81308
83925
86633
89478
92317
95355
98484
101775
105049
108338
111873
115451
119170
122925
126881
130947
135254
139696
144127
148854
153644
158660
163849
169163
174675
180398
186296
192355
198404
204817
211473
218382
225569
232859
240399
248175
256325
264659
273198
282064
291139
300548
310302
320320
330713
341469
352405
363660
375530
387802
400356
413385
426933
440517
454763
469470
484619
500219
516483
533254
550714
568950
587553
606399
625912
646074
667105
688952
711059
734121
757888
782583
807924
834206
861334
889382
918244
948144
978554
1010082
1042844
1076717
1111653
1147605
1184651
1223094
1262608
1303432
1345820
1389678
1434504
1481022
1528867
1578229
1629581
1682284
1736935
1793072
1851250
1910974
1972844
2036932
21127
21807
22486
23246
23993
24782
25560
26356
27200
28139
29028
29958
30984
31987
32962
34011
35041
36177
37364
38554
39853
41154
42468
43833
45240
46740
48255
49826
51483
53162
54875
56785
58642
60551
62573
64509
66501
68716
70902
73146
75544
77971
80544
83128
85766
88473
91358
94322
97487
100657
103978
107393
111023
114597
118355
122283
126232
130423
134624
138990
143531
148143
152973
157921
163024
168386
173829
179572
185359
191468
197611
204102
210678
217584
224534
231680
239290
246835
254752
263044
271532
280269
289435
298830
308570
318750
329160
339781
350739
362220
373938
385854
398313
411085
424375
438163
452340
466957
482014
497560
513917
530576
547703
565439
583803
602701
622401
642596
663801
685283
707295
730315
754097
778572
803824
829847
856572
884741
913446
943250
973819
1005229
1037913
1071797
1106736
1142486
1179491
1217635
1257133
1298020
1340033
1383747
1428657
1474946
1522795
1572634
1623366
1675434
1729890
1786079
1843781
1903504
1965410
2028933
20830
21504
22183
22845
23561
24319
25049
25842
26633
27544
28446
29353
30329
31306
32302
33350
34429
35522
36688
37872
39048
40322
41596
42946
44294
45672
47164
48712
50342
52038
53722
55475
57264
59099
61033
63016
65071
67207
69404
71600
74017
76449
78908
81392
83973
86772
89655
92544
95546
98630
101842
105115
108499
112105
115680
119409
123376
127398
131463
135742
140199
144775
149503
154330
159460
164687
170061
175726
181498
187398
193474
199899
206366
213102
219947
227127
234399
241869
249805
257869
266405
275071
284111
293311
302891
312780
322922
333394
344171
355285
366463
378304
390624
403445
416476
429926
443839
458256
473100
488386
504126
520363
537187
554527
572631
591087
610298
630165
650536
671456
693288
715756
738937
762902
787481
812567
838904
866290
894540
923534
953559
985026
1017175
1049758
1083860
1119214
1155494
1193226
1232247
1272251
1313474
1356048
1400113
1445569
1492104
1540499
1590150
1641762
1695147
1750001
1806720
1865265
1925865
1988118
2052475
21261
21971
22683
23378
24152
24924
25660
26500
27380
28297
29176
30173
31149
32165
33266
34292
35452
36543
37690
38864
40113
41403
42729
44063
45518
46981
48518
50122
51781
53485
55256
56997
58954
60881
62853
64874
67003
69230
71442
73686
76042
78473
81060
83691
86343
89121
91991
95056
98082
101215
104616
107939
111330
114961
118677
122441
126288
130511
134846
139194
143732
148329
153034
158008
162960
168222
173591
179099
184844
190754
196947
203405
210045
216778
223875
231126
238539
246448
254371
262650
271273
279949
288977
298456
308108
318163
328396
338979
349983
361250
372850
385102
397613
410456
423767
437560
451823
466572
481716
497384
513491
530345
547565
565443
583509
602550
622084
642358
663218
684578
706799
729886
753431
777800
803265
829386
856430
884147
912600
942309
972895
1004456
1036852
1070234
1104906
1141004
1177870
1216534
1255804
1296933
1338698
1382383
1427100
1473494
1521161
1570923
1622467
1675813
1730430
1786736
1844885
1904359
1965616
2029405
21015
21711
22352
23127
23867
24619
25390
26254
27086
27937
28849
29835
30816
31843
32885
33944
35074
36187
37370
38560
39836
41111
42523
43903
45276
46692
48198
49747
51298
52938
54648
56426
58245
60099
62009
64033
66043
68181
70389
72663
75018
77471
79998
82589
85330
88128
91035
93982
97078
100185
103436
106793
110281
113859
117599
121444
125449
129491
133658
137991
142549
147276
152130
157090
162084
167272
172666
178225
184014
189905
196051
202273
208887
215636
222675
229926
237558
245301
253221
261437
269907
278718
287829
297217
306817
316642
326854
337500
348228
359662
371321
383308
395692
408521
421847
435418
449650
464245
479346
494908
510980
527676
544533
562225
580571
599436
618983
639239
659935
681146
703377
726265
750134
774612
799796
825779
852543
880078
908727
938313
968998
1000446
1032763
1066020
1100704
1136388
1173128
1211225
1250410
1290809
1332967
1376016
1420985
1467560
1515432
1564892
1615365
1668211
1722396
1778511
1835954
1895502
1957129
2020402
20703
21361
22065
22774
23491
24281
25058
25866
26700
27521
28468
29380
30346
31301
32348
33379
34517
35603
36833
38052
39231
40503
41818
43208
44602
46027
47457
49020
50511
52068
53823
55515
