2,2,2,2,2,2,2,2,2,2,2,2,2,2,2,2,2,2,2,2,2,2,-0.012920760492759
2,2,2,2,2,2,2,2,2,2,2,2,2,2,2,2,3,2,2,3,2,2,-0.00478567918004097
2,2,2,1,2,2,2,2,2,2,2,2,2,2,2,2,2,2,1,2,2,2,-0.0740306117321222
2,1,2,2,2,2,2,2,2,2,2,2,2,2,2,2,2,2,2,2,2,2,0.00156350051957503
2,2,2,2,2,2,2,2,2,2,2,2,2,2,2,2,2,2,2,2,2,1,-0.0235462763830481
2,2,2,2,2,2,2,2,2,2,2,2,2,2,2,2,2,2,2,3,2,2,-0.00943983697771474
2,2,2,1,2,2,2,2,2,2,2,2,2,2,2,2,2,2,2,2,2,2,-0.0118615002491363
2,2,2,2,2,2,2,2,2,2,2,2,3,2,2,2,2,2,2,2,2,1,0.00205561127053298
2,2,2,2,2,3,2,2,2,2,2,2,2,3,2,2,3,2,2,3,2,2,0.0129601874260698
2,2,2,2,2,3,3,2,2,2,2,2,3,2,2,2,2,2,2,3,2,2,-0.0132164300262072
2,1,2,2,2,2,2,2,2,2,2,2,2,2,2,2,2,2,2,2,2,1,0.000191860460586739
2,2,2,2,2,2,2,2,2,2,2,2,2,2,2,2,2,1,2,2,2,2,0.00679799562746128
4,4,4,4,4,4,4,4,4,4,4,4,4,4,4,4,4,4,4,4,4,4,-0.0281729522547058
2,2,2,2,2,2,2,2,2,2,2,2,2,2,2,2,3,2,2,2,2,2,0.0132850741947615
2,2,2,2,2,2,2,2,2,2,2,2,2,2,2,2,4,2,2,3,2,2,-0.00890753375458172
3,3,3,3,3,3,3,3,3,3,3,3,3,3,3,3,3,3,3,3,3,3,0.0143417489959095
2,2,2,2,2,2,2,2,2,2,2,2,2,2,2,2,3,2,2,3,2,1,-0.0129709249373
1,2,2,2,2,2,2,2,2,2,2,2,2,2,2,2,2,2,2,2,2,2,0.00504867119499869
3,2,2,2,2,2,2,2,2,2,2,2,2,2,2,2,2,2,2,2,2,2,0.0138992813521507
2,3,2,2,2,2,2,2,2,2,2,2,2,2,2,2,2,2,2,2,2,2,-0.0350302452434123
2,2,1,2,2,2,2,2,2,2,2,2,2,2,2,2,2,2,2,2,2,2,0.01828899027686
2,2,3,2,2,2,2,2,2,2,2,2,2,2,2,2,2,2,2,2,2,2,-0.0248554685986078
2,2,2,3,2,2,2,2,2,2,2,2,2,2,2,2,2,2,2,2,2,2,-0.0163753304657633
2,2,2,2,1,2,2,2,2,2,2,2,2,2,2,2,2,2,2,2,2,2,0.00716705268479557
2,2,2,2,3,2,2,2,2,2,2,2,2,2,2,2,2,2,2,2,2,2,0.0268364725512784
2,2,2,2,2,1,2,2,2,2,2,2,2,2,2,2,2,2,2,2,2,2,0.0297395639739322
2,2,2,2,2,3,2,2,2,2,2,2,2,2,2,2,2,2,2,2,2,2,-0.0177521755237929
2,2,2,2,2,2,1,2,2,2,2,2,2,2,2,2,2,2,2,2,2,2,-0.00200347836100496
2,2,2,2,2,2,3,2,2,2,2,2,2,2,2,2,2,2,2,2,2,2,-0.0296392221453274
2,2,2,2,2,2,2,1,2,2,2,2,2,2,2,2,2,2,2,2,2,2,-0.0100353324965996
2,2,2,2,2,2,2,3,2,2,2,2,2,2,2,2,2,2,2,2,2,2,0.0195788672618308
2,2,2,2,2,2,2,2,1,2,2,2,2,2,2,2,2,2,2,2,2,2,0.0346891438737303
2,2,2,2,2,2,2,2,3,2,2,2,2,2,2,2,2,2,2,2,2,2,0.00254641033868635
2,2,2,2,2,2,2,2,2,1,2,2,2,2,2,2,2,2,2,2,2,2,0.0182409277075023
2,2,2,2,2,2,2,2,2,3,2,2,2,2,2,2,2,2,2,2,2,2,0.0143131298351249
2,2,2,2,2,2,2,2,2,2,1,2,2,2,2,2,2,2,2,2,2,2,0.00917260759455763
2,2,2,2,2,2,2,2,2,2,3,2,2,2,2,2,2,2,2,2,2,2,0.0244594343072461
2,2,2,2,2,2,2,2,2,2,2,1,2,2,2,2,2,2,2,2,2,2,-0.0163275397643236
2,2,2,2,2,2,2,2,2,2,2,3,2,2,2,2,2,2,2,2,2,2,0.0000537748115151592
2,2,2,2,2,2,2,2,2,2,2,2,1,2,2,2,2,2,2,2,2,2,0.0293380627406454
2,2,2,2,2,2,2,2,2,2,2,2,3,2,2,2,2,2,2,2,2,2,0.00997844352035038
2,2,2,2,2,2,2,2,2,2,2,2,2,1,2,2,2,2,2,2,2,2,0.0159128174925063
2,2,2,2,2,2,2,2,2,2,2,2,2,3,2,2,2,2,2,2,2,2,0.01458865860605
2,2,2,2,2,2,2,2,2,2,2,2,2,2,1,2,2,2,2,2,2,2,0.00427222107578824
2,2,2,2,2,2,2,2,2,2,2,2,2,2,3,2,2,2,2,2,2,2,-0.0279199657941988
2,2,2,2,2,2,2,2,2,2,2,2,2,2,2,1,2,2,2,2,2,2,0.00319880905112851
2,2,2,2,2,2,2,2,2,2,2,2,2,2,2,3,2,2,2,2,2,2,-0.0104122533566731
2,2,2,2,2,2,2,2,2,2,2,2,2,2,2,2,1,2,2,2,2,2,-0.00536671260480248
2,2,2,2,2,2,2,2,2,2,2,2,2,2,2,2,2,3,2,2,2,2,-0.0144460271194616
2,2,2,2,2,2,2,2,2,2,2,2,2,2,2,2,2,2,1,2,2,2,0.000990463216643054
2,2,2,2,2,2,2,2,2,2,2,2,2,2,2,2,2,2,3,2,2,2,-0.0232483973564445
2,2,2,2,2,2,2,2,2,2,2,2,2,2,2,2,2,2,2,1,2,2,-0.0119461418915033
2,2,2,2,2,2,2,2,2,2,2,2,2,2,2,2,2,2,2,2,1,2,0.025526600563064
2,2,2,2,2,2,2,2,2,2,2,2,2,2,2,2,2,2,2,2,3,2,0.0132001560733664
2,2,2,2,2,2,2,2,2,2,2,2,2,2,2,2,2,2,2,2,2,3,-0.0212202783957728
1,2,2,2,2,2,2,2,2,2,2,2,2,2,2,2,3,2,2,3,2,2,0.00949291987062284
3,2,2,2,2,2,2,2,2,2,2,2,2,2,2,2,3,2,2,3,2,2,-0.0174418381950364
2,1,2,2,2,2,2,2,2,2,2,2,2,2,2,2,3,2,2,3,2,2,0.0284127867694482
2,3,2,2,2,2,2,2,2,2,2,2,2,2,2,2,3,2,2,3,2,2,0.0078267820861268
2,2,1,2,2,2,2,2,2,2,2,2,2,2,2,2,3,2,2,3,2,2,-0.000863592940145634
2,2,3,2,2,2,2,2,2,2,2,2,2,2,2,2,3,2,2,3,2,2,-0.0116173719345369
2,2,2,1,2,2,2,2,2,2,2,2,2,2,2,2,3,2,2,3,2,2,0.0173702709478414
2,2,2,3,2,2,2,2,2,2,2,2,2,2,2,2,3,2,2,3,2,2,-0.00834379271953863
2,2,2,2,1,2,2,2,2,2,2,2,2,2,2,2,3,2,2,3,2,2,-0.00807962306319504
2,2,2,2,3,2,2,2,2,2,2,2,2,2,2,2,3,2,2,3,2,2,-0.00798657570372933
2,2,2,2,2,1,2,2,2,2,2,2,2,2,2,2,3,2,2,3,2,2,0.0130655199013845
2,2,2,2,2,3,2,2,2,2,2,2,2,2,2,2,3,2,2,3,2,2,-0.0172431760573408
2,2,2,2,2,2,1,2,2,2,2,2,2,2,2,2,3,2,2,3,2,2,0.00646924949774732
2,2,2,2,2,2,3,2,2,2,2,2,2,2,2,2,3,2,2,3,2,2,-0.0188869789401634
2,2,2,2,2,2,2,1,2,2,2,2,2,2,2,2,3,2,2,3,2,2,0.00948464374722311
2,2,2,2,2,2,2,3,2,2,2,2,2,2,2,2,3,2,2,3,2,2,0.0224637023143664
2,2,2,2,2,2,2,2,1,2,2,2,2,2,2,2,3,2,2,3,2,2,-0.00303594550351301
2,2,2,2,2,2,2,2,3,2,2,2,2,2,2,2,3,2,2,3,2,2,-0.0122980004215743
2,2,2,2,2,2,2,2,2,1,2,2,2,2,2,2,3,2,2,3,2,2,-0.0166865967213955
2,2,2,2,2,2,2,2,2,3,2,2,2,2,2,2,3,2,2,3,2,2,-0.00759738038403562
2,2,2,2,2,2,2,2,2,2,1,2,2,2,2,2,3,2,2,3,2,2,-0.0126752362930391
2,2,2,2,2,2,2,2,2,2,3,2,2,2,2,2,3,2,2,3,2,2,-0.0134271548544188
2,2,2,2,2,2,2,2,2,2,2,1,2,2,2,2,3,2,2,3,2,2,0.0152810762945168
2,2,2,2,2,2,2,2,2,2,2,3,2,2,2,2,3,2,2,3,2,2,-0.0106884805147183
2,2,2,2,2,2,2,2,2,2,2,2,1,2,2,2,3,2,2,3,2,2,0.00492275395348761
2,2,2,2,2,2,2,2,2,2,2,2,3,2,2,2,3,2,2,3,2,2,0.0399639087727549
2,2,2,2,2,2,2,2,2,2,2,2,2,1,2,2,3,2,2,3,2,2,0.00025288324970312
2,2,2,2,2,2,2,2,2,2,2,2,2,3,2,2,3,2,2,3,2,2,-0.00136448616830743
2,2,2,2,2,2,2,2,2,2,2,2,2,2,1,2,3,2,2,3,2,2,-0.00257986622778071
2,2,2,2,2,2,2,2,2,2,2,2,2,2,3,2,3,2,2,3,2,2,-0.00999873349832341
2,2,2,2,2,2,2,2,2,2,2,2,2,2,2,1,3,2,2,3,2,2,-0.0120872201424452
2,2,2,2,2,2,2,2,2,2,2,2,2,2,2,3,3,2,2,3,2,2,0.0159842245306827
2,2,2,2,2,2,2,2,2,2,2,2,2,2,2,2,3,1,2,3,2,2,0.0398563203833591
2,2,2,2,2,2,2,2,2,2,2,2,2,2,2,2,3,3,2,3,2,2,-0.00760744147391523
2,2,2,2,2,2,2,2,2,2,2,2,2,2,2,2,3,2,1,3,2,2,0.0162003801452855
2,2,2,2,2,2,2,2,2,2,2,2,2,2,2,2,3,2,3,3,2,2,0.00135916588815044
2,2,2,2,2,2,2,2,2,2,2,2,2,2,2,2,3,2,2,4,2,2,-0.00684957839792609
2,2,2,2,2,2,2,2,2,2,2,2,2,2,2,2,3,2,2,3,1,2,0.00685134917153289
2,2,2,2,2,2,2,2,2,2,2,2,2,2,2,2,3,2,2,3,3,2,-0.0115144470900643
2,2,2,2,2,2,2,2,2,2,2,2,2,2,2,2,3,2,2,3,2,3,0.0147477930334914
1,2,2,1,2,2,2,2,2,2,2,2,2,2,2,2,2,2,1,2,2,2,-0.003565187737126
3,2,2,1,2,2,2,2,2,2,2,2,2,2,2,2,2,2,1,2,2,2,0.00868774689792339
2,1,2,1,2,2,2,2,2,2,2,2,2,2,2,2,2,2,1,2,2,2,0.0785818882896482
2,3,2,1,2,2,2,2,2,2,2,2,2,2,2,2,2,2,1,2,2,2,0.0019245708828089
2,2,1,1,2,2,2,2,2,2,2,2,2,2,2,2,2,2,1,2,2,2,0.00775592612545744
2,2,3,1,2,2,2,2,2,2,2,2,2,2,2,2,2,2,1,2,2,2,0.00423373381171057
2,2,2,1,1,2,2,2,2,2,2,2,2,2,2,2,2,2,1,2,2,2,0.0148521449264026
2,2,2,1,3,2,2,2,2,2,2,2,2,2,2,2,2,2,1,2,2,2,0.0083600428650252
2,2,2,1,2,1,2,2,2,2,2,2,2,2,2,2,2,2,1,2,2,2,0.0421219145005854
2,2,2,1,2,3,2,2,2,2,2,2,2,2,2,2,2,2,1,2,2,2,0.0296221776433569
2,2,2,1,2,2,1,2,2,2,2,2,2,2,2,2,2,2,1,2,2,2,-0.00358817601311866
2,2,2,1,2,2,3,2,2,2,2,2,2,2,2,2,2,2,1,2,2,2,0.00207972200428645
2,2,2,1,2,2,2,1,2,2,2,2,2,2,2,2,2,2,1,2,2,2,0.00241428028333347
2,2,2,1,2,2,2,3,2,2,2,2,2,2,2,2,2,2,1,2,2,2,0.00667062434807119
2,2,2,1,2,2,2,2,1,2,2,2,2,2,2,2,2,2,1,2,2,2,0.0548661382891819
2,2,2,1,2,2,2,2,3,2,2,2,2,2,2,2,2,2,1,2,2,2,0.007071108438797
2,2,2,1,2,2,2,2,2,1,2,2,2,2,2,2,2,2,1,2,2,2,0.00913128770872499
2,2,2,1,2,2,2,2,2,3,2,2,2,2,2,2,2,2,1,2,2,2,0.00990683567683566
2,2,2,1,2,2,2,2,2,2,1,2,2,2,2,2,2,2,1,2,2,2,0.0396744848008788
2,2,2,1,2,2,2,2,2,2,3,2,2,2,2,2,2,2,1,2,2,2,0.00287423701621195
2,2,2,1,2,2,2,2,2,2,2,1,2,2,2,2,2,2,1,2,2,2,0.0247539552792685
2,2,2,1,2,2,2,2,2,2,2,3,2,2,2,2,2,2,1,2,2,2,0.0111045003293634
2,2,2,1,2,2,2,2,2,2,2,2,1,2,2,2,2,2,1,2,2,2,-0.0023303570955352
2,2,2,1,2,2,2,2,2,2,2,2,3,2,2,2,2,2,1,2,2,2,0.000602495012697997
2,2,2,1,2,2,2,2,2,2,2,2,2,1,2,2,2,2,1,2,2,2,-0.00797321411024363
2,2,2,1,2,2,2,2,2,2,2,2,2,3,2,2,2,2,1,2,2,2,-0.000369461915630902
2,2,2,1,2,2,2,2,2,2,2,2,2,2,1,2,2,2,1,2,2,2,0.0491361263350399
2,2,2,1,2,2,2,2,2,2,2,2,2,2,3,2,2,2,1,2,2,2,0.0193101203791374
2,2,2,1,2,2,2,2,2,2,2,2,2,2,2,1,2,2,1,2,2,2,-0.00414885096502243
2,2,2,1,2,2,2,2,2,2,2,2,2,2,2,3,2,2,1,2,2,2,0.00251134544688964
2,2,2,1,2,2,2,2,2,2,2,2,2,2,2,2,1,2,1,2,2,2,-0.010544125710262
2,2,2,1,2,2,2,2,2,2,2,2,2,2,2,2,3,2,1,2,2,2,0.0119370411153746
2,2,2,1,2,2,2,2,2,2,2,2,2,2,2,2,2,1,1,2,2,2,0.0207242376818816
2,2,2,1,2,2,2,2,2,2,2,2,2,2,2,2,2,3,1,2,2,2,0.0242802108423892
2,2,2,1,2,2,2,2,2,2,2,2,2,2,2,2,2,2,1,1,2,2,0.0238360842747338
2,2,2,1,2,2,2,2,2,2,2,2,2,2,2,2,2,2,1,3,2,2,0.000107264408059098
2,2,2,1,2,2,2,2,2,2,2,2,2,2,2,2,2,2,1,2,1,2,0.0158166519111705
2,2,2,1,2,2,2,2,2,2,2,2,2,2,2,2,2,2,1,2,3,2,0.051296164443634
2,2,2,1,2,2,2,2,2,2,2,2,2,2,2,2,2,2,1,2,2,1,0.0721262235481328
2,2,2,1,2,2,2,2,2,2,2,2,2,2,2,2,2,2,1,2,2,3,0.0205637787657658
1,1,2,2,2,2,2,2,2,2,2,2,2,2,2,2,2,2,2,2,2,2,0.000236002664057711
3,1,2,2,2,2,2,2,2,2,2,2,2,2,2,2,2,2,2,2,2,2,-0.0147039537270565
2,1,1,2,2,2,2,2,2,2,2,2,2,2,2,2,2,2,2,2,2,2,-0.0168713907822237
2,1,3,2,2,2,2,2,2,2,2,2,2,2,2,2,2,2,2,2,2,2,-0.00801859654556035
2,1,2,1,2,2,2,2,2,2,2,2,2,2,2,2,2,2,2,2,2,2,-0.0000616318464596277
2,1,2,3,2,2,2,2,2,2,2,2,2,2,2,2,2,2,2,2,2,2,0.0023774271405718
2,1,2,2,1,2,2,2,2,2,2,2,2,2,2,2,2,2,2,2,2,2,-0.0127513212776246
2,1,2,2,3,2,2,2,2,2,2,2,2,2,2,2,2,2,2,2,2,2,-0.0229468653778391
2,1,2,2,2,1,2,2,2,2,2,2,2,2,2,2,2,2,2,2,2,2,-0.0189421082290836
2,1,2,2,2,3,2,2,2,2,2,2,2,2,2,2,2,2,2,2,2,2,0.00326214075841185
2,1,2,2,2,2,1,2,2,2,2,2,2,2,2,2,2,2,2,2,2,2,-0.013919449202174
2,1,2,2,2,2,3,2,2,2,2,2,2,2,2,2,2,2,2,2,2,2,-0.00985811653427828
2,1,2,2,2,2,2,1,2,2,2,2,2,2,2,2,2,2,2,2,2,2,-0.00942284085076533
2,1,2,2,2,2,2,3,2,2,2,2,2,2,2,2,2,2,2,2,2,2,-0.00284047463223346
2,1,2,2,2,2,2,2,1,2,2,2,2,2,2,2,2,2,2,2,2,2,-0.00319873621877577
2,1,2,2,2,2,2,2,3,2,2,2,2,2,2,2,2,2,2,2,2,2,0.00512378636637826
2,1,2,2,2,2,2,2,2,1,2,2,2,2,2,2,2,2,2,2,2,2,-0.0151734769522899
2,1,2,2,2,2,2,2,2,3,2,2,2,2,2,2,2,2,2,2,2,2,-0.0140702243876001
2,1,2,2,2,2,2,2,2,2,1,2,2,2,2,2,2,2,2,2,2,2,-0.00279761980907451
2,1,2,2,2,2,2,2,2,2,3,2,2,2,2,2,2,2,2,2,2,2,-0.0165063590235787
2,1,2,2,2,2,2,2,2,2,2,1,2,2,2,2,2,2,2,2,2,2,-0.0135975104813958
2,1,2,2,2,2,2,2,2,2,2,3,2,2,2,2,2,2,2,2,2,2,0.00237697415890121
2,1,2,2,2,2,2,2,2,2,2,2,1,2,2,2,2,2,2,2,2,2,-0.00405648880259884
2,1,2,2,2,2,2,2,2,2,2,2,3,2,2,2,2,2,2,2,2,2,0.0469177308853979
2,1,2,2,2,2,2,2,2,2,2,2,2,1,2,2,2,2,2,2,2,2,-0.0202943623500862
2,1,2,2,2,2,2,2,2,2,2,2,2,3,2,2,2,2,2,2,2,2,-0.0139783569868387
2,1,2,2,2,2,2,2,2,2,2,2,2,2,1,2,2,2,2,2,2,2,0.0169775337040588
2,1,2,2,2,2,2,2,2,2,2,2,2,2,3,2,2,2,2,2,2,2,-0.00891941793394001
2,1,2,2,2,2,2,2,2,2,2,2,2,2,2,1,2,2,2,2,2,2,0.0161623778067963
2,1,2,2,2,2,2,2,2,2,2,2,2,2,2,3,2,2,2,2,2,2,-0.00749442602041622
2,1,2,2,2,2,2,2,2,2,2,2,2,2,2,2,1,2,2,2,2,2,0.00348969343932261
2,1,2,2,2,2,2,2,2,2,2,2,2,2,2,2,3,2,2,2,2,2,0.0154872982959203
2,1,2,2,2,2,2,2,2,2,2,2,2,2,2,2,2,1,2,2,2,2,0.0408490286168613
2,1,2,2,2,2,2,2,2,2,2,2,2,2,2,2,2,3,2,2,2,2,0.000239492073466098
2,1,2,2,2,2,2,2,2,2,2,2,2,2,2,2,2,2,1,2,2,2,-0.0512482239414477
2,1,2,2,2,2,2,2,2,2,2,2,2,2,2,2,2,2,3,2,2,2,-0.00345595914255874
2,1,2,2,2,2,2,2,2,2,2,2,2,2,2,2,2,2,2,1,2,2,-0.0107288015970359
2,1,2,2,2,2,2,2,2,2,2,2,2,2,2,2,2,2,2,3,2,2,-0.000231351483860815
2,1,2,2,2,2,2,2,2,2,2,2,2,2,2,2,2,2,2,2,1,2,0.00422679798162146
2,1,2,2,2,2,2,2,2,2,2,2,2,2,2,2,2,2,2,2,3,2,0.00962961115150252
2,1,2,2,2,2,2,2,2,2,2,2,2,2,2,2,2,2,2,2,2,3,0.0386260774302602
1,2,2,2,2,2,2,2,2,2,2,2,2,2,2,2,2,2,2,2,2,1,-0.0153359526812731
3,2,2,2,2,2,2,2,2,2,2,2,2,2,2,2,2,2,2,2,2,1,-0.0128199390474174
2,3,2,2,2,2,2,2,2,2,2,2,2,2,2,2,2,2,2,2,2,1,0.00403338842224258
2,2,1,2,2,2,2,2,2,2,2,2,2,2,2,2,2,2,2,2,2,1,-0.0118375703954152
2,2,3,2,2,2,2,2,2,2,2,2,2,2,2,2,2,2,2,2,2,1,0.0163399356699252
2,2,2,1,2,2,2,2,2,2,2,2,2,2,2,2,2,2,2,2,2,1,0.00766024469337371
2,2,2,3,2,2,2,2,2,2,2,2,2,2,2,2,2,2,2,2,2,1,0.00527233694263791
2,2,2,2,1,2,2,2,2,2,2,2,2,2,2,2,2,2,2,2,2,1,-0.00824444893954649
2,2,2,2,3,2,2,2,2,2,2,2,2,2,2,2,2,2,2,2,2,1,0.00992043748627434
2,2,2,2,2,1,2,2,2,2,2,2,2,2,2,2,2,2,2,2,2,1,0.0129865961459791
2,2,2,2,2,3,2,2,2,2,2,2,2,2,2,2,2,2,2,2,2,1,-0.00702262070957204
2,2,2,2,2,2,1,2,2,2,2,2,2,2,2,2,2,2,2,2,2,1,0.0159070185673342
2,2,2,2,2,2,3,2,2,2,2,2,2,2,2,2,2,2,2,2,2,1,-0.00443755820881566
2,2,2,2,2,2,2,1,2,2,2,2,2,2,2,2,2,2,2,2,2,1,0.0250318435890624
2,2,2,2,2,2,2,3,2,2,2,2,2,2,2,2,2,2,2,2,2,1,0.0137878437397764
2,2,2,2,2,2,2,2,1,2,2,2,2,2,2,2,2,2,2,2,2,1,0.0103597692766341
2,2,2,2,2,2,2,2,3,2,2,2,2,2,2,2,2,2,2,2,2,1,-0.00732550866486303
2,2,2,2,2,2,2,2,2,1,2,2,2,2,2,2,2,2,2,2,2,1,0.0286318628032968
2,2,2,2,2,2,2,2,2,3,2,2,2,2,2,2,2,2,2,2,2,1,0.0182147217698244
2,2,2,2,2,2,2,2,2,2,1,2,2,2,2,2,2,2,2,2,2,1,0.00723542083014032
2,2,2,2,2,2,2,2,2,2,3,2,2,2,2,2,2,2,2,2,2,1,-0.00210743519554794
2,2,2,2,2,2,2,2,2,2,2,1,2,2,2,2,2,2,2,2,2,1,0.0219916155559443
2,2,2,2,2,2,2,2,2,2,2,3,2,2,2,2,2,2,2,2,2,1,0.035383008645999
2,2,2,2,2,2,2,2,2,2,2,2,1,2,2,2,2,2,2,2,2,1,0.0108308355003053
2,2,2,2,2,2,2,2,2,2,2,2,2,1,2,2,2,2,2,2,2,1,0.0207765956444591
2,2,2,2,2,2,2,2,2,2,2,2,2,3,2,2,2,2,2,2,2,1,0.00758119640314602
2,2,2,2,2,2,2,2,2,2,2,2,2,2,1,2,2,2,2,2,2,1,0.00742037909744438
2,2,2,2,2,2,2,2,2,2,2,2,2,2,3,2,2,2,2,2,2,1,0.0118652275627214
2,2,2,2,2,2,2,2,2,2,2,2,2,2,2,1,2,2,2,2,2,1,-0.000774285717245631
2,2,2,2,2,2,2,2,2,2,2,2,2,2,2,3,2,2,2,2,2,1,-0.0048327028587653
2,2,2,2,2,2,2,2,2,2,2,2,2,2,2,2,1,2,2,2,2,1,-0.0148654926510488
2,2,2,2,2,2,2,2,2,2,2,2,2,2,2,2,3,2,2,2,2,1,0.000267603434479254
2,2,2,2,2,2,2,2,2,2,2,2,2,2,2,2,2,1,2,2,2,1,0.0358435532987515
2,2,2,2,2,2,2,2,2,2,2,2,2,2,2,2,2,3,2,2,2,1,-0.00449915547601791
2,2,2,2,2,2,2,2,2,2,2,2,2,2,2,2,2,2,1,2,2,1,-0.0409180813798133
2,2,2,2,2,2,2,2,2,2,2,2,2,2,2,2,2,2,3,2,2,1,-0.00100671316079978
2,2,2,2,2,2,2,2,2,2,2,2,2,2,2,2,2,2,2,1,2,1,-0.00609539431542149
2,2,2,2,2,2,2,2,2,2,2,2,2,2,2,2,2,2,2,3,2,1,0.0155135424672516
2,2,2,2,2,2,2,2,2,2,2,2,2,2,2,2,2,2,2,2,1,1,0.00804158118525513
2,2,2,2,2,2,2,2,2,2,2,2,2,2,2,2,2,2,2,2,3,1,-0.00969950664715015
1,2,2,2,2,2,2,2,2,2,2,2,2,2,2,2,2,2,2,3,2,2,0.00631774168671906
3,2,2,2,2,2,2,2,2,2,2,2,2,2,2,2,2,2,2,3,2,2,0.0274446575900795
2,3,2,2,2,2,2,2,2,2,2,2,2,2,2,2,2,2,2,3,2,2,-0.00760742732070201
2,2,1,2,2,2,2,2,2,2,2,2,2,2,2,2,2,2,2,3,2,2,-0.0103520030141639
2,2,3,2,2,2,2,2,2,2,2,2,2,2,2,2,2,2,2,3,2,2,0.0000767236767669584
2,2,2,1,2,2,2,2,2,2,2,2,2,2,2,2,2,2,2,3,2,2,-0.00598444325446168
2,2,2,3,2,2,2,2,2,2,2,2,2,2,2,2,2,2,2,3,2,2,0.00698945975263626
2,2,2,2,1,2,2,2,2,2,2,2,2,2,2,2,2,2,2,3,2,2,0.0110363104325056
2,2,2,2,3,2,2,2,2,2,2,2,2,2,2,2,2,2,2,3,2,2,0.0213676297902943
2,2,2,2,2,1,2,2,2,2,2,2,2,2,2,2,2,2,2,3,2,2,-0.00595652193376508
2,2,2,2,2,3,2,2,2,2,2,2,2,2,2,2,2,2,2,3,2,2,-0.0107545782854981
2,2,2,2,2,2,1,2,2,2,2,2,2,2,2,2,2,2,2,3,2,2,-0.00512018319194463
2,2,2,2,2,2,3,2,2,2,2,2,2,2,2,2,2,2,2,3,2,2,0.0168155385249226
2,2,2,2,2,2,2,1,2,2,2,2,2,2,2,2,2,2,2,3,2,2,-0.00501622754174046
2,2,2,2,2,2,2,3,2,2,2,2,2,2,2,2,2,2,2,3,2,2,-0.0174923504883665
2,2,2,2,2,2,2,2,1,2,2,2,2,2,2,2,2,2,2,3,2,2,-0.0175614733375544
2,2,2,2,2,2,2,2,3,2,2,2,2,2,2,2,2,2,2,3,2,2,-0.0030841272036849
2,2,2,2,2,2,2,2,2,1,2,2,2,2,2,2,2,2,2,3,2,2,-0.00865746292325691
2,2,2,2,2,2,2,2,2,3,2,2,2,2,2,2,2,2,2,3,2,2,-0.00657766887349908
2,2,2,2,2,2,2,2,2,2,1,2,2,2,2,2,2,2,2,3,2,2,-0.00434949685721002
2,2,2,2,2,2,2,2,2,2,3,2,2,2,2,2,2,2,2,3,2,2,0.0349196884991228
2,2,2,2,2,2,2,2,2,2,2,1,2,2,2,2,2,2,2,3,2,2,0.0178014224123192
2,2,2,2,2,2,2,2,2,2,2,3,2,2,2,2,2,2,2,3,2,2,-0.00362695391002781
2,2,2,2,2,2,2,2,2,2,2,2,1,2,2,2,2,2,2,3,2,2,0.0170444558069369
2,2,2,2,2,2,2,2,2,2,2,2,3,2,2,2,2,2,2,3,2,2,-0.0171996130998466
2,2,2,2,2,2,2,2,2,2,2,2,2,1,2,2,2,2,2,3,2,2,-0.0117974734516438
2,2,2,2,2,2,2,2,2,2,2,2,2,3,2,2,2,2,2,3,2,2,0.00150683497672391
2,2,2,2,2,2,2,2,2,2,2,2,2,2,1,2,2,2,2,3,2,2,-0.00324314735099481
2,2,2,2,2,2,2,2,2,2,2,2,2,2,3,2,2,2,2,3,2,2,-0.00344272848101792
2,2,2,2,2,2,2,2,2,2,2,2,2,2,2,1,2,2,2,3,2,2,-0.0071603399187909
2,2,2,2,2,2,2,2,2,2,2,2,2,2,2,3,2,2,2,3,2,2,-0.00568551854790052
2,2,2,2,2,2,2,2,2,2,2,2,2,2,2,2,1,2,2,3,2,2,0.0228523285096309
2,2,2,2,2,2,2,2,2,2,2,2,2,2,2,2,2,1,2,3,2,2,-0.00445204744063205
2,2,2,2,2,2,2,2,2,2,2,2,2,2,2,2,2,3,2,3,2,2,0.00944441449355779
2,2,2,2,2,2,2,2,2,2,2,2,2,2,2,2,2,2,1,3,2,2,-0.0296267083317758
2,2,2,2,2,2,2,2,2,2,2,2,2,2,2,2,2,2,3,3,2,2,0.000184158183949386
2,2,2,2,2,2,2,2,2,2,2,2,2,2,2,2,2,2,2,4,2,2,-0.0161696365784912
2,2,2,2,2,2,2,2,2,2,2,2,2,2,2,2,2,2,2,3,1,2,0.0291994317249141
2,2,2,2,2,2,2,2,2,2,2,2,2,2,2,2,2,2,2,3,3,2,-0.00271627869483009
2,2,2,2,2,2,2,2,2,2,2,2,2,2,2,2,2,2,2,3,2,3,-0.00412754765744762
1,2,2,1,2,2,2,2,2,2,2,2,2,2,2,2,2,2,2,2,2,2,0.0116315621433616
3,2,2,1,2,2,2,2,2,2,2,2,2,2,2,2,2,2,2,2,2,2,-0.0129101577440509
2,3,2,1,2,2,2,2,2,2,2,2,2,2,2,2,2,2,2,2,2,2,0.0181948302827839
2,2,1,1,2,2,2,2,2,2,2,2,2,2,2,2,2,2,2,2,2,2,0.0160502172487164
2,2,3,1,2,2,2,2,2,2,2,2,2,2,2,2,2,2,2,2,2,2,-0.00356198726078167
2,2,2,1,1,2,2,2,2,2,2,2,2,2,2,2,2,2,2,2,2,2,-0.0128809198411164
2,2,2,1,3,2,2,2,2,2,2,2,2,2,2,2,2,2,2,2,2,2,-0.0178304639803032
2,2,2,1,2,1,2,2,2,2,2,2,2,2,2,2,2,2,2,2,2,2,-0.00578725308183029
2,2,2,1,2,3,2,2,2,2,2,2,2,2,2,2,2,2,2,2,2,2,-0.0135313030634723
2,2,2,1,2,2,1,2,2,2,2,2,2,2,2,2,2,2,2,2,2,2,0.0133357531351136
2,2,2,1,2,2,3,2,2,2,2,2,2,2,2,2,2,2,2,2,2,2,-0.00626495310274692
2,2,2,1,2,2,2,1,2,2,2,2,2,2,2,2,2,2,2,2,2,2,-0.0085847620853085
2,2,2,1,2,2,2,3,2,2,2,2,2,2,2,2,2,2,2,2,2,2,-0.018425380979103
2,2,2,1,2,2,2,2,1,2,2,2,2,2,2,2,2,2,2,2,2,2,-0.028384162279469
2,2,2,1,2,2,2,2,3,2,2,2,2,2,2,2,2,2,2,2,2,2,-0.00854794174870628
2,2,2,1,2,2,2,2,2,1,2,2,2,2,2,2,2,2,2,2,2,2,-0.0148219066993766
2,2,2,1,2,2,2,2,2,3,2,2,2,2,2,2,2,2,2,2,2,2,-0.0131839325908786
2,2,2,1,2,2,2,2,2,2,1,2,2,2,2,2,2,2,2,2,2,2,-0.0207343491240801
2,2,2,1,2,2,2,2,2,2,3,2,2,2,2,2,2,2,2,2,2,2,-0.0157137699972597
2,2,2,1,2,2,2,2,2,2,2,1,2,2,2,2,2,2,2,2,2,2,-0.0150613551913222
2,2,2,1,2,2,2,2,2,2,2,3,2,2,2,2,2,2,2,2,2,2,-0.013246341816044
2,2,2,1,2,2,2,2,2,2,2,2,1,2,2,2,2,2,2,2,2,2,-0.0165202276483119
2,2,2,1,2,2,2,2,2,2,2,2,3,2,2,2,2,2,2,2,2,2,0.000201541586957393
2,2,2,1,2,2,2,2,2,2,2,2,2,1,2,2,2,2,2,2,2,2,0.028581372299997
2,2,2,1,2,2,2,2,2,2,2,2,2,3,2,2,2,2,2,2,2,2,0.00430267519208317
2,2,2,1,2,2,2,2,2,2,2,2,2,2,1,2,2,2,2,2,2,2,-0.0252333844646523
2,2,2,1,2,2,2,2,2,2,2,2,2,2,3,2,2,2,2,2,2,2,-0.00931963683283789
2,2,2,1,2,2,2,2,2,2,2,2,2,2,2,1,2,2,2,2,2,2,0.01161033778649
2,2,2,1,2,2,2,2,2,2,2,2,2,2,2,3,2,2,2,2,2,2,-0.00553067536808413
2,2,2,1,2,2,2,2,2,2,2,2,2,2,2,2,1,2,2,2,2,2,0.0251039210121641
2,2,2,1,2,2,2,2,2,2,2,2,2,2,2,2,3,2,2,2,2,2,-0.0168607425658282
2,2,2,1,2,2,2,2,2,2,2,2,2,2,2,2,2,1,2,2,2,2,0.0128015697948354
2,2,2,1,2,2,2,2,2,2,2,2,2,2,2,2,2,3,2,2,2,2,-0.0138833927122847
2,2,2,1,2,2,2,2,2,2,2,2,2,2,2,2,2,2,3,2,2,2,0.0560478819367417
2,2,2,1,2,2,2,2,2,2,2,2,2,2,2,2,2,2,2,1,2,2,-0.0129631167855283
2,2,2,1,2,2,2,2,2,2,2,2,2,2,2,2,2,2,2,2,1,2,-0.0199671499029227
2,2,2,1,2,2,2,2,2,2,2,2,2,2,2,2,2,2,2,2,3,2,-0.0208433756635574
2,2,2,1,2,2,2,2,2,2,2,2,2,2,2,2,2,2,2,2,2,3,-0.0062033453314974
1,2,2,2,2,2,2,2,2,2,2,2,3,2,2,2,2,2,2,2,2,1,0.0132059641905866
3,2,2,2,2,2,2,2,2,2,2,2,3,2,2,2,2,2,2,2,2,1,0.00529872929355774
2,1,2,2,2,2,2,2,2,2,2,2,3,2,2,2,2,2,2,2,2,1,0.000483764328082932
2,3,2,2,2,2,2,2,2,2,2,2,3,2,2,2,2,2,2,2,2,1,-0.0104852912068734
2,2,1,2,2,2,2,2,2,2,2,2,3,2,2,2,2,2,2,2,2,1,-0.00148046795246338
2,2,3,2,2,2,2,2,2,2,2,2,3,2,2,2,2,2,2,2,2,1,-0.00917639936454641
2,2,2,1,2,2,2,2,2,2,2,2,3,2,2,2,2,2,2,2,2,1,0.0106196176824484
2,2,2,3,2,2,2,2,2,2,2,2,3,2,2,2,2,2,2,2,2,1,0.0024253175719199
2,2,2,2,1,2,2,2,2,2,2,2,3,2,2,2,2,2,2,2,2,1,-0.00869949319559716
2,2,2,2,3,2,2,2,2,2,2,2,3,2,2,2,2,2,2,2,2,1,-0.0163138549798718
2,2,2,2,2,1,2,2,2,2,2,2,3,2,2,2,2,2,2,2,2,1,-0.00728624512538014
2,2,2,2,2,3,2,2,2,2,2,2,3,2,2,2,2,2,2,2,2,1,-0.00928499515225373
2,2,2,2,2,2,1,2,2,2,2,2,3,2,2,2,2,2,2,2,2,1,-0.0116814589179014
2,2,2,2,2,2,3,2,2,2,2,2,3,2,2,2,2,2,2,2,2,1,-0.0109704261722182
2,2,2,2,2,2,2,1,2,2,2,2,3,2,2,2,2,2,2,2,2,1,-0.00944358724629286
2,2,2,2,2,2,2,3,2,2,2,2,3,2,2,2,2,2,2,2,2,1,0.0064006104708221
2,2,2,2,2,2,2,2,1,2,2,2,3,2,2,2,2,2,2,2,2,1,-0.00214905376244115
2,2,2,2,2,2,2,2,3,2,2,2,3,2,2,2,2,2,2,2,2,1,0.00773771687175195
2,2,2,2,2,2,2,2,2,1,2,2,3,2,2,2,2,2,2,2,2,1,-0.0150762767884591
2,2,2,2,2,2,2,2,2,3,2,2,3,2,2,2,2,2,2,2,2,1,-0.0117311893038326
2,2,2,2,2,2,2,2,2,2,1,2,3,2,2,2,2,2,2,2,2,1,-0.0157113233609747
2,2,2,2,2,2,2,2,2,2,3,2,3,2,2,2,2,2,2,2,2,1,-0.0109711739193637
2,2,2,2,2,2,2,2,2,2,2,1,3,2,2,2,2,2,2,2,2,1,-0.0130341083962256
2,2,2,2,2,2,2,2,2,2,2,3,3,2,2,2,2,2,2,2,2,1,-0.0147159565775456
2,2,2,2,2,2,2,2,2,2,2,2,4,2,2,2,2,2,2,2,2,1,-0.00342352623323521
2,2,2,2,2,2,2,2,2,2,2,2,3,1,2,2,2,2,2,2,2,1,-0.016356384465104
2,2,2,2,2,2,2,2,2,2,2,2,3,3,2,2,2,2,2,2,2,1,-0.00975912923934398
2,2,2,2,2,2,2,2,2,2,2,2,3,2,1,2,2,2,2,2,2,1,-0.00332432334684259
2,2,2,2,2,2,2,2,2,2,2,2,3,2,3,2,2,2,2,2,2,1,0.0222315016514587
2,2,2,2,2,2,2,2,2,2,2,2,3,2,2,1,2,2,2,2,2,1,-0.0107024443486997
2,2,2,2,2,2,2,2,2,2,2,2,3,2,2,3,2,2,2,2,2,1,-0.0070694654386379
2,2,2,2,2,2,2,2,2,2,2,2,3,2,2,2,1,2,2,2,2,1,-0.000357230402968727
2,2,2,2,2,2,2,2,2,2,2,2,3,2,2,2,3,2,2,2,2,1,0.0206167351656473
2,2,2,2,2,2,2,2,2,2,2,2,3,2,2,2,2,1,2,2,2,1,0.0502230783320624
2,2,2,2,2,2,2,2,2,2,2,2,3,2,2,2,2,3,2,2,2,1,-0.00169251020861996
2,2,2,2,2,2,2,2,2,2,2,2,3,2,2,2,2,2,1,2,2,1,-0.0242248530026097
2,2,2,2,2,2,2,2,2,2,2,2,3,2,2,2,2,2,3,2,2,1,-0.00438931659482717
2,2,2,2,2,2,2,2,2,2,2,2,3,2,2,2,2,2,2,1,2,1,-0.00617529988079563
2,2,2,2,2,2,2,2,2,2,2,2,3,2,2,2,2,2,2,3,2,1,-0.0143274372313867
2,2,2,2,2,2,2,2,2,2,2,2,3,2,2,2,2,2,2,2,1,1,-0.00075713213739739
2,2,2,2,2,2,2,2,2,2,2,2,3,2,2,2,2,2,2,2,3,1,0.000377028172724099
1,2,2,2,2,3,2,2,2,2,2,2,2,3,2,2,3,2,2,3,2,2,-0.00705704098487825
3,2,2,2,2,3,2,2,2,2,2,2,2,3,2,2,3,2,2,3,2,2,-0.00583993503472702
2,1,2,2,2,3,2,2,2,2,2,2,2,3,2,2,3,2,2,3,2,2,-0.00603217107216047
2,3,2,2,2,3,2,2,2,2,2,2,2,3,2,2,3,2,2,3,2,2,-0.00622261302394958
2,2,1,2,2,3,2,2,2,2,2,2,2,3,2,2,3,2,2,3,2,2,-0.00535644263739604
2,2,3,2,2,3,2,2,2,2,2,2,2,3,2,2,3,2,2,3,2,2,-0.00334304857986813
2,2,2,1,2,3,2,2,2,2,2,2,2,3,2,2,3,2,2,3,2,2,0.0117032656728072
2,2,2,3,2,3,2,2,2,2,2,2,2,3,2,2,3,2,2,3,2,2,0.00176552577242407
2,2,2,2,1,3,2,2,2,2,2,2,2,3,2,2,3,2,2,3,2,2,-0.00605105008897184
2,2,2,2,3,3,2,2,2,2,2,2,2,3,2,2,3,2,2,3,2,2,-0.00640732357497841
2,2,2,2,2,4,2,2,2,2,2,2,2,3,2,2,3,2,2,3,2,2,-0.00186496660926325
2,2,2,2,2,3,1,2,2,2,2,2,2,3,2,2,3,2,2,3,2,2,-0.00491418307622414
2,2,2,2,2,3,3,2,2,2,2,2,2,3,2,2,3,2,2,3,2,2,-0.00661318225696917
2,2,2,2,2,3,2,1,2,2,2,2,2,3,2,2,3,2,2,3,2,2,-0.00483052287063268
2,2,2,2,2,3,2,3,2,2,2,2,2,3,2,2,3,2,2,3,2,2,-0.00765186243048304
2,2,2,2,2,3,2,2,1,2,2,2,2,3,2,2,3,2,2,3,2,2,0.00568868579315282
2,2,2,2,2,3,2,2,3,2,2,2,2,3,2,2,3,2,2,3,2,2,0.00464015393786587
2,2,2,2,2,3,2,2,2,1,2,2,2,3,2,2,3,2,2,3,2,2,0.0140892459520765
2,2,2,2,2,3,2,2,2,3,2,2,2,3,2,2,3,2,2,3,2,2,-0.00196963485835779
2,2,2,2,2,3,2,2,2,2,1,2,2,3,2,2,3,2,2,3,2,2,-0.00454189567938902
2,2,2,2,2,3,2,2,2,2,3,2,2,3,2,2,3,2,2,3,2,2,-0.00598043550313066
2,2,2,2,2,3,2,2,2,2,2,1,2,3,2,2,3,2,2,3,2,2,0.00484266144793302
2,2,2,2,2,3,2,2,2,2,2,3,2,3,2,2,3,2,2,3,2,2,-0.00213621423948674
2,2,2,2,2,3,2,2,2,2,2,2,1,3,2,2,3,2,2,3,2,2,-0.00650517161207732
2,2,2,2,2,3,2,2,2,2,2,2,3,3,2,2,3,2,2,3,2,2,-0.00796082945025304
2,2,2,2,2,3,2,2,2,2,2,2,2,4,2,2,3,2,2,3,2,2,-0.00189778001415801
2,2,2,2,2,3,2,2,2,2,2,2,2,3,1,2,3,2,2,3,2,2,-0.000181581922625099
2,2,2,2,2,3,2,2,2,2,2,2,2,3,3,2,3,2,2,3,2,2,-0.00488418530527637
2,2,2,2,2,3,2,2,2,2,2,2,2,3,2,1,3,2,2,3,2,2,-0.00425514046627729
2,2,2,2,2,3,2,2,2,2,2,2,2,3,2,3,3,2,2,3,2,2,-0.00538582452333911
2,2,2,2,2,3,2,2,2,2,2,2,2,3,2,2,2,2,2,3,2,2,0.0339435144384421
2,2,2,2,2,3,2,2,2,2,2,2,2,3,2,2,4,2,2,3,2,2,-0.0128287371013131
2,2,2,2,2,3,2,2,2,2,2,2,2,3,2,2,3,1,2,3,2,2,-0.00787479373155655
2,2,2,2,2,3,2,2,2,2,2,2,2,3,2,2,3,3,2,3,2,2,-0.00456608200764402
2,2,2,2,2,3,2,2,2,2,2,2,2,3,2,2,3,2,1,3,2,2,-0.0125335335658978
2,2,2,2,2,3,2,2,2,2,2,2,2,3,2,2,3,2,3,3,2,2,-0.0025531974078609
2,2,2,2,2,3,2,2,2,2,2,2,2,3,2,2,3,2,2,2,2,2,-0.00417556334657072
2,2,2,2,2,3,2,2,2,2,2,2,2,3,2,2,3,2,2,4,2,2,-0.0102189078280648
2,2,2,2,2,3,2,2,2,2,2,2,2,3,2,2,3,2,2,3,1,2,-0.00844148807259817
2,2,2,2,2,3,2,2,2,2,2,2,2,3,2,2,3,2,2,3,3,2,-0.00368358206017584
2,2,2,2,2,3,2,2,2,2,2,2,2,3,2,2,3,2,2,3,2,1,-0.0131411122738185
2,2,2,2,2,3,2,2,2,2,2,2,2,3,2,2,3,2,2,3,2,3,-0.00427104228574372
1,2,2,2,2,3,3,2,2,2,2,2,3,2,2,2,2,2,2,3,2,2,-0.00237090340095593
3,2,2,2,2,3,3,2,2,2,2,2,3,2,2,2,2,2,2,3,2,2,0.0292689528963925
2,1,2,2,2,3,3,2,2,2,2,2,3,2,2,2,2,2,2,3,2,2,-0.0020607973318871
2,3,2,2,2,3,3,2,2,2,2,2,3,2,2,2,2,2,2,3,2,2,0.0354487092499789
2,2,1,2,2,3,3,2,2,2,2,2,3,2,2,2,2,2,2,3,2,2,-0.00570356733209473
2,2,3,2,2,3,3,2,2,2,2,2,3,2,2,2,2,2,2,3,2,2,-0.00358189277934953
2,2,2,1,2,3,3,2,2,2,2,2,3,2,2,2,2,2,2,3,2,2,0.00176483273766193
2,2,2,3,2,3,3,2,2,2,2,2,3,2,2,2,2,2,2,3,2,2,0.00159458280138053
2,2,2,2,1,3,3,2,2,2,2,2,3,2,2,2,2,2,2,3,2,2,-0.00549013399675118
2,2,2,2,3,3,3,2,2,2,2,2,3,2,2,2,2,2,2,3,2,2,-0.00650171385666807
2,2,2,2,2,2,3,2,2,2,2,2,3,2,2,2,2,2,2,3,2,2,0.038599545680817
2,2,2,2,2,4,3,2,2,2,2,2,3,2,2,2,2,2,2,3,2,2,-0.00216154119409159
2,2,2,2,2,3,2,2,2,2,2,2,3,2,2,2,2,2,2,3,2,2,0.0209626754015478
2,2,2,2,2,3,4,2,2,2,2,2,3,2,2,2,2,2,2,3,2,2,-0.0056076154288965
2,2,2,2,2,3,3,1,2,2,2,2,3,2,2,2,2,2,2,3,2,2,-0.00428544919011966
2,2,2,2,2,3,3,3,2,2,2,2,3,2,2,2,2,2,2,3,2,2,-0.00673675261406754
2,2,2,2,2,3,3,2,1,2,2,2,3,2,2,2,2,2,2,3,2,2,0.019393526257923
2,2,2,2,2,3,3,2,3,2,2,2,3,2,2,2,2,2,2,3,2,2,-0.00111029179616102
2,2,2,2,2,3,3,2,2,1,2,2,3,2,2,2,2,2,2,3,2,2,-0.00578082443779361
2,2,2,2,2,3,3,2,2,3,2,2,3,2,2,2,2,2,2,3,2,2,-0.00426066916600455
2,2,2,2,2,3,3,2,2,2,1,2,3,2,2,2,2,2,2,3,2,2,-0.00500927398199739
2,2,2,2,2,3,3,2,2,2,3,2,3,2,2,2,2,2,2,3,2,2,-0.00688972766368186
2,2,2,2,2,3,3,2,2,2,2,1,3,2,2,2,2,2,2,3,2,2,-0.00704918940757015
2,2,2,2,2,3,3,2,2,2,2,3,3,2,2,2,2,2,2,3,2,2,-0.00404117915190858
2,2,2,2,2,3,3,2,2,2,2,2,2,2,2,2,2,2,2,3,2,2,0.0323203804777858
2,2,2,2,2,3,3,2,2,2,2,2,4,2,2,2,2,2,2,3,2,2,-0.00366057010675428
2,2,2,2,2,3,3,2,2,2,2,2,3,1,2,2,2,2,2,3,2,2,0.000123176477057785
2,2,2,2,2,3,3,2,2,2,2,2,3,3,2,2,2,2,2,3,2,2,-0.00140023391886332
2,2,2,2,2,3,3,2,2,2,2,2,3,2,1,2,2,2,2,3,2,2,-0.00368935531878655
2,2,2,2,2,3,3,2,2,2,2,2,3,2,3,2,2,2,2,3,2,2,0.0214303347230107
2,2,2,2,2,3,3,2,2,2,2,2,3,2,2,1,2,2,2,3,2,2,-0.00514113939001459
2,2,2,2,2,3,3,2,2,2,2,2,3,2,2,3,2,2,2,3,2,2,-0.00425697765006852
2,2,2,2,2,3,3,2,2,2,2,2,3,2,2,2,1,2,2,3,2,2,-0.00885105938123698
2,2,2,2,2,3,3,2,2,2,2,2,3,2,2,2,3,2,2,3,2,2,-0.00358734656408932
2,2,2,2,2,3,3,2,2,2,2,2,3,2,2,2,2,1,2,3,2,2,-0.00563938171798777
2,2,2,2,2,3,3,2,2,2,2,2,3,2,2,2,2,3,2,3,2,2,-0.00526083453138245
2,2,2,2,2,3,3,2,2,2,2,2,3,2,2,2,2,2,1,3,2,2,-0.0125430933429491
2,2,2,2,2,3,3,2,2,2,2,2,3,2,2,2,2,2,3,3,2,2,-0.00207818376467568
2,2,2,2,2,3,3,2,2,2,2,2,3,2,2,2,2,2,2,2,2,2,0.00454266406052123
2,2,2,2,2,3,3,2,2,2,2,2,3,2,2,2,2,2,2,4,2,2,-0.00162978449344452
2,2,2,2,2,3,3,2,2,2,2,2,3,2,2,2,2,2,2,3,1,2,0.00332734234353571
2,2,2,2,2,3,3,2,2,2,2,2,3,2,2,2,2,2,2,3,3,2,-0.00303418180731904
2,2,2,2,2,3,3,2,2,2,2,2,3,2,2,2,2,2,2,3,2,1,0.0137455054044248
2,2,2,2,2,3,3,2,2,2,2,2,3,2,2,2,2,2,2,3,2,3,-0.00403121730950448
1,1,2,2,2,2,2,2,2,2,2,2,2,2,2,2,2,2,2,2,2,1,-0.00684683650816897
3,1,2,2,2,2,2,2,2,2,2,2,2,2,2,2,2,2,2,2,2,1,-0.00263992115869227
2,1,1,2,2,2,2,2,2,2,2,2,2,2,2,2,2,2,2,2,2,1,-0.0023329900071624
2,1,3,2,2,2,2,2,2,2,2,2,2,2,2,2,2,2,2,2,2,1,-0.00440083589830898
2,1,2,1,2,2,2,2,2,2,2,2,2,2,2,2,2,2,2,2,2,1,0.00274748994663989
2,1,2,3,2,2,2,2,2,2,2,2,2,2,2,2,2,2,2,2,2,1,0.00730608395222924
2,1,2,2,1,2,2,2,2,2,2,2,2,2,2,2,2,2,2,2,2,1,-0.000280851105120318
2,1,2,2,3,2,2,2,2,2,2,2,2,2,2,2,2,2,2,2,2,1,0.018106602169039
2,1,2,2,2,1,2,2,2,2,2,2,2,2,2,2,2,2,2,2,2,1,-0.0078975700937847
2,1,2,2,2,3,2,2,2,2,2,2,2,2,2,2,2,2,2,2,2,1,-0.00418717413178007
2,1,2,2,2,2,1,2,2,2,2,2,2,2,2,2,2,2,2,2,2,1,-0.00587014224967781
2,1,2,2,2,2,3,2,2,2,2,2,2,2,2,2,2,2,2,2,2,1,-0.0012745122485787
2,1,2,2,2,2,2,1,2,2,2,2,2,2,2,2,2,2,2,2,2,1,-0.00506475439624174
2,1,2,2,2,2,2,3,2,2,2,2,2,2,2,2,2,2,2,2,2,1,-0.0115452514937608
2,1,2,2,2,2,2,2,1,2,2,2,2,2,2,2,2,2,2,2,2,1,-0.0113855140180007
2,1,2,2,2,2,2,2,3,2,2,2,2,2,2,2,2,2,2,2,2,1,-0.00424262645037266
2,1,2,2,2,2,2,2,2,1,2,2,2,2,2,2,2,2,2,2,2,1,-0.00822214426326067
2,1,2,2,2,2,2,2,2,3,2,2,2,2,2,2,2,2,2,2,2,1,-0.00516119161659914
2,1,2,2,2,2,2,2,2,2,1,2,2,2,2,2,2,2,2,2,2,1,0.0379100927456357
2,1,2,2,2,2,2,2,2,2,3,2,2,2,2,2,2,2,2,2,2,1,0.000565205168157699
2,1,2,2,2,2,2,2,2,2,2,1,2,2,2,2,2,2,2,2,2,1,0.00340877711927779
2,1,2,2,2,2,2,2,2,2,2,3,2,2,2,2,2,2,2,2,2,1,-0.010122254593029
2,1,2,2,2,2,2,2,2,2,2,2,1,2,2,2,2,2,2,2,2,1,-0.0111985803605912
2,1,2,2,2,2,2,2,2,2,2,2,2,1,2,2,2,2,2,2,2,1,0.00735358747686781
2,1,2,2,2,2,2,2,2,2,2,2,2,3,2,2,2,2,2,2,2,1,-0.00206927950753366
2,1,2,2,2,2,2,2,2,2,2,2,2,2,1,2,2,2,2,2,2,1,0.00367877946702554
2,1,2,2,2,2,2,2,2,2,2,2,2,2,3,2,2,2,2,2,2,1,0.00971917534937474
2,1,2,2,2,2,2,2,2,2,2,2,2,2,2,1,2,2,2,2,2,1,-0.00903873725552327
2,1,2,2,2,2,2,2,2,2,2,2,2,2,2,3,2,2,2,2,2,1,-0.000554632283545221
2,1,2,2,2,2,2,2,2,2,2,2,2,2,2,2,1,2,2,2,2,1,-0.00630812560602173
2,1,2,2,2,2,2,2,2,2,2,2,2,2,2,2,3,2,2,2,2,1,-0.00805743553559451
2,1,2,2,2,2,2,2,2,2,2,2,2,2,2,2,2,1,2,2,2,1,0.0180412035698892
2,1,2,2,2,2,2,2,2,2,2,2,2,2,2,2,2,3,2,2,2,1,0.00168817228101798
2,1,2,2,2,2,2,2,2,2,2,2,2,2,2,2,2,2,1,2,2,1,0.00620777835173914
2,1,2,2,2,2,2,2,2,2,2,2,2,2,2,2,2,2,3,2,2,1,0.0031197755777132
2,1,2,2,2,2,2,2,2,2,2,2,2,2,2,2,2,2,2,1,2,1,-0.000840956823107431
2,1,2,2,2,2,2,2,2,2,2,2,2,2,2,2,2,2,2,3,2,1,-0.0167334309166344
2,1,2,2,2,2,2,2,2,2,2,2,2,2,2,2,2,2,2,2,1,1,-0.0110799968793524
2,1,2,2,2,2,2,2,2,2,2,2,2,2,2,2,2,2,2,2,3,1,-0.00599222524623989
1,2,2,2,2,2,2,2,2,2,2,2,2,2,2,2,2,1,2,2,2,2,-0.0114672994820986
3,2,2,2,2,2,2,2,2,2,2,2,2,2,2,2,2,1,2,2,2,2,-0.0112298179106817
2,3,2,2,2,2,2,2,2,2,2,2,2,2,2,2,2,1,2,2,2,2,-0.00309842964711622
2,2,1,2,2,2,2,2,2,2,2,2,2,2,2,2,2,1,2,2,2,2,-0.0121497207186274
2,2,3,2,2,2,2,2,2,2,2,2,2,2,2,2,2,1,2,2,2,2,-0.00367022577671789
2,2,2,3,2,2,2,2,2,2,2,2,2,2,2,2,2,1,2,2,2,2,0.0068938455991277
2,2,2,2,1,2,2,2,2,2,2,2,2,2,2,2,2,1,2,2,2,2,-0.00845946067742438
2,2,2,2,3,2,2,2,2,2,2,2,2,2,2,2,2,1,2,2,2,2,-0.0147630138679356
2,2,2,2,2,1,2,2,2,2,2,2,2,2,2,2,2,1,2,2,2,2,-0.0162588942747245
2,2,2,2,2,3,2,2,2,2,2,2,2,2,2,2,2,1,2,2,2,2,-0.008286336350706
2,2,2,2,2,2,1,2,2,2,2,2,2,2,2,2,2,1,2,2,2,2,-0.00960080749775614
2,2,2,2,2,2,3,2,2,2,2,2,2,2,2,2,2,1,2,2,2,2,-0.00551531468481074
2,2,2,2,2,2,2,1,2,2,2,2,2,2,2,2,2,1,2,2,2,2,-0.00429753318417589
2,2,2,2,2,2,2,3,2,2,2,2,2,2,2,2,2,1,2,2,2,2,0.007682023092345
2,2,2,2,2,2,2,2,1,2,2,2,2,2,2,2,2,1,2,2,2,2,-0.0169715112958637
2,2,2,2,2,2,2,2,3,2,2,2,2,2,2,2,2,1,2,2,2,2,-0.00710168782845893
2,2,2,2,2,2,2,2,2,1,2,2,2,2,2,2,2,1,2,2,2,2,-0.0114475723711147
2,2,2,2,2,2,2,2,2,3,2,2,2,2,2,2,2,1,2,2,2,2,-0.00964817426015474
2,2,2,2,2,2,2,2,2,2,1,2,2,2,2,2,2,1,2,2,2,2,-0.00984639872770722
2,2,2,2,2,2,2,2,2,2,3,2,2,2,2,2,2,1,2,2,2,2,0.00843333294011092
2,2,2,2,2,2,2,2,2,2,2,1,2,2,2,2,2,1,2,2,2,2,-0.00901685132446142
2,2,2,2,2,2,2,2,2,2,2,3,2,2,2,2,2,1,2,2,2,2,-0.0100482811574744
2,2,2,2,2,2,2,2,2,2,2,2,1,2,2,2,2,1,2,2,2,2,-0.0133093531063195
2,2,2,2,2,2,2,2,2,2,2,2,3,2,2,2,2,1,2,2,2,2,-0.00304346387154035
2,2,2,2,2,2,2,2,2,2,2,2,2,1,2,2,2,1,2,2,2,2,-0.0140202312857412
2,2,2,2,2,2,2,2,2,2,2,2,2,3,2,2,2,1,2,2,2,2,-0.0094401019884006
2,2,2,2,2,2,2,2,2,2,2,2,2,2,1,2,2,1,2,2,2,2,-0.000644325328436847
2,2,2,2,2,2,2,2,2,2,2,2,2,2,3,2,2,1,2,2,2,2,-0.00429534481957405
2,2,2,2,2,2,2,2,2,2,2,2,2,2,2,1,2,1,2,2,2,2,-0.0113741399805265
2,2,2,2,2,2,2,2,2,2,2,2,2,2,2,3,2,1,2,2,2,2,-0.00490213611417453
2,2,2,2,2,2,2,2,2,2,2,2,2,2,2,2,1,1,2,2,2,2,-0.0124724090234511
2,2,2,2,2,2,2,2,2,2,2,2,2,2,2,2,3,1,2,2,2,2,0.010339421719984
2,2,2,2,2,2,2,2,2,2,2,2,2,2,2,2,2,1,1,2,2,2,-0.0341823478193858
2,2,2,2,2,2,2,2,2,2,2,2,2,2,2,2,2,1,3,2,2,2,-0.000510125964621061
2,2,2,2,2,2,2,2,2,2,2,2,2,2,2,2,2,1,2,1,2,2,0.0429872896187855
2,2,2,2,2,2,2,2,2,2,2,2,2,2,2,2,2,1,2,2,1,2,-0.0168777558545808
2,2,2,2,2,2,2,2,2,2,2,2,2,2,2,2,2,1,2,2,3,2,-0.0103561696765061
2,2,2,2,2,2,2,2,2,2,2,2,2,2,2,2,2,1,2,2,2,3,0.00264255047106814
3,4,4,4,4,4,4,4,4,4,4,4,4,4,4,4,4,4,4,4,4,4,0.033389583847439
5,4,4,4,4,4,4,4,4,4,4,4,4,4,4,4,4,4,4,4,4,4,-0.0113621297646838
4,3,4,4,4,4,4,4,4,4,4,4,4,4,4,4,4,4,4,4,4,4,0.0490975149061688
4,5,4,4,4,4,4,4,4,4,4,4,4,4,4,4,4,4,4,4,4,4,-0.00917955200277651
4,4,3,4,4,4,4,4,4,4,4,4,4,4,4,4,4,4,4,4,4,4,-0.0179754200486547
4,4,5,4,4,4,4,4,4,4,4,4,4,4,4,4,4,4,4,4,4,4,-0.0183472066781807
4,4,4,3,4,4,4,4,4,4,4,4,4,4,4,4,4,4,4,4,4,4,0.0256571581777057
4,4,4,5,4,4,4,4,4,4,4,4,4,4,4,4,4,4,4,4,4,4,-0.0124130083207892
4,4,4,4,3,4,4,4,4,4,4,4,4,4,4,4,4,4,4,4,4,4,0.0122623007604761
4,4,4,4,5,4,4,4,4,4,4,4,4,4,4,4,4,4,4,4,4,4,-0.0142351088113477
4,4,4,4,4,3,4,4,4,4,4,4,4,4,4,4,4,4,4,4,4,4,0.0267287325052503
4,4,4,4,4,5,4,4,4,4,4,4,4,4,4,4,4,4,4,4,4,4,-0.0122668681156484
4,4,4,4,4,4,3,4,4,4,4,4,4,4,4,4,4,4,4,4,4,4,0.0342139338919847
4,4,4,4,4,4,5,4,4,4,4,4,4,4,4,4,4,4,4,4,4,4,-0.0113125653785153
4,4,4,4,4,4,4,3,4,4,4,4,4,4,4,4,4,4,4,4,4,4,-0.0179752759823421
4,4,4,4,4,4,4,5,4,4,4,4,4,4,4,4,4,4,4,4,4,4,-0.0183473530038019
4,4,4,4,4,4,4,4,3,4,4,4,4,4,4,4,4,4,4,4,4,4,0.0226433900903684
4,4,4,4,4,4,4,4,5,4,4,4,4,4,4,4,4,4,4,4,4,4,-0.0128231754232686
4,4,4,4,4,4,4,4,4,3,4,4,4,4,4,4,4,4,4,4,4,4,0.0122621431036502
4,4,4,4,4,4,4,4,4,5,4,4,4,4,4,4,4,4,4,4,4,4,-0.0142349977899512
4,4,4,4,4,4,4,4,4,4,3,4,4,4,4,4,4,4,4,4,4,4,0.0341628442658845
4,4,4,4,4,4,4,4,4,4,5,4,4,4,4,4,4,4,4,4,4,4,-0.0112567098846409
4,4,4,4,4,4,4,4,4,4,4,3,4,4,4,4,4,4,4,4,4,4,-0.0179755042739828
4,4,4,4,4,4,4,4,4,4,4,5,4,4,4,4,4,4,4,4,4,4,-0.0183472118177482
4,4,4,4,4,4,4,4,4,4,4,4,3,4,4,4,4,4,4,4,4,4,0.0122621714974356
4,4,4,4,4,4,4,4,4,4,4,4,5,4,4,4,4,4,4,4,4,4,-0.0142350033750886
4,4,4,4,4,4,4,4,4,4,4,4,4,3,4,4,4,4,4,4,4,4,0.0425288040510435
4,4,4,4,4,4,4,4,4,4,4,4,4,5,4,4,4,4,4,4,4,4,0.0244119055297762
4,4,4,4,4,4,4,4,4,4,4,4,4,4,3,4,4,4,4,4,4,4,-0.0179751309699278
4,4,4,4,4,4,4,4,4,4,4,4,4,4,5,4,4,4,4,4,4,4,-0.0183474838948152
4,4,4,4,4,4,4,4,4,4,4,4,4,4,4,3,4,4,4,4,4,4,0.0172055461703498
4,4,4,4,4,4,4,4,4,4,4,4,4,4,4,5,4,4,4,4,4,4,-0.0135627730672764
4,4,4,4,4,4,4,4,4,4,4,4,4,4,4,4,3,4,4,4,4,4,-0.0112320012807017
4,4,4,4,4,4,4,4,4,4,4,4,4,4,4,4,5,4,4,4,4,4,0.0305086814223403
4,4,4,4,4,4,4,4,4,4,4,4,4,4,4,4,4,3,4,4,4,4,-0.0179753147364736
4,4,4,4,4,4,4,4,4,4,4,4,4,4,4,4,4,5,4,4,4,4,-0.0183473000273184
4,4,4,4,4,4,4,4,4,4,4,4,4,4,4,4,4,4,3,4,4,4,-0.0179759638202847
4,4,4,4,4,4,4,4,4,4,4,4,4,4,4,4,4,4,5,4,4,4,-0.018347045030717
4,4,4,4,4,4,4,4,4,4,4,4,4,4,4,4,4,4,4,3,4,4,-0.0142526468566942
4,4,4,4,4,4,4,4,4,4,4,4,4,4,4,4,4,4,4,5,4,4,0.0090243180124451
4,4,4,4,4,4,4,4,4,4,4,4,4,4,4,4,4,4,4,4,3,4,0.0163743618838571
4,4,4,4,4,4,4,4,4,4,4,4,4,4,4,4,4,4,4,4,5,4,0.0160024323482989
4,4,4,4,4,4,4,4,4,4,4,4,4,4,4,4,4,4,4,4,4,3,0.0319548153276556
4,4,4,4,4,4,4,4,4,4,4,4,4,4,4,4,4,4,4,4,4,5,-0.0115263205042553
1,2,2,2,2,2,2,2,2,2,2,2,2,2,2,2,3,2,2,2,2,2,-0.0098747888604471
3,2,2,2,2,2,2,2,2,2,2,2,2,2,2,2,3,2,2,2,2,2,-0.00353211753888679
2,3,2,2,2,2,2,2,2,2,2,2,2,2,2,2,3,2,2,2,2,2,-0.00206303214378521
2,2,1,2,2,2,2,2,2,2,2,2,2,2,2,2,3,2,2,2,2,2,-0.0077839758746438
2,2,3,2,2,2,2,2,2,2,2,2,2,2,2,2,3,2,2,2,2,2,0.00250616480707792
2,2,2,3,2,2,2,2,2,2,2,2,2,2,2,2,3,2,2,2,2,2,0.0080755718822188
2,2,2,2,1,2,2,2,2,2,2,2,2,2,2,2,3,2,2,2,2,2,-0.00487601737540124
2,2,2,2,3,2,2,2,2,2,2,2,2,2,2,2,3,2,2,2,2,2,-0.00980296682166912
2,2,2,2,2,1,2,2,2,2,2,2,2,2,2,2,3,2,2,2,2,2,-0.0113468155332033
2,2,2,2,2,3,2,2,2,2,2,2,2,2,2,2,3,2,2,2,2,2,0.0531354367996368
2,2,2,2,2,2,1,2,2,2,2,2,2,2,2,2,3,2,2,2,2,2,-0.00648454359575294
2,2,2,2,2,2,3,2,2,2,2,2,2,2,2,2,3,2,2,2,2,2,0.00213038492289816
2,2,2,2,2,2,2,1,2,2,2,2,2,2,2,2,3,2,2,2,2,2,-0.00246005991128506
2,2,2,2,2,2,2,3,2,2,2,2,2,2,2,2,3,2,2,2,2,2,-0.0146324278184887
2,2,2,2,2,2,2,2,1,2,2,2,2,2,2,2,3,2,2,2,2,2,-0.0136170314784379
2,2,2,2,2,2,2,2,3,2,2,2,2,2,2,2,3,2,2,2,2,2,-0.00104104304683431
2,2,2,2,2,2,2,2,2,1,2,2,2,2,2,2,3,2,2,2,2,2,-0.00615268495738862
2,2,2,2,2,2,2,2,2,3,2,2,2,2,2,2,3,2,2,2,2,2,-0.00411298689594573
2,2,2,2,2,2,2,2,2,2,1,2,2,2,2,2,3,2,2,2,2,2,-0.00575144584545586
2,2,2,2,2,2,2,2,2,2,3,2,2,2,2,2,3,2,2,2,2,2,-0.00791608329416646
2,2,2,2,2,2,2,2,2,2,2,1,2,2,2,2,3,2,2,2,2,2,-0.0068079468699307
2,2,2,2,2,2,2,2,2,2,2,3,2,2,2,2,3,2,2,2,2,2,-0.00371698525091635
2,2,2,2,2,2,2,2,2,2,2,2,1,2,2,2,3,2,2,2,2,2,-0.0104229369541747
2,2,2,2,2,2,2,2,2,2,2,2,3,2,2,2,3,2,2,2,2,2,-0.0137088179104107
2,2,2,2,2,2,2,2,2,2,2,2,2,1,2,2,3,2,2,2,2,2,-0.0104584690301178
2,2,2,2,2,2,2,2,2,2,2,2,2,3,2,2,3,2,2,2,2,2,-0.00210159457718269
2,2,2,2,2,2,2,2,2,2,2,2,2,2,1,2,3,2,2,2,2,2,-0.0112374586011093
2,2,2,2,2,2,2,2,2,2,2,2,2,2,3,2,3,2,2,2,2,2,-0.000566056686076353
2,2,2,2,2,2,2,2,2,2,2,2,2,2,2,1,3,2,2,2,2,2,-0.00490326066686487
2,2,2,2,2,2,2,2,2,2,2,2,2,2,2,3,3,2,2,2,2,2,-0.0028059755560874
2,2,2,2,2,2,2,2,2,2,2,2,2,2,2,2,4,2,2,2,2,2,0.00454881237425136
2,2,2,2,2,2,2,2,2,2,2,2,2,2,2,2,3,3,2,2,2,2,-0.00149752840842006
2,2,2,2,2,2,2,2,2,2,2,2,2,2,2,2,3,2,1,2,2,2,-0.0306742363956968
2,2,2,2,2,2,2,2,2,2,2,2,2,2,2,2,3,2,3,2,2,2,0.00376973019540524
2,2,2,2,2,2,2,2,2,2,2,2,2,2,2,2,3,2,2,1,2,2,0.0112282985310732
2,2,2,2,2,2,2,2,2,2,2,2,2,2,2,2,3,2,2,2,1,2,-0.0128334624685352
2,2,2,2,2,2,2,2,2,2,2,2,2,2,2,2,3,2,2,2,3,2,-0.00435191305934835
2,2,2,2,2,2,2,2,2,2,2,2,2,2,2,2,3,2,2,2,2,3,-0.000906222380793132
1,2,2,2,2,2,2,2,2,2,2,2,2,2,2,2,4,2,2,3,2,2,-0.00297366679895339
3,2,2,2,2,2,2,2,2,2,2,2,2,2,2,2,4,2,2,3,2,2,0.00423898679168621
2,1,2,2,2,2,2,2,2,2,2,2,2,2,2,2,4,2,2,3,2,2,-0.00484001257043661
2,3,2,2,2,2,2,2,2,2,2,2,2,2,2,2,4,2,2,3,2,2,0.000930978998381526
2,2,1,2,2,2,2,2,2,2,2,2,2,2,2,2,4,2,2,3,2,2,0.00114051458806776
2,2,3,2,2,2,2,2,2,2,2,2,2,2,2,2,4,2,2,3,2,2,0.00339597074448446
2,2,2,1,2,2,2,2,2,2,2,2,2,2,2,2,4,2,2,3,2,2,-0.00826213757251266
2,2,2,3,2,2,2,2,2,2,2,2,2,2,2,2,4,2,2,3,2,2,0.00465014842989169
2,2,2,2,1,2,2,2,2,2,2,2,2,2,2,2,4,2,2,3,2,2,-0.0004819676306977
2,2,2,2,3,2,2,2,2,2,2,2,2,2,2,2,4,2,2,3,2,2,0.000937245700874047
2,2,2,2,2,1,2,2,2,2,2,2,2,2,2,2,4,2,2,3,2,2,-0.00406443951280087
2,2,2,2,2,3,2,2,2,2,2,2,2,2,2,2,4,2,2,3,2,2,0.00949532652988455
2,2,2,2,2,2,1,2,2,2,2,2,2,2,2,2,4,2,2,3,2,2,-0.0000188979572265744
2,2,2,2,2,2,3,2,2,2,2,2,2,2,2,2,4,2,2,3,2,2,0.00379806271829149
2,2,2,2,2,2,2,1,2,2,2,2,2,2,2,2,4,2,2,3,2,2,0.000576192865733691
2,2,2,2,2,2,2,3,2,2,2,2,2,2,2,2,4,2,2,3,2,2,-0.00402622731339478
2,2,2,2,2,2,2,2,1,2,2,2,2,2,2,2,4,2,2,3,2,2,-0.00129286674575547
2,2,2,2,2,2,2,2,3,2,2,2,2,2,2,2,4,2,2,3,2,2,0.00350413390170635
2,2,2,2,2,2,2,2,2,1,2,2,2,2,2,2,4,2,2,3,2,2,0.00181669681999197
2,2,2,2,2,2,2,2,2,3,2,2,2,2,2,2,4,2,2,3,2,2,0.0027980512671141
2,2,2,2,2,2,2,2,2,2,1,2,2,2,2,2,4,2,2,3,2,2,0.00306544050119139
2,2,2,2,2,2,2,2,2,2,3,2,2,2,2,2,4,2,2,3,2,2,0.00262430499031657
2,2,2,2,2,2,2,2,2,2,2,1,2,2,2,2,4,2,2,3,2,2,-0.00300762910167135
2,2,2,2,2,2,2,2,2,2,2,3,2,2,2,2,4,2,2,3,2,2,0.0041007964288023
2,2,2,2,2,2,2,2,2,2,2,2,1,2,2,2,4,2,2,3,2,2,0.00155315025086693
2,2,2,2,2,2,2,2,2,2,2,2,3,2,2,2,4,2,2,3,2,2,-0.0063835969191986
2,2,2,2,2,2,2,2,2,2,2,2,2,1,2,2,4,2,2,3,2,2,0.000493879438506998
2,2,2,2,2,2,2,2,2,2,2,2,2,3,2,2,4,2,2,3,2,2,0.0331603799324847
2,2,2,2,2,2,2,2,2,2,2,2,2,2,1,2,4,2,2,3,2,2,-0.000144796216455748
2,2,2,2,2,2,2,2,2,2,2,2,2,2,3,2,4,2,2,3,2,2,0.00115938369917488
2,2,2,2,2,2,2,2,2,2,2,2,2,2,2,1,4,2,2,3,2,2,0.00382242911742148
2,2,2,2,2,2,2,2,2,2,2,2,2,2,2,3,4,2,2,3,2,2,-0.00169777619332652
2,2,2,2,2,2,2,2,2,2,2,2,2,2,2,2,5,2,2,3,2,2,-0.00390365480416222
2,2,2,2,2,2,2,2,2,2,2,2,2,2,2,2,4,1,2,3,2,2,-0.00926202896383502
2,2,2,2,2,2,2,2,2,2,2,2,2,2,2,2,4,3,2,3,2,2,0.00383367585156056
2,2,2,2,2,2,2,2,2,2,2,2,2,2,2,2,4,2,1,3,2,2,-0.00464373494469363
2,2,2,2,2,2,2,2,2,2,2,2,2,2,2,2,4,2,3,3,2,2,0.0022611729250074
2,2,2,2,2,2,2,2,2,2,2,2,2,2,2,2,4,2,2,4,2,2,0.0446354957482468
2,2,2,2,2,2,2,2,2,2,2,2,2,2,2,2,4,2,2,3,1,2,-0.000972326175021217
2,2,2,2,2,2,2,2,2,2,2,2,2,2,2,2,4,2,2,3,3,2,0.00341290893242012
2,2,2,2,2,2,2,2,2,2,2,2,2,2,2,2,4,2,2,3,2,1,-0.00623027735959285
2,2,2,2,2,2,2,2,2,2,2,2,2,2,2,2,4,2,2,3,2,3,-0.0000190730475910461
2,3,3,3,3,3,3,3,3,3,3,3,3,3,3,3,3,3,3,3,3,3,-0.0065005795214387
4,3,3,3,3,3,3,3,3,3,3,3,3,3,3,3,3,3,3,3,3,3,-0.0073167281262362
3,2,3,3,3,3,3,3,3,3,3,3,3,3,3,3,3,3,3,3,3,3,0.053098755900992
3,4,3,3,3,3,3,3,3,3,3,3,3,3,3,3,3,3,3,3,3,3,0.000810656126715807
3,3,2,3,3,3,3,3,3,3,3,3,3,3,3,3,3,3,3,3,3,3,-0.00656033441831488
3,3,4,3,3,3,3,3,3,3,3,3,3,3,3,3,3,3,3,3,3,3,-0.00730726768160656
3,3,3,2,3,3,3,3,3,3,3,3,3,3,3,3,3,3,3,3,3,3,-0.0068765198529765
3,3,3,4,3,3,3,3,3,3,3,3,3,3,3,3,3,3,3,3,3,3,-0.00715390485173308
3,3,3,3,2,3,3,3,3,3,3,3,3,3,3,3,3,3,3,3,3,3,-0.00653852451730678
3,3,3,3,4,3,3,3,3,3,3,3,3,3,3,3,3,3,3,3,3,3,-0.00730358515027511
3,3,3,3,3,2,3,3,3,3,3,3,3,3,3,3,3,3,3,3,3,3,-0.00684116808710336
3,3,3,3,3,4,3,3,3,3,3,3,3,3,3,3,3,3,3,3,3,3,-0.00708650877539912
3,3,3,3,3,3,2,3,3,3,3,3,3,3,3,3,3,3,3,3,3,3,-0.00231967402591738
3,3,3,3,3,3,4,3,3,3,3,3,3,3,3,3,3,3,3,3,3,3,0.0235589240285807
3,3,3,3,3,3,3,2,3,3,3,3,3,3,3,3,3,3,3,3,3,3,-0.00645331991806531
3,3,3,3,3,3,3,4,3,3,3,3,3,3,3,3,3,3,3,3,3,3,-0.00739018683555379
3,3,3,3,3,3,3,3,2,3,3,3,3,3,3,3,3,3,3,3,3,3,-0.00669038387966104
3,3,3,3,3,3,3,3,4,3,3,3,3,3,3,3,3,3,3,3,3,3,-0.00722780023889993
3,3,3,3,3,3,3,3,3,2,3,3,3,3,3,3,3,3,3,3,3,3,-0.00661529818823425
3,3,3,3,3,3,3,3,3,4,3,3,3,3,3,3,3,3,3,3,3,3,-0.00725264737579234
3,3,3,3,3,3,3,3,3,3,2,3,3,3,3,3,3,3,3,3,3,3,-0.00656266442639041
3,3,3,3,3,3,3,3,3,3,4,3,3,3,3,3,3,3,3,3,3,3,-0.00725419319284575
3,3,3,3,3,3,3,3,3,3,3,2,3,3,3,3,3,3,3,3,3,3,-0.00657070922041292
3,3,3,3,3,3,3,3,3,3,3,4,3,3,3,3,3,3,3,3,3,3,-0.00732362576649701
3,3,3,3,3,3,3,3,3,3,3,3,2,3,3,3,3,3,3,3,3,3,-0.00654338873462286
3,3,3,3,3,3,3,3,3,3,3,3,4,3,3,3,3,3,3,3,3,3,-0.00729946081352251
3,3,3,3,3,3,3,3,3,3,3,3,3,2,3,3,3,3,3,3,3,3,-0.00687861331331733
3,3,3,3,3,3,3,3,3,3,3,3,3,4,3,3,3,3,3,3,3,3,-0.00708728320531916
3,3,3,3,3,3,3,3,3,3,3,3,3,3,2,3,3,3,3,3,3,3,-0.00646048929312683
3,3,3,3,3,3,3,3,3,3,3,3,3,3,4,3,3,3,3,3,3,3,-0.00740621996455638
3,3,3,3,3,3,3,3,3,3,3,3,3,3,3,2,3,3,3,3,3,3,-0.00658448043589344
3,3,3,3,3,3,3,3,3,3,3,3,3,3,3,4,3,3,3,3,3,3,-0.00724815711085077
3,3,3,3,3,3,3,3,3,3,3,3,3,3,3,3,2,3,3,3,3,3,-0.00138605291706129
3,3,3,3,3,3,3,3,3,3,3,3,3,3,3,3,4,3,3,3,3,3,0.0319289769173867
3,3,3,3,3,3,3,3,3,3,3,3,3,3,3,3,3,2,3,3,3,3,-0.00648287908041373
3,3,3,3,3,3,3,3,3,3,3,3,3,3,3,3,3,4,3,3,3,3,-0.00735852160451974
3,3,3,3,3,3,3,3,3,3,3,3,3,3,3,3,3,3,2,3,3,3,-0.00673122513822413
3,3,3,3,3,3,3,3,3,3,3,3,3,3,3,3,3,3,4,3,3,3,-0.00727409243006347
3,3,3,3,3,3,3,3,3,3,3,3,3,3,3,3,3,3,3,2,3,3,-0.00635177944459966
3,3,3,3,3,3,3,3,3,3,3,3,3,3,3,3,3,3,3,4,3,3,-0.00752710563915713
3,3,3,3,3,3,3,3,3,3,3,3,3,3,3,3,3,3,3,3,2,3,-0.00662468013916983
3,3,3,3,3,3,3,3,3,3,3,3,3,3,3,3,3,3,3,3,4,3,-0.00731241598664473
3,3,3,3,3,3,3,3,3,3,3,3,3,3,3,3,3,3,3,3,3,2,0.0326223159318546
3,3,3,3,3,3,3,3,3,3,3,3,3,3,3,3,3,3,3,3,3,4,-0.00188680672073144
1,2,2,2,2,2,2,2,2,2,2,2,2,2,2,2,3,2,2,3,2,1,0.0146013968482494
3,2,2,2,2,2,2,2,2,2,2,2,2,2,2,2,3,2,2,3,2,1,0.000341315861014194
2,1,2,2,2,2,2,2,2,2,2,2,2,2,2,2,3,2,2,3,2,1,0.0000705657738574775
2,3,2,2,2,2,2,2,2,2,2,2,2,2,2,2,3,2,2,3,2,1,-0.00479167477437346
2,2,1,2,2,2,2,2,2,2,2,2,2,2,2,2,3,2,2,3,2,1,-0.00137711872483515
2,2,3,2,2,2,2,2,2,2,2,2,2,2,2,2,3,2,2,3,2,1,-0.000690452906080374
2,2,2,1,2,2,2,2,2,2,2,2,2,2,2,2,3,2,2,3,2,1,-0.0216259240598106
2,2,2,3,2,2,2,2,2,2,2,2,2,2,2,2,3,2,2,3,2,1,0.0034624497478119
2,2,2,2,1,2,2,2,2,2,2,2,2,2,2,2,3,2,2,3,2,1,0.0304999695816405
2,2,2,2,3,2,2,2,2,2,2,2,2,2,2,2,3,2,2,3,2,1,0.0169286372216746
2,2,2,2,2,1,2,2,2,2,2,2,2,2,2,2,3,2,2,3,2,1,-0.00866081737998348
2,2,2,2,2,3,2,2,2,2,2,2,2,2,2,2,3,2,2,3,2,1,0.0044665713781604
2,2,2,2,2,2,1,2,2,2,2,2,2,2,2,2,3,2,2,3,2,1,-0.00337520456669666
2,2,2,2,2,2,3,2,2,2,2,2,2,2,2,2,3,2,2,3,2,1,-0.00217711569374638
2,2,2,2,2,2,2,1,2,2,2,2,2,2,2,2,3,2,2,3,2,1,-0.00187264597979044
2,2,2,2,2,2,2,3,2,2,2,2,2,2,2,2,3,2,2,3,2,1,0.0120992870295065
2,2,2,2,2,2,2,2,1,2,2,2,2,2,2,2,3,2,2,3,2,1,0.0144571351545098
2,2,2,2,2,2,2,2,3,2,2,2,2,2,2,2,3,2,2,3,2,1,0.00230692869748947
2,2,2,2,2,2,2,2,2,1,2,2,2,2,2,2,3,2,2,3,2,1,0.0100045949731346
2,2,2,2,2,2,2,2,2,3,2,2,2,2,2,2,3,2,2,3,2,1,-0.000253964717703758
2,2,2,2,2,2,2,2,2,2,1,2,2,2,2,2,3,2,2,3,2,1,-0.00258191236698979
2,2,2,2,2,2,2,2,2,2,3,2,2,2,2,2,3,2,2,3,2,1,-0.00306779949494801
2,2,2,2,2,2,2,2,2,2,2,1,2,2,2,2,3,2,2,3,2,1,-0.00850765871763091
2,2,2,2,2,2,2,2,2,2,2,3,2,2,2,2,3,2,2,3,2,1,-0.00121122534453479
2,2,2,2,2,2,2,2,2,2,2,2,1,2,2,2,3,2,2,3,2,1,-0.00715970428130269
2,2,2,2,2,2,2,2,2,2,2,2,3,2,2,2,3,2,2,3,2,1,-0.00406781770798307
2,2,2,2,2,2,2,2,2,2,2,2,2,1,2,2,3,2,2,3,2,1,-0.00623741423481854
2,2,2,2,2,2,2,2,2,2,2,2,2,3,2,2,3,2,2,3,2,1,0.00302583266175804
2,2,2,2,2,2,2,2,2,2,2,2,2,2,1,2,3,2,2,3,2,1,0.00988397669331839
2,2,2,2,2,2,2,2,2,2,2,2,2,2,3,2,3,2,2,3,2,1,0.0172557451524763
2,2,2,2,2,2,2,2,2,2,2,2,2,2,2,1,3,2,2,3,2,1,0.000359467643693255
2,2,2,2,2,2,2,2,2,2,2,2,2,2,2,3,3,2,2,3,2,1,-0.00379093814040534
2,2,2,2,2,2,2,2,2,2,2,2,2,2,2,2,3,1,2,3,2,1,0.0154974987673758
2,2,2,2,2,2,2,2,2,2,2,2,2,2,2,2,3,3,2,3,2,1,0.00338245012603819
2,2,2,2,2,2,2,2,2,2,2,2,2,2,2,2,3,2,1,3,2,1,-0.0110918771970605
2,2,2,2,2,2,2,2,2,2,2,2,2,2,2,2,3,2,3,3,2,1,-0.0000776148930497807
2,2,2,2,2,2,2,2,2,2,2,2,2,2,2,2,3,2,2,4,2,1,-0.00815824183451301
2,2,2,2,2,2,2,2,2,2,2,2,2,2,2,2,3,2,2,3,1,1,-0.00841875826655379
2,2,2,2,2,2,2,2,2,2,2,2,2,2,2,2,3,2,2,3,3,1,0.000893411734154353
0.226732050143614,0.226732050143614,0.226732050143614,0.226732050143614,0.226732050143614,0.226732050143614,0.226732050143614,0.226732050143614,0.226732050143614,0.226732050143614,0.226732050143614,0.226732050143614,0.226732050143614,0.226732050143614,0.226732050143614,0.226732050143614,0.226732050143614,0.226732050143614,0.226732050143614,0.226732050143614,0.226732050143614,0.226732050143614,0.226732050143614
