102426
104930
107430
110050
112657
115456
118270
121106
124041
127149
130322
133588
136845
140267
143648
147213
150887
154536
158217
162098
166055
170078
174305
178455
182869
187397
191966
196588
201567
206556
211656
216893
222078
227518
233217
238845
244743
250648
256708
263045
269589
276260
283057
290008
297167
304434
311971
319854
327696
335921
344460
352977
361682
370724
379829
389313
398894
408735
418953
429485
440175
451062
462206
473927
485663
497896
510236
523031
535973
549503
563248
577488
592096
606885
622047
637666
653498
669749
686595
703667
721124
739158
757668
776773
796332
816471
837039
858052
879864
902083
924955
948361
972475
996788
1021683
1047309
1073788
1100986
1128764
1157264
1186693
1217060
1247849
1279579
1312170
1345334
1379324
1414113
1450045
1486990
1524599
1563189
1602823
1643433
1684989
1727730
1771355
1816137
1862462
1909634
1958419
2008192
20816
21323
21863
22456
23050
23652
24239
24855
25514
26179
26863
27528
28213
28902
29629
30360
31134
31987
32775
33634
34475
35367
36262
37215
38174
39162
40175
41246
42303
43404
44550
45708
46876
48048
49317
50675
52033
53373
54703
56116
57504
58902
60457
62083
63625
65262
66953
68648
70395
72167
74104
76000
77984
80055
82182
84254
86380
88640
90866
93272
95708
98201
100800
103366
106083
108804
111700
114564
117630
120865
124182
127416
130821
134187
137759
141381
145057
148870
152803
156688
160714
164932
169336
173764
178412
183017
187863
192898
198057
203233
208631
214210
220020
225868
231811
237964
244210
250539
257143
263852
270673
277636
284995
292468
300209
308152
316148
324523
333053
341837
350878
360091
369713
379592
389579
399937
410482
421426
432506
444057
455945
468027
480613
493521
506610
520247
534027
548165
562699
577578
592997
608954
625126
641711
658613
676264
694361
712774
731639
750975
771074
791710
812583
834458
856781
879913
903505
927623
952581
978041
1004532
1031884
1059777
1088141
1117438
1147260
1178133
1209747
1241950
1275253
1309328
1344393
1380434
1417381
1455687
1495240
1535496
1576542
1618725
1662033
1706807
1753018
1799857
1848837
1898717
1949976
2002802
20483
21035
21636
22213
22812
23406
23995
24642
25300
25961
26647
27398
28142
28911
29699
30485
31321
32171
33017
33929
34866
35817
36736
37694
38755
39797
40899
42018
43164
44344
45579
46778
48053
49418
50788
52195
53660
55117
56610
58190
59806
61384
63088
64808
66619
68401
70322
72168
74152
76151
78183
80264
82469
84774
87084
89452
91908
94440
96989
99684
102380
105303
108205
111156
114148
117327
120634
124015
127293
130794
134432
138094
141809
145793
149813
153896
158108
162499
166998
171541
176320
181222
186300
191363
196667
202084
207676
213343
219173
225352
231509
237885
244573
251324
258250
265449
272712
280186
287794
295711
303897
312329
320875
329784
338847
348202
357883
367796
378031
388474
399224
410258
421569
433152
444994
457516
470380
483325
496741
510492
524632
539176
554165
569653
585596
602012
618706
635901
653571
671653
690188
709247
728730
749346
770274
791662
813897
836687
859627
883783
908110
933147
959617
986372
1013706
1042285
1071212
1101106
1131997
1163484
1195793
1228826
1263002
1298303
1334264
1371563
1409777
1449048
1489679
1531219
1573974
1617883
1662905
1709536
1757184
1806563
1857196
1909268
1962794
2017691
20826
21421
22059
22717
23345
23972
24648
25345
26065
26820
27533
28303
29124
29965
30797
31679
32543
33501
34410
35371
36337
37381
38441
39478
40590
41784
42923
44094
45301
46481
47797
49130
50453
51859
53274
54809
56305
57954
59542
61186
62949
64666
66441
68336
70311
72274
74314
76382
78626
80856
83188
85525
88024
90466
93039
95650
98438
101229
104119
107052
110085
113142
116426
119638
123027
126551
130106
133841
137698
141589
145569
149626
153904
158313
162807
167422
172131
177053
182104
187335
192585
198096
203694
209538
215508
221576
227812
234254
240876
247766
254827
262079
269580
277161
285181
293255
301495
310090
318891
328027
337445
347032
356961
367319
377539
388272
399567
411013
422524
434490
446923
459728
472698
486205
500234
514622
529326
544345
559897
575704
592180
609297
626698
644490
662885
681705
701048
721184
741477
762691
784437
806722
829849
853596
877914
902900
928926
955488
982833
1010884
1039923
1069834
1100208
1131618
1163759
1197289
1231613
1267345
1303689
1341367
1379691
1419411
1460118
1502310
1545205
1589470
1635263
1681927
1730169
1779644
1830942
1883684
1937744
1993463
2050775
20868
21490
22108
22786
23419
24070
24771
25486
26205
26957
27721
28511
29320
30159
31065
31984
32919
33924
34879
35956
36924
37915
39022
40128
41251
42426
43663
44930
46213
47558
48977
50371
51800
53323
54918
56486
58132
59769
61485
63290
65116
67081
69050
71054
73130
75238
77429
79684
82035
84362
86798
89304
91848
94526
97260
100123
103045
105973
109068
112154
115396
118755
122144
125655
129334
133109
137010
140890
144972
149174
153487
157922
162450
166933
171830
176863
181976
187333
192778
198322
203969
209841
215874
222071
228511
235043
241828
248905
256054
263341
270878
278853
286895
294971
303456
312418
321454
330836
340573
350463
360496
371196
382039
393073
404514
416336
428453
441049
453934
467359
481119
495161
509591
524449
539495
555218
571363
587945
605136
622416
640471
659083
678230
697877
718163
739134
760445
782633
805534
829221
853417
878162
903518
929803
956651
984635
1013311
1042913
1073276
1104829
1136931
1170464
1204742
1239802
1275947
1313286
1351541
1391220
1431457
1473236
1516058
1560206
1605882
1652543
1700426
1749853
1800910
1853835
1908566
1964717
2021876
21178
21797
22418
23082
23775
24465
25190
25895
26702
27469
28262
29072
29937
30838
31736
32670
33583
34563
35528
36603
37686
38823
39980
41171
42381
43572
44885
46199
47550
48972
50413
51901
53474
55057
56739
58462
60294
62102
63910
65781
67701
69698
71735
73818
75936
78222
80605
83010
85370
87832
90342
93023
95739
98616
101443
104459
107505
110635
113846
117229
120738
124254
127970
131755
135594
139532
143507
147856
152205
156639
161214
166044
170944
175905
180999
186457
191897
197650
203396
209238
215392
221791
228328
234978
241955
248976
256293
263954
271783
279639
287894
296277
304814
313721
322896
332428
342271
352349
362545
373221
384107
395506
407179
419291
431876
444520
457568
471159
485017
499522
514350
529705
545481
561518
578133
595023
612642
630698
649249
668503
688465
708771
729619
751168
773451
796310
819532
843942
868632
894564
920902
948094
976129
1005377
1035216
1065712
1097435
1129791
1163094
1197628
1233068
1269365
1306751
1345021
1384941
1425717
1467996
1511356
1556045
1602077
1649732
1698516
1749191
1800911
1854788
1909679
1965919
2024087
20952
21566
22209
22883
23558
24288
24992
25732
26522
27296
28175
28985
29833
30701
31643
32537
33451
34441
35505
36605
37657
38832
39962
41179
42418
43673
44923
46273
47677
49080
50554
52039
53547
55145
56735
58395
60165
62012
63921
65865
67856
69878
71965
74074
76254
78544
80920
83358
85846
88478
91104
93764
96425
99246
102191
105128
108255
111374
114657
118131
121615
125185
128925
132798
136749
140927
145075
149322
153621
158147
162746
167483
172452
177567
182816
188224
193950
199767
205784
211913
218162
224503
231309
238264
245321
252577
260146
267934
275933
283920
292430
301186
310298
319388
328960
338781
348911
359080
369865
380976
392449
404216
416247
428599
441426
454578
468238
482230
496422
511440
526600
542238
558331
574909
591955
609636
627897
646476
665756
685525
706140
727017
748680
770966
794057
817576
841966
867150
892863
919547
947208
975353
1004455
1034660
1065366
1096928
1129752
1163654
1198216
1234141
1270954
1309141
1348313
1388733
1430197
1473129
1516928
1561999
1608613
1656538
1706440
1757715
1810189
1864002
1919866
1977434
2036550
20859
21493
22131
22781
23471
24170
24874
25627
26408
27191
28037
28887
29689
30566
31500
32503
33484
34505
35534
36616
37710
38869
40043
41201
42387
43625
44937
46372
47751
49176
50654
52154
53748
55407
57052
58758
60537
62334
64192
66126
68135
70106
72267
74346
76579
78866
81184
83694
86118
88667
91178
93927
96615
99432
102380
105332
108451
111651
115023
118475
122111
125730
129521
133317
137338
141404
145665
149982
154593
159176
163925
168801
173717
178931
184272
189853
195507
201356
207423
213609
219972
226635
233438
240406
247722
255026
262673
270588
278703
287158
295723
304642
313884
323244
333075
343025
353492
364072
375196
386605
398225
410180
422436
435125
448077
461420
475157
489362
504090
519229
534695
550729
567428
584500
602017
620186
638823
657984
677715
698075
718957
740579
762776
785565
809090
833345
858180
883967
910473
937747
966024
995228
1025090
1056101
1088033
1120743
1154492
1189010
1224424
1261228
1299553
1338811
1379206
1420962
1463680
1507564
1552932
1599552
1647242
1696721
1747781
1800468
1854430
1910264
1967945
2027063
20984
21632
22252
22894
23540
24266
24975
25756
26512
27307
28150
28993
29835
30752
31672
32536
33489
34448
35485
36573
37652
38815
40001
41164
42349
43641
44911
46251
47697
49160
50607
52094
53710
55274
57014
58783
60576
62484
64311
66320
68282
70303
72469
74678
76932
79215
81600
84120
86663
89303
91976
94694
97566
100521
103582
106667
109863
113187
116577
120034
123673
127431
131335
135282
139336
143484
147759
152165
156825
161586
166381
171405
176625
181863
187429
193138
198971
204874
210984
217316
223918
230714
237583
244801
252107
259697
267664
275647
284049
292488
301284
310499
319733
329407
339351
349640
360240
371067
382458
393953
405899
418027
430459
443378
456602
470175
484244
498726
513506
529129
545449
561846
578836
596240
614105
632507
651898
671684
691839
712975
734479
756737
779725
803020
827249
852201
878039
904821
931926
960429
989315
1019368
1050382
1082237
1115033
1148513
1183190
1218806
1255638
1293530
1332454
1372467
1413935
1456513
1500529
1545357
1591919
1639822
1689061
1739871
1792100
1846219
1901709
1959045
2017843
20937
21565
22249
22910
23609
24274
25000
25715
26486
27286
28101
28917
29781
30636
31596
32546
33512
34492
35501
36580
37704
38838
40024
41299
42586
43867
45249
46569
47938
49447
50986
52495
54055
55631
57264
58987
60785
62559
64393
66372
68395
70507
72593
74763
76997
79404
81807
84247
86751
89397
92099
94822
97702
100762
103909
106920
110179
113505
116871
120409
123942
127632
131504
135364
139270
143585
147925
152501
157062
161919
166896
171903
177205
182531
188038
193615
199534
205484
211730
218082
224698
231350
238365
245617
253071
260790
268601
276574
284893
293460
302324
311428
320963
330739
340761
351057
361549
372527
383787
395240
407298
419794
432587
445566
459064
472994
487223
502244
517189
532673
548737
565398
582589
600329
618660
637450
656474
676250
696767
717918
739924
762242
785404
809303
833715
858955
884962
911747
939158
967695
997083
1027424
1058506
1090536
1123571
1157722
1192677
1229124
1266141
1304542
1344192
1384449
1426052
1469374
1513515
1559282
1606891
1655265
1704942
1756549
1810243
1865165
1921672
1980249
2039873
20885
21566
22251
22906
23561
24284
25032
25761
26604
27420
28225
29130
30019
30924
31849
32806
33825
34818
35816
36934
38058
39165
40389
41544
42812
44096
45489
46850
48373
49891
51341
52928
54555
56233
57977
59708
61506
63372
65244
67304
69392
71481
73629
75910
78235
80585
82965
85617
88252
90892
93643
96499
99323
102369
105519
108686
111936
115248
118881
122521
126242
130063
134035
138069
142124
146323
150722
155248
159947
164885
169802
174934
180237
185782
191462
197328
203249
209337
215589
222047
228972
235992
243161
250557
258139
265934
274028
282414
291015
299992
309063
318492
328072
338150
348260
358991
369838
381026
392728
404758
416876
429426
442517
455938
469649
483672
498291
513365
529000
545033
561472
578640
596156
614222
632772
651949
671741
692064
713202
734968
757238
780049
803941
828335
853349
879439
906147
933475
961640
990745
1020759
1051787
1083797
1116578
1150511
1185440
1221477
1258726
1296791
1336287
1376743
1418298
1461197
1505656
1551427
1598807
1647153
1697247
1748168
1800908
1854971
1911536
1969598
2029210
20863
21522
22154
22811
23518
24220
24947
25682
26458
27219
27987
28891
29781
30689
31562
32478
33474
34474
35509
36578
37698
38789
39966
41137
42330
43605
44884
46234
47594
48989
50496
52055
53651
55231
56929
58682
60432
62225
64126
66018
68072
70140
72270
74463
76720
79012
81361
83778
86355
88968
91765
94562
97438
100397
103497
106685
109975
113360
116772
120288
123945
127688
131525
135524
139671
143980
148357
152713
157307
162180
167079
172171
177433
182862
188318
194162
200023
206259
212525
218951
225634
232570
239537
246921
254381
262085
270135
278468
287020
295768
304567
313658
323323
333062
343084
353498
364113
375115
386325
398105
410122
422674
435505
448826
462436
476492
490940
505920
521214
537109
553510
570356
587707
605625
623903
643015
662630
682635
703710
725132
746909
769394
792813
816925
841554
866936
893288
920422
948299
977221
1007143
1037556
1069282
1101871
1135267
1169876
1205600
1242303
1279847
1318441
1358401
1399630
1441900
1485305
1530646
1577298
1625127
1674583
1725494
1778156
1832201
1887516
1945326
2004527
20789
21399
22069
22751
23441
24182
24881
25666
26412
27225
28008
28886
29760
30676
31631
32585
33577
34587
35636
36628
37781
38916
40101
41285
42538
43800
45153
46543
47882
49344
50822
52420
54062
55679
57377
59072
60932
62769
64617
66585
68567
70610
72750
74913
77197
79622
81988
84389
86930
89627
92202
95055
97907
100891
103873
107065
110275
113590
117103
120628
124327
128147
132144
136263
140436
144615
149002
153591
158261
163015
167908
172998
178237
183590
189157
194743
200716
206673
212910
219481
226149
233109
240181
247444
254947
262694
270697
278809
287388
296021
304958
314313
323892
333655
343747
354148
365065
376139
387539
399494
411564
423930
436697
449757
463429
477452
491881
506658
522098
537734
554057
570798
588278
606106
624789
643853
663419
683600
704277
725990
748040
771016
794401
818301
843033
868523
894959
921618
949700
978544
1008276
1039054
1070651
1103185
1136545
1171057
1206430
1243240
1281531
1320517
1360942
1402510
1445352
1489248
1534776
1581362
1629746
1679460
1730631
1783461
1838181
1894067
1951903
2011154
20605
21205
21846
22504
23204
23948
24646
25362
26143
26938
27754
28553
29434
30344
31275
32130
33063
34064
35128
36229
37328
38430
39534
40780
41985
43300
44655
46009
47441
48962
50426
51989
53583
55254
56971
58689
60419
62250
64162
66162
68217
70371
72532
74745
77041
79343
81833
84388
86997
89640
92332
95141
98014
101041
104093
107269
110552
113849
117378
120886
124517
128280
132269
136295
140478
144784
149244
153716
158410
163287
168189
173459
178812
184246
189908
195716
201599
207766
214102
220654
227450
234263
241343
248557
256082
263820
271933
280114
288671
297463
306376
315771
325499
335353
345527
356064
366815
377908
389555
401297
413441
426308
439315
452666
466279
480479
495154
510196
525726
541849
558225
575037
592462
610728
629547
648708
668379
688635
709567
731115
753677
776464
800265
824661
849825
875822
902413
930111
958229
987356
1017368
1048036
1079998
1112998
1146519
1181650
1217945
1254909
1293357
1332726
1373466
1415558
1458699
1503081
1549162
1595923
1644272
1693908
1745205
1798509
1853236
1909828
1968311
2028468
20865
21525
22171
22815
23528
24271
25021
25796
26551
27378
28266
29099
30029
30939
31884
32862
33879
34907
35966
37065
38218
39359
40535
41779
43001
44306
45641
47031
48491
50089
51592
53152
54754
56491
58188
59962
61765
63636
65589
67549
69594
71667
73795
76007
78479
80892
83458
86017
88601
91329
94134
96980
99907
102942
105990
109248
112640
115991
119617
123203
127046
130849
134739
138816
143111
147522
151959
156502
161307
166297
171258
176443
181789
187334
193040
198819
204802
211181
217481
223927
230726
237820
245229
252726
260431
268292
276526
284849
293417
302483
311626
321160
330864
341092
351617
362230
373225
384655
396341
408406
420842
433760
446989
460834
474715
489167
503985
519234
535095
551351
568380
585687
603751
622417
641308
660749
680909
701509
723074
745240
768088
791580
815430
840085
865747
892339
919377
947540
976454
1006215
1036771
1068129
1100693
1134112
1168650
1204128
1241073
1278617
1317507
1357601
1399046
1441932
1485720
1530801
1577322
1625799
1675270
1726046
1778530
1832612
1888438
1945877
2005165
20654
21291
21991
22629
23318
24018
24746
25513
26291
27063
27860
28719
29567
30485
31395
32315
33238
34276
35321
36434
37553
38668
39865
41091
42297
43536
44858
46213
47619
49103
50593
52087
53639
55250
56967
58691
60430
62337
64214
66159
68129
70195
72237
74385
76663
78987
81426
83943
86419
89036
91720
94473
97318
100253
103400
106515
109743
113009
116355
119862
123499
127265
131056
135150
139224
143438
147829
152422
157084
161877
166802
171856
177002
182520
188118
193834
199663
205636
211914
218511
225014
231908
238933
246174
253625
261491
269470
277746
286267
295029
304106
313373
322991
332827
343117
353403
364267
375356
386988
398629
410675
423286
436201
449654
463318
477380
491896
506727
522291
538099
554790
571762
589303
607331
625761
644797
664377
684788
705513
726834
749038
772003
795410
819795
844730
870514
897103
924456
952649
981577
1011254
1042164
1074009
1106722
1140549
1175370
1211301
1248375
1286549
1325988
1366471
1408404
1451474
1495724
1541059
1588040
1636097
1685936
1737470
1790533
1845136
1901047
1958968
2018763
20708
21304
21974
22605
23251
23995
24715
25454
26236
27069
27918
28749
29632
30552
31502
32441
33468
34505
35531
36604
37685
38846
40072
41329
42569
43823
45117
46515
47896
49321
50770
52379
54018
55674
57329
59069
60892
62709
64519
66510
68476
70532
72754
74926
77186
79553
82032
84572
87163
89832
92577
95326
98312
101381
104438
107604
110807
114128
117590
121196
124828
128698
132627
136766
140966
145202
149694
154245
158983
163846
168846
174058
179464
184880
190564
196249
202345
208523
214924
221417
228166
235173
242407
249750
257313
265254
273175
281409
289914
298679
307793
317134
326793
336651
346932
357513
368437
379719
391300
403065
415541
428279
441290
454639
468579
482819
497491
512518
528288
544409
561033
578142
595590
613735
632446
651759
671558
692096
713186
734892
757105
780198
804160
828854
854205
880216
907063
934972
963757
992962
1023339
1054478
1086703
1119837
1153885
1189154
1225486
1262993
1301537
1341151
1382084
1424333
1467369
1512559
1558800
1606288
1655177
1705569
1757537
1811403
1866967
1923937
1982924
2043476
21255
21889
22545
23236
23932
24622
25389
26158
26944
27762
28627
29485
30405
31324
32265
33183
34163
35273
36372
37415
38599
39754
41002
42249
43505
44791
46204
47629
49085
50582
52093
53682
55328
57005
58838
60661
62517
64410
66319
68407
70491
72578
74787
77130
79440
81967
84494
87046
89691
92473
95222
98119
101098
104123
107278
110614
114035
117417
120967
124567
128369
132310
136320
140447
144740
149177
153750
158376
163261
168368
173551
178912
184395
190020
195837
201784
207778
214062
220686
227461
234492
241653
249143
256797
264731
272747
281029
289701
298524
307669
316946
326721
336680
346973
357589
368423
379731
391292
403072
415231
427830
440847
454192
468090
482258
496965
512134
527962
544086
560730
577888
595366
613368
632014
651331
671184
691575
712555
734379
756816
779949
803765
828157
853395
879349
906322
934000
962673
992156
1022320
1053623
1085849
1119141
1153286
1188280
1224526
1261857
1300364
1339927
1380814
1423259
1466710
1511528
1557647
1605348
1654467
1704772
1756508
1809987
1865130
1922032
1980456
2041033
20704
21324
21961
22642
23338
24053
24752
25516
26289
27088
27961
28804
29719
30594
31511
32462
33495
34526
35583
36686
37755
38872
40094
41294
42500
43792
45170
46556
47979
49406
50973
52504
54102
55727
57359
59107
60909
62835
64781
66718
68735
70920
73074
75224
77547
79880
82312
84844
87341
90002
92717
95557
98450
101547
104698
107908
111153
114694
118207
121787
125518
129258
133136
137122
141309
145631
150144
154693
159330
164119
169151
174356
179673
185287
190970
196740
202745
208877
215118
221642
228515
235532
242739
250244
257762
265807
273816
282134
290609
299586
308575
318131
327794
337898
348112
358802
369837
381123
392792
404638
417073
429854
443107
456400
470207
484746
499312
514612
530452
546489
563124
580271
597913
616273
635034
654230
674080
694710
715748
737785
760335
783414
807502
832711
858318
884339
911338
939098
968017
997547
1028048
1059282
1091330
1124626
1158821
1194174
1230739
1268280
1306767
1346727
1387955
1430308
1473765
1518753
1565192
1613004
1661990
1712987
1764999
1818867
1874326
1931558
1990580
2051308
21298
21928
22633
23354
24085
24812
25560
26407
27222
28033
28896
29760
30654
31623
32650
33661
34708
35712
36798
37895
39075
40266
41514
42837
44116
45476
46777
48209
49734
51336
52901
54429
56049
57702
59482
61245
63163
65096
67057
69116
