102447
104916
107435
109983
112723
115462
118231
120972
123930
126987
130100
133289
136463
139857
143242
146818
150382
154087
157798
161618
165609
169714
173872
178125
182567
187051
191580
196289
201130
206089
211209
216337
221610
226967
232654
238355
244259
250322
256430
262883
269433
276213
283020
289865
297017
304517
312002
319664
327470
335595
344135
352608
361298
370192
379288
388767
398344
408308
418458
428916
439684
450628
461862
473332
485190
497113
509517
522184
535151
548357
561994
576046
590407
605351
620617
636291
652068
668422
685313
702528
720094
738018
756443
775382
794838
814944
835557
856290
877840
899951
922359
945644
969423
993900
1018891
1044435
1070767
1097673
1125317
1153837
1182942
1213057
1243699
1275212
1307303
1340691
1374597
1409489
1445001
1481922
1519457
1558124
1597432
1638080
1679898
1722762
1766376
1811409
1857434
1904821
1953141
2003032
20560
21089
21622
22169
22742
23304
23896
24478
25098
25726
26412
27069
27782
28509
29210
29955
30721
31487
32296
33144
34043
34943
35836
36784
37671
38609
39579
40627
41661
42736
43876
45015
46171
47341
48580
49854
51183
52483
53834
55230
56669
58131
59706
61284
62881
64529
66171
67882
69629
71467
73366
75143
77165
79149
81240
83394
85670
87823
90019
92387
94771
97283
99818
102406
105043
107788
110600
113442
116405
119462
122571
125737
128976
132277
135743
139284
142917
146683
150522
154526
158590
162693
166971
171268
175716
180489
185181
190040
195113
200235
205451
210817
216313
221944
227860
233924
240131
246345
252889
259555
266317
273464
280783
288218
295914
303771
311833
319997
328524
337112
345963
355107
364574
374195
384072
394496
404699
415310
426335
437655
449278
461244
473406
486071
499049
512511
526059
540239
554731
569397
584668
600088
615888
632343
649311
666451
684016
702360
721198
740628
760317
780547
801531
822921
844889
867560
891034
914772
939206
964242
989973
1016504
1043868
1071877
1100720
1130316
1160620
1191591
1223427
1256230
1289938
1324361
1359865
1396427
1433800
1472558
1512264
1552881
1594731
1637420
1681257
1726597
1773508
1821091
1869893
1920169
1971920
2025042
21213
21816
22389
22986
23613
24256
24950
25609
26249
26989
27738
28513
29268
30057
30861
31674
32552
33443
34340
35257
36137
37124
38143
39172
40264
41337
42443
43565
44800
46042
47283
48561
49828
51167
52555
53992
55432
56997
58477
60031
61662
63391
65118
66851
68663
70485
72377
74352
76384
78450
80584
82736
84953
87270
89700
92158
94609
97207
99901
102613
105388
108333
111249
114288
117303
120560
123761
127220
130786
134402
138106
141874
145716
149752
153833
158147
162461
166837
171471
176174
180988
186072
191160
196390
201902
207431
213065
219006
225069
231294
237726
244297
251210
258024
265101
272452
279957
287731
295637
303914
312085
320618
329582
338772
347908
357608
367345
377536
387917
398668
409585
420918
432495
444425
456873
469585
482693
496049
510003
524383
538680
553768
568994
584732
601124
617865
634824
652459
670583
689189
708411
728073
748323
769127
790741
812699
835409
858489
882306
906981
932249
958153
985055
1012653
1040626
1069630
1099716
1130709
1162268
1194601
1227803
1261837
1296989
1333360
1370718
1409146
1448001
1488365
1529861
1572709
1616848
1662189
1708545
1756367
1805672
1856239
1908486
1962235
2017063
20673
21263
21847
22473
23115
23767
24397
25080
25788
26470
27206
27940
28728
29509
30331
31180
32081
32992
33872
34865
35832
36789
37861
38895
39962
41098
42204
43396
44655
45904
47186
48554
49838
51270
52720
54257
55814
57401
58968
60652
62418
64135
65952
67845
69720
71722
73726
75779
77975
80216
82500
84803
87196
89563
92173
94783
97430
100150
102947
105936
108981
112056
115217
118463
121702
125185
128798
132457
136187
140051
144034
148004
152143
156488
160945
165571
170196
174952
179930
185145
190267
195486
200856
206691
212581
218698
224972
231308
237889
244569
251524
258698
266055
273673
281411
289414
297561
306101
314855
323829
333063
342529
352487
362437
372740
383544
394463
405639
417019
428839
441031
453446
466323
479533
492983
506905
521280
535832
551201
567044
583444
599957
617176
634569
652703
671220
690418
710321
730907
751516
773026
795149
818039
841525
865455
890254
916047
942509
969561
997051
1025389
1054656
1085084
1116126
1147981
1180807
1214226
1248934
1284565
1321146
1358516
1397882
1438008
1478988
1521496
1565071
1610090
1656624
1704195
1753042
1803298
1855255
1908980
1963808
2020174
20691
21313
21943
22565
23197
23833
24502
25207
25948
26741
27565
28328
29205
30035
30906
31765
32660
33617
34557
35582
36663
37701
38812
39916
41034
42213
43371
44653
45919
47259
48577
50020
51454
52990
54430
55970
57646
59336
61076
62868
64695
66590
68521
70514
72568
74682
76794
79072
81381
83777
86165
88708
91265
93870
96592
99440
102419
105398
108398
111558
114721
118092
121529
125133
128736
132533
136429
140331
144316
148430
152714
157292
161917
166635
171430
176416
181614
186880
192339
197915
203723
209653
215736
221953
228402
235019
241779
248662
255915
263274
270892
278647
286683
295178
303643
312639
321762
331265
340971
350823
361050
371468
382183
393353
404839
416576
428639
441222
454311
467312
480926
494918
509263
524228
539241
554985
571226
587846
604932
622579
640691
659170
678164
697789
718256
739235
760921
783064
805901
829404
853633
878728
904363
930696
957940
985860
1014584
1044069
1074224
1105750
1137716
1170796
1204790
1239734
1276008
1313027
1351763
1391294
1432226
1474264
1517336
1561506
1607366
1654329
1702146
1752019
1803386
1856342
1910834
1967041
2024745
20881
21482
22067
22749
23430
24154
24843
25570
26375
27099
27849
28697
29564
30417
31310
32222
33188
34132
35142
36173
37256
38350
39497
40653
41865
43085
44332
45606
46936
48226
49687
51155
52640
54158
55721
57369
59035
60815
62517
64350
66254
68170
70153
72281
74335
76538
78838
81177
83551
85928
88421
91039
93689
96494
99390
102268
105304
108413
111503
114786
118071
121586
125150
128829
132624
136491
140412
144609
148905
153331
157901
162423
167180
172087
177142
182354
187772
193189
198798
204684
210778
217011
223380
230047
236823
243656
250909
258132
265620
273568
281688
289966
298464
307149
316163
325348
334937
344847
355053
365654
376504
387657
399094
411042
422791
435122
447942
461050
474555
488483
503035
517896
533183
548840
565009
581668
598869
616675
634920
653725
673203
693128
713397
734538
756324
778944
801791
825382
849902
875067
900801
927287
954734
983073
1011752
1041494
1072014
1103922
1136685
1170444
1205378
1241021
1277998
1315904
1354973
1395048
1436274
1478954
1522860
1567997
1614892
1662670
1712154
1762862
1815425
1868626
1923676
1980728
2039263
21119
21711
22314
22997
23653
24379
25116
25888
26647
27422
28239
29067
29934
30795
31709
32642
33539
34516
35563
36614
37717
38873
39985
41156
42369
43656
44908
46262
47663
49059
50507
51990
53556
55166
56840
58478
60233
61984
63814
65673
67608
69496
71610
73714
75948
78157
80510
82966
85447
88040
90637
93306
96071
98881
101803
104809
107888
111132
114520
117828
121427
125197
128969
132751
136591
140681
144789
149052
153550
158088
162866
167780
172807
177927
183330
188712
194169
200063
206104
212243
218563
225053
231829
238808
245993
253243
260676
268569
276489
284712
293173
301787
310967
320146
330006
340009
350212
360745
371504
382624
393948
405487
417672
430198
443177
456450
470094
484149
498645
513426
528997
544744
561002
577787
595072
612695
631109
649829
669118
689037
709733
730872
752794
775033
798164
822021
846471
871618
897604
924261
951950
980357
1009565
1039655
1070402
1102114
1134960
1168924
1204159
1239875
1276697
1315194
1354586
1394618
1436131
1479044
1523126
1568805
1615785
1664161
1713981
1765322
1817845
1872322
1927948
1985542
2044684
21405
22039
22687
23347
24056
24771
25549
26312
27126
27956
28831
29699
30574
31485
32445
33364
34328
35377
36406
37497
38671
39807
40998
42179
43428
44754
46038
47402
48838
50207
51718
53281
54884
56514
58247
60005
61762
63609
65484
67423
69489
71568
73731
75976
78232
80551
82896
85342
87881
90513
93175
95960
98847
101741
104824
107858
111067
114425
117849
121424
125072
128740
132559
136425
140562
144792
149069
153512
158140
162846
167635
172685
177968
183410
188995
194670
200526
206528
212690
219043
225610
232317
239260
246556
253950
261587
269612
277653
286104
294721
303504
312509
321793
331460
341500
351667
361986
372859
384083
395643
407694
419844
432260
445221
458536
472498
486498
501145
516081
531410
547243
563613
580623
597864
615887
634217
653007
672666
692969
714099
735171
757144
779686
803107
826893
852040
877583
903801
931018
958761
987421
1017214
1047723
1079002
1111451
1144940
1179348
1214767
1251422
1289049
1327724
1367609
1408696
1450764
1494336
1539166
1585060
1632721
1681756
1732556
1784105
1837684
1893001
1949908
2008104
20486
21150
21820
22433
23071
23810
24516
25227
26012
26811
27560
28420
29236
30094
31003
31998
32949
33933
34950
36017
37134
38215
39344
40512
41684
42946
44215
45540
46961
48410
49840
51275
52826
54453
56053
57721
59479
61204
63042
64898
66805
68821
70900
72994
75251
77472
79776
82234
84706
87348
90013
92684
95486
98369
101280
104369
107399
110607
113959
117366
120823
124423
128173
132156
136182
140301
144577
148876
153324
157917
162812
167797
172828
177963
183310
188853
194559
200330
206392
212572
218976
225570
232506
239521
246712
254194
261941
269833
277955
286299
295026
303886
313162
322339
331858
341825
351964
362565
373613
384825
396268
408204
420603
433211
446199
459672
473533
487774
502457
517661
533261
549269
565877
583063
600762
618913
637524
656720
676703
697031
718178
739759
762257
785234
808907
833261
858233
883855
910340
937764
965995
995208
1025325
1056379
1088603
1121459
1155373
1190336
1226352
1263653
1301593
1340878
1381192
1423155
1465935
1510323
1556026
1602912
1650999
1700886
1752021
1805205
1859769
1916105
1973649
2033451
21051
21692
22338
22991
23649
24363
25112
25910
26664
27533
28399
29263
30133
31007
31899
32837
33802
34833
35823
36895
38030
39187
40415
41648
42952
44311
45635
47025
48422
49893
51377
52915
54524
56135
57904
59655
61496
63293
65169
67109
69134
71273
73466
75660
77927
80300
82662
85149
87735
90420
93186
95913
98858
101841
104994
108120
111255
114595
118152
121651
125408
129171
133128
137113
141456
145608
150065
154635
159225
163894
168820
173950
179288
184785
190298
196051
202037
208135
214433
221052
227643
234627
241813
249200
256696
264571
272462
280747
289213
298081
307104
316319
325822
335711
345940
356537
367355
378368
389921
401763
413798
426156
439101
452406
466162
480418
494851
509876
525211
541065
557449
574307
591592
609353
627877
646682
666249
686513
707247
728792
750841
773597
796878
820886
845563
871543
898052
925368
953273
981935
1011643
1042221
1073930
1106469
1139673
1174148
1209769
1246690
1284424
1323420
1363754
1404985
1447337
1491140
1536411
1582844
1630745
1679836
1730827
1783489
1837143
1892572
1950497
2009323
20764
21374
22015
22732
23465
24161
24898
25635
26356
27123
27967
28807
29673
30529
31483
32439
33428
34498
35562
36637
37773
38928
40095
41300
42510
43771
45087
46487
47905
49315
50830
52416
54070
55762
57497
59217
60987
62872
64739
66715
68738
70891
73036
75296
77512
79797
82176
84643
87149
89779
92577
95240
98173
101180
104187
107439
110716
114129
117481
121012
124614
128410
132468
136498
140578
144931
149291
153919
158609
163406
168464
173549
178810
184196
189723
195448
201328
207571
213799
220255
227019
233910
241115
248445
255997
263752
271736
280074
288578
297230
306290
315621
325202
334964
344934
355517
366445
377658
389085
401021
413129
425542
438286
451605
465461
479659
494246
509305
524842
540759
557196
574028
591314
609239
627596
646501
666316
686810
707592
729164
751404
774366
797958
822152
847011
872823
899350
926860
954798
983566
1013265
1043956
1075636
1108370
1142019
1176620
1212297
1249073
1286895
1326058
1366062
1407665
1450468
1494548
1540022
1586927
1635126
1685098
1736376
1789362
1843931
1899577
1957386
2017105
20576
21222
21849
22519
23204
23907
24628
25390
26139
26928
27752
28584
29455
30377
31256
32214
33176
34158
35166
36241
37347
38451
39629
40810
42041
43305
44651
46055
47450
48861
50374
51885
53459
55123
56794
58577
60369
62181
64126
66038
68101
70141
72280
74506
76691
79055
81469
83911
86484
89090
91731
94575
97402
100450
103504
106625
109800
113111
116674
120221
123914
127650
131413
135464
139604
143940
148332
152788
157589
162239
167118
172204
177449
182864
188276
194035
199810
205859
212087
218666
225244
232034
239121
246447
253973
261635
269645
277914
286323
295311
304464
313646
323278
333040
343084
353663
364271
375315
386653
398373
410365
422898
435711
448976
462367
476360
490798
505636
521062
536957
553282
570095
587521
605456
623600
642482
661801
681965
702609
724107
745833
768503
791819
815694
840624
866190
892810
919986
948018
976860
1006655
1037192
1068671
1101133
1134690
1168897
1204213
1240742
1278639
1317252
1357388
1398609
1441540
1484999
1530028
1576707
1624872
1674114
1724942
1777309
1831448
1887189
1944275
2003482
20761
21406
22048
22751
23399
24110
24839
25591
26384
27201
27997
28870
29682
30565
31478
32434
33428
34463
35461
36566
37646
38859
40038
41315
42545
43834
45192
46600
47998
49436
50950
52500
54083
55781
57454
59205
61044
62819
64736
66703
68739
70877
73001
75152
77454
79853
82293
84813
87404
90043
92784
95562
98644
101599
104720
108001
111234
114603
118084
121649
125214
129028
133018
137059
141268
145544
149903
154507
159210
164075
169000
174108
179455
184990
190505
196308
202233
208333
214743
221295
228034
235044
242079
249482
257132
264973
273046
281200
289887
298753
307870
317406
326954
336907
347025
357370
368235
379349
390785
402714
414931
427568
440539
453753
467617
481743
496514
511723
527205
543470
559946
577030
594561
612685
631413
650640
670724
691190
712089
733695
755908
778928
802308
826849
852143
878080
904955
932669
961317
990561
1020824
1051641
1083770
1116830
1150520
1185552
1221751
1258847
1296929
1336465
1376887
1418838
1462655
1507078
1552763
1599985
1648920
1698909
1750814
1804421
1859506
1916197
1974211
2034493
20864
21522
22143
22824
23519
24243
25003
25786
26574
27342
28156
29019
29839
30763
31737
32638
33590
34650
35695
36767
37953
39122
40317
41506
42721
43988
45321
46749
48189
49696
51201
52775
54357
56018
57739
59556
61445
63288
65163
67099
69149
71211
73472
75748
78090
80421
82866
85374
87950
90609
93330
96125
99053
102087
105218
108460
111818
115147
118631
122236
125995
129788
133719
137695
141945
146228
150674
155078
159749
164555
169574
174660
179976
185413
191096
196934
202890
208990
215423
221876
228816
235733
243027
250263
257905
265840
273815
282282
290870
299808
308707
318147
327959
338000
348086
358656
369495
380795
392367
404158
416632
429354
442319
455725
469686
484027
498656
513694
529194
545298
561758
578832
596474
614642
633468
652482
672369
692909
713959
735771
758280
781482
805199
829570
854810
880833
907803
935061
963886
993189
1023253
1054316
1086191
1119442
1153464
1188685
1224842
1261893
1300338
1339997
1380618
1422314
1465448
1510272
1556406
1603606
1652069
1701953
1753737
1807005
1862156
1918587
1976744
2037261
20956
21604
22293
23006
23703
24392
25160
25918
26738
27602
28436
29299
30180
31070
32047
33030
34015
34998
36045
37134
38363
39542
40768
41992
43302
44666
46027
47434
48906
50419
51984
53511
55147
56863
58614
60409
62246
64116
66006
68052
70127
72349
74522
76829
79182
81521
84040
86605
89213
91915
94727
97615
100593
103620
106803
110014
113313
116754
120354
124040
127759
131639
135708
139794
144090
148529
153058
157732
162591
167545
172663
178024
183501
189064
194717
200686
206715
213042
219486
226361
233209
240411
247616
255084
262849
270827
279104
287506
296139
305042
314216
323749
333636
343785
354144
364896
376052
387460
399363
411401
423789
436675
449797
463395
477411
491941
506752
522430
538535
555138
572031
589674
607844
626515
645388
665207
685336
706364
728048
749914
773065
796903
821205
845874
871539
898162
925613
953961
983128
1012835
1043693
1075477
1108233
1142220
1176887
1212670
1249889
1288049
1327324
1367413
1408925
1452212
1496732
1542327
1589286
1637808
1687778
1739593
1792375
1847043
1902913
1960712
2020534
20897
21473
22099
22752
23447
24144
24880
25620
26401
27215
28057
28958
29859
30726
31674
32665
33722
34761
35861
36981
38123
39250
40401
41651
42946
44241
45589
46968
48345
49850
51424
53028
54658
56317
57970
59747
61663
63522
65464
67466
69570
71669
73852
76023
78404
80788
83290
85925
88500
91116
93790
96594
99501
102524
105564
108730
112074
115333
118863
122486
126297
130078
134138
138102
142214
146490
150912
155475
160329
165289
170241
175416
180693
186221
191953
197803
203798
209963
216476
223107
229890
236987
244125
251523
259114
266940
275089
283523
292189
301123
310177
319581
329236
339349
349739
360414
371475
382763
394299
406448
418891
431614
444836
458259
472015
486598
501356
516527
532161
548339
565196
582358
600340
618603
637624
657018
677070
697791
719024
740792
763187
786607
810482
835181
860602
886576
913487
941736
970295
999883
1030295
1061581
1093781
1127230
1161667
1197038
1233136
1270646
1309370
1349370
1390214
1432381
1475985
1520998
1567574
1615642
1665138
1715926
1767995
1822174
1877368
1934943
1993549
2053861
21278
21922
22607
23313
24009
24743
25471
26249
27070
27926
28804
29718
30617
31566
32534
33543
34585
35614
36686
37772
38970
40156
41365
42558
43859
45213
46586
48046
49497
51008
52510
54094
55752
57485
59262
61050
62956
64887
66892
68958
71086
73240
75431
77729
80149
82654
85164
87774
90404
93060
95938
98882
101898
105126
108363
111688
115112
118583
122235
125920
129772
133676
137844
142120
146477
150894
155508
160196
165258
170341
175425
180756
186242
192027
198028
204119
210424
216637
223221
230127
237225
244432
251896
259443
267234
275167
283671
292293
301046
310390
319847
329450
339348
349705
360374
371299
382694
394296
406275
418583
431525
444481
457925
472132
486528
501173
516571
532427
548635
565440
582703
600246
618381
637294
656607
676679
697274
718520
740347
762798
785992
810082
834983
860498
886752
913636
941158
969552
999108
1029633
1060994
1093428
1126910
1161366
1196778
1233367
1270637
1309732
1349933
1391298
1434087
1477771
1522824
1569137
1616946
1666332
1716766
1768999
1823239
1879450
1936416
1995246
2056280
21344
21960
22589
23277
23925
24651
25351
26079
26856
27643
28479
29379
30230
31058
31978
32940
33883
34904
36009
37069
38249
39469
40685
41961
43219
44493
45874
47264
48722
50186
51700
53364
54956
56743
58405
60134
61902
63836
65765
67755
69882
71978
74195
76373
78758
81141
83626
86179
88779
91520
94196
97037
100062
103168
106286
109536
112900
116328
119863
123499
127329
131323
135327
139437
143653
148009
152584
157190
161959
167008
172018
177270
182605
188367
194265
200163
206337
212690
219235
225967
232878
239966
247232
254618
262375
270299
278696
287258
295998
305073
314474
323998
333943
344049
354421
365245
376366
387879
399657
411643
424010
436790
450197
463941
477967
492480
507385
522884
538824
555314
572156
589608
607413
626092
645328
664906
685075
705963
727413
749439
772335
796030
820338
845263
871102
897748
925155
953206
982150
1011830
1042593
1074355
1106983
1140886
1175365
1211185
1247901
1285844
1325326
1365575
1407227
1450159
1494177
1539456
1586342
1634892
1684856
1736032
1788533
1842891
1899111
1956895
2016639
20552
21176
21862
22585
23247
23968
24742
25503
26316
27075
27918
28778
29661
30595
31499
32421
33411
34425
35496
36584
37663
38756
39977
41173
42373
43714
45095
46430
47773
49146
50682
52190
53791
55463
57166
58880
60651
62507
64389
66382
68419
70534
72746
74964
77219
79542
81867
84343
86868
89585
92321
95095
97975
100842
103923
107035
110350
113694
117097
120663
124374
128264
132234
136228
140301
144544
149001
153603
158353
163277
168217
173328
178632
183894
189537
195266
201176
207254
213563
220072
226509
233370
240466
247747
255400
263249
271317
279595
288014
296913
305850
315167
324653
334468
344523
354987
365807
377070
388336
400238
412460
425071
438154
451526
465433
479665
494280
509335
524917
540937
557475
574619
592121
610159
628590
647724
667435
687701
708666
730408
752454
775249
798897
823051
848480
874086
900570
928354
956461
985857
1015964
1046746
1078659
1111623
1145500
1180469
1216762
1253876
1291911
1331291
1372006
1413649
1456996
1501657
1547076
1593970
1642238
1692208
1744015
1797282
1851708
1908217
1966303
2026487
20896
21593
22242
22856
23561
24282
25042
25748
26528
27374
28243
29086
29958
30782
31717
32708
33624
34688
35730
36831
37987
39185
40395
41629
42845
44133
45526
46926
48412
49873
51386
52869
54573
56205
57970
59746
61531
63370
65299
67304
69314
