102616
105240
107950
110825
113794
116868
119954
123123
126496
129836
133281
136829
140528
144347
148144
152052
155976
160188
164484
168911
173499
178123
182821
187663
192598
197747
203130
208682
214233
219857
225831
232045
238200
244624
251069
257670
264633
271797
278978
286570
294207
302189
310355
318582
327060
335866
344889
354087
363520
373342
383405
393767
404323
415191
426534
438119
449681
461686
474184
486830
499873
513292
526975
541155
555828
570897
586462
602438
619024
635714
652800
670534
688509
707349
726468
746144
766519
787469
808972
831203
853889
876981
900790
925145
950268
976318
1002767
1030099
1058150
1087015
1116722
1147442
1178701
1210982
1244087
1277721
1312574
1348801
1385700
1423622
1462705
1502743
1543762
1585805
1629480
1674451
1720348
1767237
1815684
1865539
1916706
1969425
2023792
20679
21252
21831
22482
23104
23741
24395
25031
25720
26428
27122
27856
28630
29442
30211
31048
31888
32754
33680
34600
35582
36533
37592
38659
39686
40735
41780
42949
44108
45349
46680
47978
49284
50667
52017
53432
54946
56489
58078
59767
61419
63174
64918
66758
68631
70648
72531
74592
76742
78877
81062
83167
85463
87874
90299
92778
95413
98068
100774
103546
106449
109384
112456
115545
118783
122051
125487
129069
132749
136441
140266
144140
148198
152437
156645
161089
165606
170373
175150
180141
185329
190601
195996
201375
207149
213035
218995
225152
231488
237886
244676
251526
258636
265993
273430
281087
288993
297130
305357
313957
322733
331845
341228
350931
360848
371045
381562
392392
403504
414880
426716
438657
451161
464132
477205
490975
504951
519285
534094
549176
564891
580937
597437
614409
631766
649710
668418
687533
706897
727020
747620
768901
790891
813612
836796
860812
885121
910528
936459
963245
990678
1018721
1047907
1077679
1108462
1139751
1172462
1206199
1240813
1276125
1312569
1350326
1388929
1428764
1469511
1511623
1554967
1599065
1644925
1692536
1741402
1791186
1842500
1895556
1949883
2005854
20394
20991
21566
22117
22752
23380
24039
24758
25488
26239
26996
27773
28606
29420
30246
31123
32003
32916
33860
34844
35884
36957
38050
39154
40216
41368
42603
43832
45115
46404
47760
49146
50572
52056
53593
55109
56768
58387
60099
61866
63651
65478
67347
69306
71282
73302
75437
77586
79768
81988
84401
86837
89367
91890
94524
97328
100100
102945
105919
108979
112160
115458
118798
122291
125920
129517
133348
137238
141211
145399
149692
154057
158624
163315
168043
172844
177908
183082
188505
194086
199695
205526
211655
217989
224463
231096
237909
245128
252266
259614
267273
275084
283114
291540
300108
308950
318042
327312
337014
347180
357348
367806
378619
389864
401347
413161
425491
437899
450673
463730
477367
491281
505523
520421
535779
551641
567869
584568
601870
619582
637636
656611
676115
696132
717001
738412
760569
783115
806309
829997
854558
880073
905993
932906
960655
989142
1018683
1048761
1079700
1111819
1144908
1179104
1214099
1250020
1287739
1326061
1365335
1406013
1447825
1490760
1535201
1580741
1627740
1676535
1726461
1777810
1830821
1885325
1941676
1999745
2059445
20977
21605
22234
22875
23538
24233
24999
25741
26505
27287
28106
28941
29768
30623
31571
32537
33496
34455
35469
36508
37638
38788
39983
41191
42445
43694
44951
46291
47637
49152
50641
52168
53764
55382
57019
58755
60510
62231
63978
65925
67966
69925
71946
74141
76370
78683
81081
83634
86134
88744
91378
94174
96954
99817
102913
105990
109165
112396
115786
119315
122824
126582
130275
134243
138292
142470
146740
151135
155604
160305
165092
169905
175025
180282
185675
191197
196940
202956
209101
215506
222131
228707
235614
242803
250153
257826
265605
273719
282098
290610
299410
308497
317717
327436
337213
347450
357976
368794
379989
391570
403496
415903
428540
441567
455041
468747
483154
497908
513162
528690
544915
561294
578066
595761
613760
632212
651213
671227
691655
713074
734726
757092
780543
804378
828842
853885
880073
907011
934567
963058
992381
1022614
1053869
1085853
1118951
1153327
1188845
1225198
1262943
1301497
1341486
1382624
1425212
1468792
1513807
1560061
1607778
1657193
1707988
1760313
1814596
1870197
1927308
1986309
2047490
21218
21901
22561
23304
24062
24774
25467
26240
27117
27945
28799
29708
30661
31587
32569
33546
34587
35680
36760
37869
39046
40224
41385
42696
44046
45440
46876
48301
49830
51388
52939
54607
56324
58004
59840
61689
63590
65502
67524
69629
71753
73940
76169
78510
80927
83438
86029
88626
91375
94274
97268
100205
103311
106452
109678
113085
116468
120101
123821
127686
131705
135898
140188
144621
149249
153869
158627
163640
168679
174009
179316
184797
190604
196730
202912
209378
215929
222745
229650
236789
244126
251603
259482
267685
276005
284600
293411
302587
311808
321437
331492
341803
352549
363723
374970
386506
398572
411217
424190
437472
451144
465164
479556
494521
509903
525724
542256
559266
576693
594908
613688
633067
652907
673363
694244
716047
738730
762009
785987
810863
836456
862912
890150
918014
947081
976689
1007254
1038648
1071271
1105143
1139665
1175569
1212626
1250779
1290110
1330651
1372223
1415265
1459865
1505699
1553452
1602376
1652762
1705005
1758894
1814088
1871274
1930161
1991360
2054809
21298
21973
22635
23348
24083
24802
25567
26381
27206
28018
28919
29888
30880
31849
32885
33876
35004
36093
37207
38425
39647
40905
42180
43548
44958
46416
47852
49336
50874
52469
54119
55833
57522
59419
61317
63280
65277
67276
69308
71399
73680
76048
78504
80963
83582
86216
89051
91927
94815
97889
101037
104319
107722
111243
114795
118383
122171
126106
130201
134287
138527
142989
147540
152325
157150
162263
167396
172733
178210
183851
189821
195979
202214
208719
215341
222109
229305
236517
244077
251892
259811
268229
276926
285788
294983
304329
314226
324276
334602
345338
356363
367676
379445
391545
404201
417255
430769
444579
459011
473764
488947
504816
521066
537818
555026
572711
590941
609768
629436
649587
670692
692319
714480
737406
761077
785610
810955
836861
863863
891454
920231
949628
980319
1012016
1044412
1078140
1113226
1148985
1186284
1224389
1263786
1304575
1346854
1390369
1435336
1481556
1529294
1578937
1629438
1681726
1736376
1792621
1850340
1909815
1971321
2035033
21233
21915
22649
23362
24091
24908
25743
26584
27456
28337
29228
30192
31187
32186
33200
34307
35365
36523
37697
38900
40146
41486
42882
44291
45688
47182
48704
50262
51887
53531
55230
56975
58736
60665
62607
64652
66744
68968
71229
73556
75922
78439
81106
83672
86393
89261
92260
95246
98282
101452
104782
108179
111718
115350
119123
122941
126939
131027
135267
139743
144301
149016
153995
158953
164248
169668
175228
180962
186808
192934
199183
205657
212488
219399
226522
233828
241559
249409
257641
266166
274891
283875
293207
302761
312674
322858
333247
344164
355531
367194
379167
391792
404815
417905
431595
445634
460119
475376
490848
506896
523320
540279
557737
576109
595026
614487
634873
655702
677230
699421
722260
745672
770056
795101
821229
848101
876010
904792
934766
965375
997160
1030051
1064127
1099540
1135772
1173038
1211750
1251263
1292341
1334920
1378723
1423970
1470785
1519091
1569201
1620635
1674146
1728521
1785268
1843943
1904530
1967272
2031737
21077
21818
22549
23316
24102
24876
25687
26484
27377
28378
29313
30277
31300
32365
33456
34501
35602
36764
37962
39237
40502
41833
43208
44649
46113
47637
49201
50815
52473
54047
55918
57785
59739
61731
63866
66094
68306
70504
72887
75240
77716
80274
82954
85722
88515
91484
94585
97644
100881
104140
107659
111211
114920
118667
122581
126624
130847
135288
139742
144361
149208
154096
159135
164369
169742
175551
181400
187394
193599
200023
206712
213554
220569
227631
235085
242878
250932
259082
267770
276665
285777
295277
305101
315239
325712
336495
347611
359358
371381
383637
396346
409720
423243
437241
451943
466854
482415
498470
514771
531623
549266
567531
586484
606073
626182
647059
668580
690840
713812
737194
761755
787221
813327
840656
868648
897629
927158
958193
990117
1023290
1057259
1092102
1128394
1165851
1204480
1244836
1286049
1329099
1373195
1418908
1466129
1515137
1565083
1616927
1670745
1726335
1783573
1842580
1903905
1967637
2033115
20701
21423
22147
22906
23702
24505
25350
26213
27045
27982
28900
29898
30852
31945
32968
34078
35216
36385
37628
38921
40204
41499
42898
44322
45807
47315
48895
50567
52238
54025
55833
57681
59634
61588
63677
65866
68052
70312
72726
75190
77740
80320
83000
85785
88613
91593
94626
97872
101177
104552
108009
111637
115335
119282
123285
127364
131629
136061
140610
145226
150003
154968
160095
165513
171024
176671
182560
188565
194808
201401
208088
215084
222419
229845
237747
245731
253873
262350
271283
280403
289832
299646
309698
320141
330875
341993
353307
365089
377140
389962
403111
416637
430554
444998
459841
475331
491040
507445
524447
542043
560363
579250
598697
618655
639200
660552
682814
705659
729318
753926
779303
805408
832340
860340
889293
919276
950247
982097
1015132
1049145
1084067
1120061
1157359
1196614
1236927
1278048
1320847
1365055
1410868
1458402
1507412
1557846
1610282
1664395
1720092
1777467
1836708
1898531
1962344
2028292
20832
21523
22216
22950
23781
24546
25407
26226
27088
28036
28992
29924
30895
31902
32972
34106
35274
36436
37684
38929
40170
41545
42925
44379
45891
47382
48965
50587
52297
54048
55892
57684
59623
61619
63650
65793
68087
70367
72739
75238
77749
80290
83052
85900
88872
91835
94862
98058
101301
104728
108187
111777
115506
119392
123374
127530
131734
136101
140558
145204
150109
155196
160378
165777
171417
177178
183032
189195
195568
202126
208905
215994
223232
230638
238290
246453
254689
263266
272025
281290
290798
300553
310723
321223
331917
343022
354517
366352
378601
391272
404484
418057
432164
446712
461615
477405
493796
510497
527618
545266
563783
582774
602307
622670
643812
665514
687916
710861
734746
759549
785126
811213
838493
866647
895875
926479
957856
990284
1023835
1058048
1093556
1130357
1168640
1208420
1249439
1291393
1335021
1380477
1427093
1475126
1524816
1576130
1629811
1684652
1741477
1800119
1861157
1924051
1988921
2056104
21209
21899
22661
23438
24243
25053
25920
26812
27763
28650
29634
30581
31646
32686
33772
34888
36007
37157
38440
39672
41114
42534
43971
45468
46942
48553
50136
51811
53594
55450
57345
59279
61258
63329
65478
67719
69982
72320
74784
77359
79916
82631
85332
88265
91248
94336
97600
100988
104388
107921
111515
115233
119192
123248
127420
131736
136227
140793
145624
150564
155770
160962
166564
172188
177870
183679
189971
196235
202724
209534
216744
224060
231518
239203
247349
255587
264168
273066
282076
291506
301350
311555
322078
332962
344257
355867
367687
379948
392840
406346
419949
434108
448675
463824
479454
495669
512394
529506
547541
565909
585066
604860
625191
646400
668343
691030
714362
738348
763555
789628
816382
843928
872235
901672
932260
963820
996470
1030659
1065397
1101405
1138563
1177143
1216822
1257815
1300460
1344305
1389599
1436630
1485207
1534929
1586905
1640442
1695656
1752764
1812757
1874082
1937520
2003147
20864
21579
22280
23015
23792
24592
25435
26221
27106
28004
28910
29871
30901
31971
33083
34183
35351
36603
37878
39199
40516
41931
43376
44787
46363
47904
49488
51248
52990
54816
56645
58580
60572
62601
64767
66948
69263
71619
74057
76521
79088
81739
84519
87438
90383
93435
96608
99881
103261
106685
110319
114021
117882
121925
126048
130317
134683
139153
143836
148675
153630
158825
164104
169631
175414
181371
187513
193887
200390
207071
213910
221219
228651
236456
244423
252708
261343
270136
279070
288440
298062
308195
318796
329661
340867
352265
364094
376593
389182
402525
416230
430302
445071
460134
475796
491981
508670
525946
543839
562017
580971
600570
621006
641902
663343
685839
709160
733186
758045
783461
809816
837227
865608
894929
925107
956689
989188
1022980
1057540
1092865
1130003
1168661
1208045
1249022
1291396
1334964
1379801
1426916
1474883
1524867
1576751
1629958
1685365
1742325
1801161
1862318
1925357
1990349
2058303
21239
21926
22635
23469
24249
25049
25875
26806
27790
28721
29702
30719
31810
32910
33962
35118
36331
37559
38864
40181
41545
42927
44384
45814
47292
48850
50541
52272
54032
55875
57775
59749
61756
63873
65994
68208
70488
72922
75363
77962
80648
83318
86165
89099
92082
95215
98501
101746
105172
108778
112447
116423
120267
124369
128587
133044
137619
142225
147017
152017
157065
162371
167838
173422
179166
185263
191685
198317
204908
211831
219064
226523
234176
241945
249960
258358
267346
276439
285719
295436
305518
315871
326505
337528
348774
360721
372935
385566
398539
412086
426091
440322
455118
470572
486440
503029
520084
537670
555911
574686
594230
614149
634907
656604
678790
701734
725684
750330
775537
801868
829101
857118
886140
916355
947735
979720
1012707
1046870
1082604
1119639
1157940
1197562
1237991
1280186
1323495
1368397
1414663
1462610
1512521
1563726
1616431
1670814
1727540
1785611
1845988
1908829
1973591
2040362
21049
21748
22500
23242
23992
24805
25625
26482
27391
28304
29225
30267
31283
32340
33495
34598
35683
36909
38178
39499
40764
42113
43590
45084
46587
48115
49832
51551
53343
55197
57058
59001
60935
63001
65195
67428
69749
72119
74647
77092
79758
82519
85410
88406
91419
94541
97879
101160
104660
108243
111807
115769
119760
123895
128197
132558
137175
141753
146643
151456
156691
161970
167493
173170
179227
185384
191825
198422
205045
211972
219103
226547
234417
242395
250500
258858
267574
276550
285822
295445
305372
315703
326395
337586
348993
360988
373219
385958
398997
412587
426495
441093
456029
471615
487651
504272
521091
538768
557128
575988
595592
615699
636572
658093
680670
703770
727719
752248
777722
804350
831684
859800
888913
919220
950583
982869
1016043
1050772
1086340
1123303
1161552
1200950
1241568
1283753
1327609
1372292
1418885
1467310
1516854
1568163
1621498
1676583
1733725
1792595
1853337
1916139
1981058
2048757
21278
22008
22768
23542
24363
25175
26057
26955
27792
28707
29646
30703
31766
32832
33918
35070
36287
37557
38880
40165
41552
42920
44403
45919
47497
49087
50765
52449
54311
56146
57973
59940
62087
64191
66389
68607
70909
73305
75758
78374
81035
83737
86586
89503
92462
95568
98895
102366
105907
109477
113174
116980
120889
124960
129288
133734
138308
142970
147762
152803
157993
163417
168969
174657
180557
186856
193156
199692
206476
213600
221003
228570
236280
244355
252489
261051
269879
279153
288619
298565
308669
319187
330219
341461
352933
364887
377384
390223
403509
417030
431180
445609
460691
476312
492545
509266
526494
544366
562963
582279
602008
622452
643517
665367
688122
711321
735668
760370
786129
812774
840369
868896
898175
928761
960445
993132
1026843
1061495
1097503
1134534
1173280
1213053
1254222
1296660
1340813
1386365
1433179
1481405
1531454
1583367
1637135
1692780
1750508
1809730
1870748
1934324
1999945
2067426
21561
22248
23006
23788
24596
25461
26329
27257
28207
29139
30114
31253
32331
33460
34616
35805
37018
38262
39563
40896
42330
43680
45196
46733
48303
49957
51639
53294
55066
56967
58874
60820
62935
65066
67249
69584
71935
74391
76947
79527
82155
84794
87705
90647
93751
96951
100303
103699
107161
110715
114479
118328
122319
126469
130713
135219
139863
144658
149591
154651
160022
165464
171119
176942
182912
189011
195460
202067
208870
216064
223402
231047
238665
246889
255234
263952
272887
282237
291851
301585
311747
322328
333147
344447
356065
368168
380658
393601
407067
420848
435288
449939
465049
480787
496964
513865
531229
549455
568032
587448
607419
628150
649186
670941
693712
717262
741623
766858
793071
819923
847480
876501
906480
937559
969420
1002235
1036180
1071450
1107641
1145397
1184322
1224327
1265642
1308845
1353535
1399296
1446778
1495850
1546941
1599429
1653618
1709809
1768148
1828092
1890036
1954035
2020441
20960
21681
22452
23207
23992
24845
25686
26581
27461
28369
29337
30330
31382
32458
33548
34790
36013
37219
38490
39776
41170
42571
44069
45550
47102
48719
50387
52090
53922
55787
57620
59535
61519
63572
65732
67988
70251
72615
75062
77695
80363
83081
85886
88789
91821
94994
98175
101674
105171
108735
112417
116167
120126
124204
128403
132717
137256
141904
146628
151779
156907
162226
167646
173265
179172
185282
191576
198196
204997
211838
219040
226291
233888
241844
250181
258719
267627
276725
286210
295910
305911
316384
327181
338111
349540
361282
373631
386331
399359
412823
427040
441507
456526
472233
488463
504903
522045
539850
558567
577627
597280
617392
638344
659979
682176
705276
729414
754017
779772
806460
833851
862021
891129
921534
952624
984924
1018438
1053065
1088961
1125716
1163776
1203429
1244271
1286587
1330157
1375344
1422097
1470431
1520476
1571851
1624765
1679862
1737091
1796061
1857045
1920262
1985974
2053805
21347
22090
22947
23759
24561
25420
26205
27078
27999
28947
29948
31010
32020
33099
34220
35405
36678
37895
39221
40554
41956
43368
44809
46348
47898
49589
51306
53055
54836
56693
58627
60649
62773
64931
67178
69441
71789
74202
76740
79227
81905
84666
87536
90440
93508
96717
100063
103461
106973
110585
114398
118251
122231
126419
130627
135085
139677
144411
149377
154456
159556
165026
170536
176415
182328
188350
194954
201527
208283
215366
222721
230312
238223
246244
254804
263423
272509
281815
291436
301272
311350
321948
332652
343843
355528
367587
380025
393123
406395
420341
434650
449386
464688
480526
497022
513887
531411
549643
568492
587660
607765
628437
650117
672231
694950
718592
742901
767871
794080
821337
849035
877965
908162
939174
971150
1004257
1038278
1073229
1109542
1147072
1185819
1225658
1267199
1309984
1354460
1400542
1447972
1497285
1548134
1600736
1654834
1711050
1769256
1829366
1891183
1955158
2021823
21109
21801
22557
23329
24088
24899
25712
26597
27522
28487
29495
30485
31517
32524
33619
34756
35964
37193
38456
39760
41163
42627
44144
45722
47263
48855
50530
52279
54116
56073
58001
59951
62001
64057
66230
68518
70815
73207
75741
78327
80980
83670
86563
89464
92445
95590
98899
102226
105634
109218
112901
116679
120758
124835
129057
133275
137897
142569
147451
152393
157639
163054
168661
174400
180307
186552
192866
199406
206213
213183
220451
227943
235591
243506
251771
260432
269264
278312
287627
297323
307529
318044
328740
339881
351402
363503
375810
388452
401593
415235
429381
443775
458912
474457
490462
507180
524519
542301
560665
579824
599365
619550
640779
662754
685417
708683
732708
757439
783188
809872
837621
865821
895597
926256
957781
990692
1024447
1059388
1095252
1132533
1170992
1211001
1252075
1294477
1338211
1383795
1430974
1479508
1529853
1581708
1635207
1690517
1748371
1808098
1869678
1932921
1998133
2066324
21502
22256
23006
23776
24601
25448
26348
27223
28152
29099
30110
31198
32263
33331
34472
35656
36878
38132
39374
40708
42136
43585
45060
46638
48243
49899
51623
53387
55194
56977
58945
60916
62975
65115
67277
69670
72057
74466
77015
79714
82411
85263
88145
91056
94165
97308
100601
104077
107509
111107
114882
118722
122732
126897
131296
135733
140213
145008
150048
155127
160363
165665
171380
177208
183065
189274
195761
202421
209279
216570
223957
231589
239346
247566
256055
264677
273840
283229
292821
302851
313369
324047
335077
346613
358480
370798
383353
396365
409922
423858
438131
453135
468512
484374
500825
517825
535458
553791
572814
592057
612060
632859
654373
676847
699861
723718
748393
773919
800101
827317
855294
884592
914524
945492
977466
1011111
1045306
1080835
1117678
1155935
1195481
1235914
1277770
1321383
1366491
1412920
1460737
1510206
1561540
1614796
1669977
1726436
1785180
1845782
1908051
1973108
2040629
21245
21989
22692
23496
24260
25128
26064
26962
27902
28854
29815
30808
31864
32937
34062
35242
36430
37643
38904
40158
41582
42944
44368
45821
47426
49063
50786
52468
54304
56093
57989
59958
61975
64078
66287
68607
70964
73383
75930
78450
81152
83877
86812
89723
92781
96017
99333
102673
106227
109765
113407
117316
121241
125417
129610
133837
138407
143132
148027
153129
158324
163833
169291
175104
181096
187212
193472
200046
206921
213953
221375
228935
236677
244658
253041
261488
270422
279692
289320
299135
309218
319637
330508
341667
353169
365167
377698
390505
403479
417259
431383
446200
461417
477061
493344
510182
527667
545717
564193
583647
603604
624232
645394
667516
690356
713804
738022
763235
788998
815629
843131
871790
901265
932082
963994
996703
1030266
1065097
1101478
1138843
1177735
1217859
1258977
1301869
1346106
1391812
1439418
1488697
1539186
1591751
1646031
1701859
1759674
1819493
1881616
1946028
2012326
20728
21423
22097
22819
23535
24394
25199
26050
26943
27898
28849
29851
30863
31871
32982
34093
35304
36483
37679
38958
40322
41691
43120
44621
46169
47771
49444
51033
52751
54533
