102701
105316
108105
111029
114037
117069
120205
123418
126812
130260
133820
137407
141142
144938
148784
152701
156773
161006
165367
169719
174290
178956
183787
188812
193972
199101
204466
209915
215626
221472
227514
233588
239917
246330
252967
259679
266670
274008
281421
289018
296997
305103
313469
322038
330728
339598
348711
358017
367895
378004
388247
398807
409533
420654
431918
443508
455810
468268
480974
494092
507561
521304
535569
550171
565286
580669
596566
612789
629555
646811
664454
682881
701438
720486
740325
760526
781372
802519
824367
846872
870153
894013
918531
943705
969583
996284
1023979
1052280
1081301
1110913
1141916
1173653
1206213
1239082
1273169
1308190
1343933
1381157
1419602
1458982
1499305
1541108
1583841
1627947
1672867
1718957
1766921
1815371
1865423
1916920
1970174
2025251
20707
21269
21852
22435
23017
23656
24293
24967
25693
26452
27196
27971
28761
29572
30369
31205
32111
33001
33878
34893
35864
36878
37919
38991
40050
41153
42300
43453
44652
45949
47234
48542
49926
51278
52752
54245
55687
57191
58796
60448
62147
63900
65717
67577
69434
71386
73389
75372
77532
79628
81866
84186
86602
89075
91614
94058
96636
99385
102219
105039
108055
111096
114295
117496
120858
124336
127760
131389
135234
139035
143048
147072
151245
155471
159869
164437
169192
173923
178854
183833
189033
194376
199853
205608
211560
217475
223573
230063
236632
243251
250275
257426
264938
272342
280024
288118
296329
304820
313506
322487
331776
341360
351110
361279
371692
382353
393412
404691
416455
428255
440410
453026
465976
479414
493434
507399
522208
537341
552754
568812
585244
601883
619276
637075
655452
674293
693420
713561
734124
755356
777284
799784
822654
846175
870558
895695
921792
948280
975667
1003927
1032857
1062693
1093211
1124998
1157799
1191424
1225956
1261323
1297768
1335565
1374497
1414507
1455409
1497753
1541243
1586311
1632905
1680084
1729024
1779367
1830966
1884233
1939408
1995984
2053934
21025
21666
22274
22893
23545
24227
24917
25638
26390
27168
27961
28772
29625
30482
31402
32286
33213
34226
35215
36212
37225
38314
39428
40531
41728
42936
44188
45497
46829
48163
49640
51051
52539
54058
55542
57155
58800
60531
62237
64038
65892
67815
69787
71800
73880
76070
78319
80657
83092
85506
88054
90584
93311
95985
98806
101747
104680
107806
110953
114179
117530
120944
124485
128242
132089
136023
140094
144223
148583
152958
157542
162204
167012
171954
176932
182249
187519
192990
198754
204625
210707
217027
223435
230129
236979
244037
251280
258640
266279
274256
282457
291047
299791
308599
317792
327178
336938
346995
357224
367664
378454
389837
401571
413668
425976
438594
451496
464893
478756
492927
507707
522728
538357
554242
570747
587788
605600
623536
642264
661390
681059
701569
722691
744187
766530
789474
813363
837547
862819
888622
914933
942226
970856
1000174
1030292
1061359
1093377
1126232
1159943
1195089
1231228
1268192
1306880
1346028
1386483
1428364
1471191
1515367
1561001
1607966
1656388
1706195
1757681
1810635
1865056
1920976
1978575
2037904
20846
21465
22106
22765
23435
24092
24801
25543
26295
27058
27920
28745
29569
30485
31380
32341
33316
34326
35393
36444
37538
38708
39908
41165
42434
43704
45018
46507
47904
49355
50915
52420
54056
55719
57436
59177
61010
62832
64699
66653
68629
70624
72825
75001
77353
79670
82086
84588
87195
89827
92504
95394
98274
101305
104453
107757
111004
114293
117808
121331
125033
128867
132719
136818
140921
145277
149746
154358
159041
163827
168893
174041
179301
184812
190392
196236
202280
208427
214917
221582
228336
235256
242416
249687
257324
264970
273251
281662
290239
299165
308322
317692
327399
337381
347653
358220
369124
380419
392031
404192
416757
429590
443063
456920
470903
485338
500402
515669
531493
547788
564578
581941
599891
618192
637404
657139
677414
698436
720309
742467
765623
789085
813460
838510
864575
891191
918417
946678
975837
1005583
1036732
1068771
1101641
1135906
1170866
1207077
1244471
1283008
1322957
1363832
1405848
1449123
1494030
1540498
1588236
1637286
1687866
1739805
1793372
1848674
1905654
1964331
2025097
20965
21584
22238
22906
23597
24323
25080
25886
26689
27549
28396
29355
30254
31107
32107
33070
34096
35126
36200
37292
38425
39662
40881
42186
43506
44769
46119
47584
49003
50585
52121
53643
55335
56987
58713
60505
62320
64299
66305
68409
70516
72746
75062
77473
79796
82189
84683
87299
89897
92684
95573
98543
101567
104783
107980
111256
114790
118501
122205
126015
129832
133855
138102
142479
147037
151662
156353
161267
166245
171444
176936
182494
188286
194135
200205
206517
212936
219579
226352
233458
240692
248276
256086
264041
272289
280714
289338
298222
307562
317275
327160
337506
347938
358757
369967
381347
393154
405395
418158
431336
444839
458797
473178
488070
503464
519260
535536
552376
569659
587520
605775
624670
644217
664443
685158
706621
728649
751613
774915
799214
824101
850035
876750
904244
932817
962186
992488
1023760
1055820
1089035
1122959
1158206
1194720
1232083
1270717
1310772
1351871
1394601
1438129
1483141
1529939
1577988
1627507
1678886
1731368
1785808
1842222
1900210
1960019
2022095
20738
21400
22100
22802
23549
24241
25039
25819
26573
27457
28355
29207
30152
31080
31991
33054
34096
35129
36226
37399
38577
39765
40988
42290
43649
45033
46456
47911
49420
51016
52679
54355
56034
57799
59586
61520
63484
65444
67497
69593
71849
74120
76459
78806
81403
83912
86626
89380
92212
95160
98150
101278
104427
107738
111108
114584
118245
121873
125814
129826
133948
138178
142469
147070
151707
156569
161459
166680
171903
177376
183073
188768
194722
200954
207405
213971
220695
227627
234969
242385
250069
257978
266135
274629
283274
292279
301592
311177
321146
331320
341856
352646
363875
375401
387166
399404
412065
425178
438765
452705
466946
481701
496811
512670
529078
545701
562900
581006
599626
618518
638241
658296
679243
700946
723500
746502
769846
794250
819347
845372
872030
899574
927987
957613
988232
1019953
1052399
1085752
1120529
1156001
1192845
1230591
1270048
1310136
1351797
1395178
1439667
1485468
1532980
1581875
1632443
1684282
1738417
1793843
1850863
1909885
1971047
2034040
20533
21195
21869
22579
23322
24050
24823
25601
26437
27287
28194
29097
30061
31010
31980
32993
33980
35051
36175
37340
38492
39753
41016
42308
43694
45017
46450
47890
49381
50985
52634
54355
56092
57792
59644
61631
63596
65604
67771
69997
72286
74567
77034
79496
82084
84619
87275
90033
92931
95965
99062
102216
105485
108894
112344
115959
119579
123344
127273
131275
135337
139704
144141
148731
153526
158515
163665
168932
174484
180014
185685
191611
197693
203952
210481
217263
224256
231433
238954
246629
254616
262830
271221
279916
288907
298077
307692
317542
327854
338264
349170
360371
372059
384007
396223
408910
422090
435667
449615
463967
478823
493993
509988
526419
543314
560449
578388
597004
616018
635659
656009
676961
698608
720961
744323
768110
792858
818125
844544
871677
899644
928752
958713
989497
1021263
1054049
1087780
1123144
1158968
1196224
1234392
1273984
1315130
1357268
1400677
1446012
1492368
1540563
1590090
1641129
1693804
1748832
1805081
1863316
1923434
1985152
2048997
21078
21738
22478
23174
23880
24628
25405
26214
27013
27865
28789
29711
30703
31732
32833
33918
35008
36095
37225
38390
39640
40939
42274
43670
45043
46460
47920
49464
51111
52699
54470
56224
58063
59907
61933
63912
65987
68182
70402
72598
75013
77471
79953
82548
85162
87982
90739
93725
96792
99943
103248
106485
109986
113607
117298
120975
124810
128890
133120
137371
141761
146288
150966
155895
160994
166213
171657
177182
182979
188799
194838
201147
207703
214512
221266
228310
235728
243183
250980
259091
267411
276007
285057
294464
304040
313974
324146
334457
345257
356381
367906
379922
392108
404837
417831
431432
445188
459656
474553
489951
505847
522224
539275
556557
574444
592974
612035
631630
652053
673168
694967
717472
740651
764867
789479
815047
841467
868805
896881
926022
955828
986773
1018638
1051538
1085716
1120742
1156849
1194347
1232823
1272488
1313581
1356071
1400376
1445434
1491844
1540133
1590016
1641690
1694554
1749539
1806392
1865102
1925775
1988153
2052927
20908
21580
22232
22978
23705
24462
25277
26118
26980
27818
28749
29675
30676
31717
32736
33800
34868
35958
37106
38252
39505
40792
42106
43456
44850
46328
47766
49321
50904
52643
54255
56006
57811
59674
61632
63644
65668
67681
69811
72130
74452
76917
79379
81876
84606
87312
90087
92977
96069
99176
102409
105811
109209
112720
116358
120078
124033
128066
132122
136434
140903
145439
150181
155142
160319
165527
170858
176328
182009
187877
194003
200150
206665
213404
220341
227630
235004
242666
250639
258724
267254
275943
284910
294020
303594
313423
323629
334289
345056
356170
367755
379699
392040
404821
417790
431266
445454
459769
474682
490060
505897
522317
539187
556635
574762
593504
612892
632838
653346
674412
696273
719035
742664
766793
791511
817166
843609
871104
899515
928858
958965
990096
1022692
1055937
1090404
1126116
1162653
1200565
1239539
1279502
1321243
1364108
1408565
1454693
1501895
1550531
1600983
1653359
1707489
1762683
1820564
1880006
1941493
2004489
20788
21506
22157
22886
23615
24382
25214
25992
26827
27637
28580
29528
30531
31568
32574
33622
34698
35801
36954
38100
39340
40597
41979
43334
44733
46188
47661
49257
50820
52427
54143
55970
57660
59516
61469
63477
65515
67742
69903
72168
74598
76969
79509
81956
84625
87452
90261
93125
96060
99166
102433
105719
109135
112691
116364
120092
124027
128164
132361
136702
141037
145665
150447
155213
160243
165464
170802
176456
182174
188211
194420
200615
207178
214079
220999
228207
235541
243274
251227
259382
267831
276654
285805
295106
304639
314562
324646
335185
346150
357661
369214
381195
393533
406366
419584
433091
447472
462092
477238
492860
508915
525669
542994
560847
579195
598233
617743
638059
658862
680633
702506
725382
748903
773448
798905
825260
852506
880330
908957
938434
969037
1000539
1033031
1066643
1101395
1137534
1174689
1213298
1252742
1293747
1335811
1379496
1424444
1470544
1518413
1567892
1618936
1671588
1725981
1782417
1840763
1901077
1963089
2027113
20828
21467
22206
22895
23655
24459
25243
26044
26926
27832
28721
29717
30622
31575
32599
33718
34820
35954
37175
38398
39629
40970
42328
43691
45091
46577
48053
49662
51251
52926
54716
56458
58328
60198
62258
64366
66463
68605
70865
73306
75739
78277
80739
83363
86172
88966
91812
94803
97984
101073
104473
108055
111568
115134
119024
122937
126788
130913
135225
139682
144429
149102
154027
159180
164259
169661
175184
180919
186713
192691
198887
205328
212241
219184
226514
233962
241580
249383
257282
265827
274465
283497
292681
302387
312207
322682
333066
343965
355216
366911
378823
391151
403956
417057
430512
444765
459549
474525
489815
506221
522645
539845
557316
575282
594242
613494
633810
654526
676126
698266
720852
744644
769262
794391
820514
847279
874945
903827
933371
963904
995436
1028160
1061772
1096628
1132599
1169851
1208254
1247689
1288487
1331003
1374493
1419557
1466104
1514594
1563806
1615248
1668154
1722624
1779189
1837115
1897449
1959735
2023597
20819
21506
22208
22974
23737
24534
25292
26170
27039
27913
28840
29760
30738
31757
32784
33907
34982
36132
37364
38595
39930
41236
42600
44125
45513
47028
48555
50200
51786
53511
55245
57034
58977
60944
62966
65061
67180
69371
71707
74134
76587
79107
81620
84355
87193
90052
92990
95966
99043
102258
105575
108988
112437
116151
119852
123778
127802
131932
136176
140652
145254
150050
154934
160058
165297
170854
176585
182379
188306
194426
200956
207647
214534
221419
228766
236310
244005
252075
260245
268731
277598
286539
295965
305878
315874
326237
337013
347912
359335
371102
383208
395788
408657
422057
435930
450137
464757
480022
495820
511979
528751
546192
563908
582236
601328
621096
641456
662568
684202
706577
729602
753440
778092
803642
830084
857468
885472
914575
944684
975736
1007756
1040852
1075237
1110766
1147596
1185248
1223631
1264052
1305298
1348104
1392524
1437469
1484865
1533679
1584036
1636285
1689850
1745514
1802494
1861609
1922949
1985862
2050922
21373
22081
22850
23585
24343
25163
25947
26798
27691
28571
29498
30481
31491
32521
33564
34642
35731
36915
38146
39422
40782
42142
43549
45002
46455
47995
49615
51246
52937
54663
56410
58320
60221
62171
64220
66377
68589
70763
73114
75590
77951
80557
83132
85860
88785
91688
94709
97860
101097
104362
107876
111422
115061
118775
122581
126487
130631
134884
139299
143782
148467
153356
158260
163390
168694
174227
179957
185772
191944
198236
204729
211420
218330
225409
232707
240278
247983
256198
264650
273307
282287
291478
301037
310857
321167
331644
342385
353462
365189
377164
389446
402154
415398
429367
443468
458162
473079
488733
504834
521612
538509
556151
574530
593503
612952
632917
653903
675133
697401
720243
744050
768283
793734
819636
846500
874044
902943
932833
963396
994963
1027652
1061560
1096478
1132226
1169615
1208019
1247824
1288541
1331050
1374751
1420132
1466702
1515083
1564901
1616132
1669213
1724237
1780832
1839239
1899892
1962203
2026969
21087
21753
22510
23216
23958
24819
25612
26483
27308
28245
29180
30101
31092
32071
33160
34315
35433
36630
37902
39138
40459
41750
43112
44509
45957
47472
49067
50666
52429
54156
55910
57739
59609
61633
63661
65686
67853
70073
72404
74737
77281
79765
82433
85144
87942
90843
93793
96878
99952
103128
106538
110063
113612
117356
121329
125355
129465
133781
138140
142616
147319
152140
157107
162161
167531
172978
178611
184462
190500
196780
203168
209808
216668
223687
231164
238763
246485
254577
262995
271528
280299
289410
298903
308668
318799
329307
340169
351187
362815
374709
387143
399760
413003
426793
440746
455341
470316
485832
501861
518336
535387
553231
571232
589998
609458
629472
649978
671298
693277
716247
739700
763752
788622
814706
841441
869151
897387
927095
957475
989250
1021654
1055445
1090373
1126453
1163576
1201624
1240579
1281306
1323280
1367092
1411615
1458225
1506396
1556098
1607168
1660027
1714396
1770919
1829457
1890031
1951967
2015782
20707
21352
22050
22771
23544
24303
25081
25868
26704
27590
28483
29431
30322
31347
32417
33459
34540
35677
36808
38040
39306
40590
41951
43336
44806
46268
47752
49367
51032
52756
54487
56255
58149
60037
62074
64084
66248
68362
70577
72974
75363
77833
80417
83115
85823
88625
91480
94459
97525
100705
104068
107516
111020
114631
118391
122186
126093
130258
134573
138903
143560
148347
153244
158241
163442
168698
174174
179972
186016
192081
198554
205100
211972
219034
226122
233523
241130
249136
257356
265763
274371
283419
292743
302410
312301
322674
333298
344290
355643
367497
379491
391995
404894
418117
432073
446415
461128
476476
491900
508245
525001
542335
560237
578333
597187
616998
637334
658286
679850
702246
725450
749157
773749
799256
825493
852604
880573
909707
939469
970301
1002373
1035309
1069141
1104049
1140211
1177699
1216426
1256284
1297362
1339947
1384164
1429692
1476455
1525018
1574769
1626825
1679958
1735137
1792152
1851281
1912771
1975575
2040676
21110
21808
22519
23295
24059
24880
25729
26607
27482
28364
29286
30246
31216
32217
33262
34360
35498
36615
37825
39010
40325
41666
43035
44449
45960
47491
49030
50678
52376
54062
55828
57691
59582
61483
63542
65568
67626
69831
72116
74484
76995
79496
82124
84811
87619
90505
93474
96631
99782
103105
106444
110003
113634
117380
121353
125336
129427
133708
138027
142647
147356
152286
157206
162466
167852
173432
179041
185022
191093
197399
204156
211019
218059
225263
232657
240340
248146
256380
264747
273515
282430
291729
301203
311005
321405
332056
342910
354175
365774
377813
390392
403227
416607
430352
444471
458837
473960
489701
505837
522194
539234
556847
575190
594008
613650
633912
654826
676272
698435
721229
745015
769236
794580
820667
847544
875893
904669
934399
965118
996896
1029658
1063556
1098570
1134676
1172056
1211213
1251160
1292354
1334881
1378846
1424319
1471434
1519475
1569732
1621760
1675241
1731024
1788125
1847313
1908520
1971275
2036489
21270
21987
22693
23407
24162
25014
25836
26715
27604
28447
29401
30379
31391
32412
33485
34618
35749
36958
38164
39416
40649
41977
43405
44790
46380
47870
49444
51053
52770
54519
56316
58272
60127
62108
64208
66358
68586
70880
73190
75611
78089
80639
83285
86001
88918
91847
94860
98064
101343
104648
108182
111712
115426
119245
123186
127211
131417
135782
140318
145042
149701
154600
159654
164868
170375
176048
181824
187762
193933
200340
206871
213853
221017
228570
236170
243988
252051
260301
269018
277799
286857
296276
306117
316177
326599
337432
348732
360061
371972
384202
396599
409746
423126
437031
451435
466113
481398
497210
513624
530772
548202
566160
584757
603830
623709
644555
665752
687869
710714
733987
758100
783148
809060
835820
863334
891865
921379
951610
982988
1015359
1048761
1082716
1118384
1155411
1193676
1233152
1273801
1315842
1359016
1404041
1450406
1498534
1548089
1598986
1651489
1705855
1762379
1820305
1880217
1942104
2006513
20642
21287
21939
22665
23427
24189
24962
25799
26608
27532
28415
29389
30275
31289
32329
33423
34503
35636
36791
37995
39215
40530
41836
43224
44643
46128
47697
49229
50845
52447
54136
55877
57674
59558
61551
63611
65667
67866
70175
72531
74971
77516
80142
82835
85424
88226
91231
94220
97273
100538
103889
107324
110940
114535
118291
122259
126290
130501
134775
139223
143822
148564
153460
158543
163716
169078
174700
180443
186452
192394
198626
205255
211877
218795
225992
233424
241034
248838
256942
265338
274282
283329
292716
302363
312385
322785
333522
344610
356034
367689
379682
392387
405264
418716
432514
446923
461677
476847
492372
508308
525181
542515
560495
579124
598198
617932
637937
658914
680604
702942
726306
750223
775016
800564
826955
854192
882495
911336
941499
972675
1004300
1037471
1071586
1107069
1143644
1181188
1220151
1260314
1301565
1344387
1388781
1434315
1481590
1530174
1580459
1632710
1686480
1741934
1799536
1858898
1920130
1983660
2048861
21290
22004
22751
23523
24298
25045
25845
26694
27548
28479
29429
30406
31415
32482
33550
34720
35847
37078
38324
39562
40800
42127
43440
44858
46370
47943
49503
51211
52924
54722
56532
58367
60289
62223
64282
66383
68569
70865
73294
75763
78221
80761
83388
86129
88958
91809
94779
97861
101092
104470
107818
111381
115064
118879
122845
126888
131159
135498
140021
144542
149309
154309
159349
164645
170010
175616
181508
187357
193505
199860
206461
213263
220316
227489
235045
242800
250834
259008
267505
276392
285435
294982
304620
314550
324974
335607
346796
358388
370153
382360
394779
407481
420893
434921
449158
464164
479429
495448
511701
528657
546137
564389
582912
602099
621910
642358
663245
684901
707347
730655
754572
779330
805098
831863
859254
887323
916874
947148
978342
1010750
1043969
1078396
1114088
1150968
1188957
1228118
1268579
1310354
1353364
1398267
1444314
1492146
1541324
1592234
1644745
1698723
1754619
1812205
1872106
1934222
1998364
2064276
21466
22182
22892
23618
24374
25148
25958
26764
27664
28582
29490
30427
31380
32402
33518
34707
35895
37105
38398
39626
40934
42289
43625
45083
46556
48072
49662
51285
52940
54719
56506
58289
60275
62283
64359
66458
68664
70916
73209
75594
78122
80753
83410
86204
89098
92073
95025
98145
101355
104712
108190
111806
115466
119149
123075
127120
131328
135600
140079
144784
149613
154724
159666
164905
170247
175885
181714
187743
194020
200567
207291
214125
221150
228528
236050
243818
251962
260368
269024
277831
287075
296522
306311
316613
327076
337819
348884
360390
372189
384331
397001
410006
423710
437697
452140
467009
482353
498232
514624
531735
549224
567391
586375
605659
625353
645967
667548
689486
712268
735821
759792
784753
810633
837429
864908
893425
922685
953195
984969
1017558
1051010
1085811
1121327
1158201
1196388
1235744
1276516
1318696
1361927
1406969
1453307
1500833
1550427
1601599
1654332
1708632
1764851
1822759
1882609
1944427
2008606
20903
21593
22295
22976
23710
24482
25271
26109
27010
27890
28826
29804
30790
31867
32902
33936
35092
36262
37439
38639
39905
41251
42681
44006
45486
46952
48513
50131
51717
53432
55208
57005
58908
60824
62833
64921
67036
69212
71523
73761
76102
78520
81121
83772
86614
89504
92391
95419
98526
101855
105222
108726
112428
116165
120039
123980
128015
132267
136695
141173
145863
150583
155545
160667
165980
171499
177109
182877
188904
195033
201422
208278
215379
222539
229989
237594
245410
253577
261952
270448
279348
288681
298161
307950
318051
328660
339462
350731
362484
374520
386872
399561
412590
426325
440323
454764
469798
485352
501499
518150
535504
553385
571497
590278
609389
629299
649872
671523
693466
716144
739643
763832
