102461
104859
107402
109998
112681
115441
118280
121228
124202
127214
130360
133516
136785
140182
143638
147140
150776
154490
158272
162051
166093
170132
174337
178493
182962
187438
191906
196641
201433
206392
211380
216477
221847
227296
232870
238683
244515
250562
256869
263286
269785
276474
283339
290250
297372
304746
312193
319842
327759
335842
344259
352909
361569
370579
379822
389299
399064
408920
419071
429504
440189
451098
462434
474057
485800
497889
510351
523099
536240
549676
563418
577456
591823
606609
621639
637296
653232
669656
686390
703774
721225
739255
757811
776773
796173
816293
836682
857719
879239
901409
924158
947439
971086
995326
1020489
1046258
1072849
1099541
1127147
1155672
1184936
1214848
1246007
1277613
1310093
1343332
1377185
1411980
1447551
1484208
1521582
1560295
1599980
1640488
1682452
1725071
1768637
1813723
1859980
1907705
1956102
2006169
20819
21344
21914
22470
23013
23590
24193
24826
25422
26074
26702
27400
28134
28843
29597
30310
31107
31872
32728
33555
34443
35288
36143
37049
38011
39052
40083
41104
42167
43216
44284
45402
46577
47745
48972
50241
51571
52883
54297
55735
57218
58701
60262
61915
63607
65246
66931
68695
70407
72222
74144
76179
78136
80186
82261
84428
86638
88890
91199
93579
96038
98676
101190
103780
106495
109333
112195
115157
118093
121101
124255
127521
130923
134352
137916
141514
145104
148803
152692
156650
160686
164803
169058
173441
177923
182618
187381
192327
197405
202719
208027
213550
219242
224923
230895
236987
243355
249721
256206
262949
269786
276918
284280
291904
299718
307633
315865
324154
332625
341462
350435
359703
369157
379001
389146
399367
409969
420903
432096
443473
455130
467199
479842
492662
505862
519392
533017
547123
561606
576494
591831
607609
623803
640455
657516
675025
693016
711289
730299
749489
769489
789944
810966
832861
854902
877642
900946
925083
949904
975417
1001363
1028148
1055765
1084123
1113049
1142864
1173430
1204823
1237093
1269904
1304172
1339223
1375042
1411898
1449659
1488423
1528570
1569260
1611526
1654641
1699485
1745283
1792577
1840893
1890218
1940907
1993692
2047227
20992
21596
22173
22797
23435
24050
24670
25314
26030
26741
27457
28197
28978
29796
30603
31434
32264
33143
34097
35010
35925
36963
37970
38931
39988
41055
42180
43302
44481
45713
46913
48193
49547
50848
52220
53649
55056
56591
58114
59726
61299
62930
64624
66324
68198
70046
72045
74025
76000
78024
80178
82392
84683
86932
89322
91760
94372
96975
99771
102559
105428
108338
111309
114288
117419
120699
124064
127547
131054
134686
138287
142070
146033
150064
154194
158526
162866
167265
171826
176639
181470
186560
191617
196885
202313
207812
213501
219418
225461
231802
238305
244824
251598
258539
265686
273100
280689
288396
296454
304607
312996
321719
330710
339667
349096
358882
368922
378983
389604
400271
411309
422708
434455
446450
458728
471363
484518
498115
511798
526183
540872
555993
571329
587331
603839
620397
637513
655455
673847
692642
712112
731762
752018
773041
794479
816887
839482
862771
887039
911535
936713
962775
989473
1016968
1045337
1074575
1104711
1135136
1166807
1199149
1232446
1266698
1301883
1338083
1375208
1413587
1453217
1493681
1534736
1577845
1621677
1667053
1713460
1761306
1810487
1861334
1913273
1966847
2021988
20842
21461
22059
22648
23308
23939
24614
25304
26011
26762
27581
28346
29128
29983
30852
31779
32661
33556
34454
35411
36379
37394
38424
39440
40534
41689
42882
44100
45315
46621
47926
49247
50655
52082
53482
55007
56632
58308
59986
61702
63430
65374
67213
69071
70986
72998
74946
77028
79216
81480
83785
86182
88609
91149
93802
96405
99080
101994
104833
107849
110881
114019
117253
120643
124053
127612
131283
135127
138992
142902
146968
151173
155412
159774
164232
168930
173666
178570
183682
188835
194171
199637
205326
211147
217187
223320
229658
236072
242756
249586
256708
264142
271686
279385
287223
295397
303966
312667
321475
330748
340239
349967
360025
370263
380935
392084
403193
414579
426597
438724
451178
463857
477123
490941
504952
519310
534068
549201
564875
581041
597439
614408
631726
649634
668338
687546
707227
727465
747962
769268
791157
813469
836721
860789
885319
910927
937160
963822
991276
1019680
1048834
1079011
1109654
1141327
1173772
1207272
1242282
1277979
1314141
1351968
1390428
1430426
1471678
1513698
1557133
1601725
1647844
1694825
1743407
1793446
1844848
1897896
1952507
2008305
20553
21162
21798
22429
23068
23744
24419
25065
25779
26529
27289
28064
28891
29682
30563
31398
32282
33246
34201
35167
36203
37205
38295
39365
40531
41674
42918
44118
45352
46637
47940
49328
50790
52308
53837
55361
56925
58509
60164
61856
63558
65331
67183
69122
71135
73183
75302
77513
79722
81985
84276
86680
89214
91782
94502
97261
100123
103040
105970
109029
112255
115517
118894
122353
125887
129503
133250
137088
141055
144953
149121
153368
157824
162441
167058
171919
176877
181955
187214
192648
198278
203946
209849
216062
222358
228734
235374
242099
248998
256322
263773
271309
279153
287318
295754
304301
313025
322168
331654
341196
350979
361140
371601
382474
393739
405277
417002
429044
441500
454274
467761
481446
495449
509746
524634
539857
555479
571481
588097
605225
622929
641318
660063
679157
698872
719346
740257
761783
783811
806605
830042
854044
878995
904430
930754
957938
985819
1014803
1044777
1075229
1106626
1138812
1171993
1206408
1241489
1277715
1314949
1353420
1393246
1433697
1475619
1518757
1562973
1608367
1655475
1703931
1753722
1805432
1858742
1912708
1968579
2026236
20792
21430
22082
22717
23305
23943
24651
25340
26095
26817
27560
28365
29180
29993
30839
31800
32707
33624
34645
35703
36751
37845
38928
40047
41254
42500
43736
45015
46326
47701
49144
50565
52084
53588
55090
56765
58426
60147
61931
63722
65603
67573
69533
71563
73693
75766
78064
80287
82706
85108
87635
90179
92892
95620
98499
101410
104439
107553
110727
114033
117455
120908
124450
128035
131785
135701
139695
143905
148060
152490
157014
161626
166358
171373
176413
181706
186908
192498
198109
203975
209970
216087
222495
228971
235745
242702
249900
257150
264627
272274
280140
288250
296634
305331
314331
323523
333035
342941
352906
363241
373931
385106
396373
408115
420152
432614
445449
458559
471936
485982
500417
515373
530488
546054
561956
578415
595679
613163
631443
650441
669597
689274
709823
730895
752404
774646
797264
820893
844881
869751
895195
921573
948640
976702
1005988
1035824
1066722
1098608
1131167
1164613
1198868
1234618
1271236
1308814
1347435
1387539
1428353
1470900
1514441
1559297
1605280
1652875
1701781
1751959
1804063
1857283
1912786
1969461
2028133
20701
21295
21913
22583
23279
24001
24686
25415
26125
26861
27682
28526
29386
30250
31141
32039
33008
33971
34980
35989
37072
38147
39305
40496
41721
42944
44223
45570
46887
48238
49628
51130
52587
54132
55650
57304
59020
60788
62616
64432
66399
68364
70353
72425
74605
76776
79100
81464
83748
86212
88737
91306
94000
96791
99732
102751
105790
108992
112187
115621
119023
122600
126304
129992
133983
137947
142086
146386
150738
155329
159885
164557
169541
174658
179663
185030
190555
196151
202029
208115
214309
220694
227095
233775
240881
248064
255448
263025
270852
279012
287481
296135
304981
314119
323540
333075
343067
353308
363893
374780
385891
397266
409070
421218
433724
446602
459735
473295
487434
501934
516869
532210
548214
564465
581199
598421
616401
634804
653801
673553
693530
714114
735560
757475
779864
803271
827309
851949
877302
903596
930931
958628
987028
1016376
1047060
1078523
1110573
1143962
1178101
1213058
1249339
1286483
1324635
1364053
1405431
1447312
1490494
1534869
1580724
1627812
1676727
1726492
1778315
1831391
1885851
1941799
2000238
20380
20954
21562
22207
22914
23569
24287
25010
25800
26626
27432
28238
29106
29943
30799
31714
32640
33643
34643
35658
36741
37877
39000
40180
41359
42570
43751
45077
46358
47733
49105
50564
52129
53678
55237
56859
58607
60369
62214
64131
66052
68076
70074
72141
74271
76523
78819
81191
83526
86024
88595
91244
93936
96723
99646
102580
105669
108916
112218
115510
118800
122412
126192
129919
133844
137774
141985
146122
150566
155067
159748
164585
169454
174563
179919
185315
190929
196644
202534
208566
214799
221300
227851
234630
241755
248953
256478
264252
272131
280310
288653
297376
306355
315465
324911
334577
344699
355162
365927
376807
388196
399799
411712
423966
436619
449690
463096
476839
491256
505947
521220
536856
552924
569405
586483
604065
622283
641060
660486
680410
700833
721692
743485
766083
789022
812554
836702
861581
887453
914038
941605
969867
998981
1028812
1059588
1091490
1124225
1157978
1193043
1228914
1265952
1304097
1343240
1383512
1424966
1467695
1511685
1556953
1603603
1651578
1701075
1752407
1805022
1859341
1914947
1972750
2031934
21175
21808
22485
23203
23906
24600
25332
26092
26879
27668
28534
29351
30209
31088
32045
32993
33978
34986
35969
37046
38160
39314
40522
41749
43047
44374
45754
47130
48523
50048
51526
53029
54626
56198
57856
59613
61438
63327
65173
67103
69173
71230
73471
75703
78020
80385
82893
85359
87913
90521
93357
96215
99111
102173
105239
108493
111741
115085
118631
122184
125828
129560
133485
137569
141778
146050
150323
154892
159474
164260
169193
174235
179467
184766
190284
195996
201763
207957
214174
220675
227274
233994
241096
248362
255587
263207
271141
279282
287540
296269
305288
314395
323965
333734
343874
354297
364910
375961
387356
398968
411164
423530
436126
449187
462852
476799
491252
505943
520970
536772
553129
569724
587193
605018
623304
642149
661303
681348
701993
723203
744984
767701
791032
814709
839448
864521
890690
917819
945659
974184
1003567
1033658
1064801
1097318
1130707
1165129
1200388
1236675
1273914
1311880
1351152
1391706
1434035
1477176
1521604
1567448
1614975
1663481
1714114
1765643
1818485
1873243
1929694
1987841
2047857
21239
21867
22579
23276
24011
24755
25505
26256
27011
27830
28650
29484
30352
31244
32218
33180
34153
35233
36303
37456
38511
39694
40924
42135
43338
44590
45971
47375
48785
50245
51699
53255
54829
56530
58323
60103
61938
63854
65827
67781
69809
71940
74180
76460
78729
81083
83478
85977
88548
91243
93998
96914
99849
102822
105884
109134
112449
115866
119432
123052
126752
130502
134397
138401
142566
146846
151381
155961
160714
165508
170577
175702
180950
186477
192161
197841
203833
209793
216155
222652
229258
236055
243082
250440
257843
265627
273722
281895
290488
299346
308514
317804
327297
337037
347275
357825
368702
379806
391429
403169
415620
428238
441262
454594
468219
482296
497009
512035
527236
543271
559852
577005
594339
612289
630747
649612
669366
689788
710928
732395
754647
777514
801078
825022
850079
875668
901884
929252
957438
986306
1015888
1046698
1078169
1110753
1144640
1178888
1214588
1251526
1289423
1328833
1369111
1410312
1452705
1496918
1542376
1589126
1637355
1686394
1737190
1789872
1843996
1899842
1957004
2016068
20794
21428
22039
22735
23399
24126
24888
25635
26406
27157
27936
28781
29620
30492
31436
32405
33394
34464
35462
36569
37715
38880
40000
41308
42624
43933
45301
46698
48163
49579
51114
52580
54213
55879
57580
59267
61040
62903
64763
66717
68729
70790
72875
75142
77481
79812
82216
84703
87255
89933
92603
95396
98200
101226
104300
107550
110840
114211
117728
121378
125023
128767
132674
136683
140852
145146
149578
154135
158720
163603
168577
173587
179032
184459
190028
195787
201633
207909
214315
220738
227480
234394
241343
248717
256258
263943
271951
280336
288686
297540
306547
315844
325382
335168
345391
355885
366603
377607
389171
400963
413113
425596
438439
451732
465356
479464
494010
508910
524306
539999
556174
573051
590437
608488
626990
645832
665466
685516
706240
727572
749510
772039
795421
819470
844222
869808
896014
922990
950921
979769
1009343
1039830
1070995
1103429
1136658
1171162
1206810
1243267
1281144
1319981
1360267
1401464
1443675
1487203
1532334
1578922
1626829
1675993
1726880
1779224
1833374
1889057
1946605
2005742
20584
21183
21833
22510
23207
23912
24644
25396
26118
26925
27788
28649
29555
30479
31387
32294
33277
34318
35343
36402
37517
38679
39864
41051
42275
43620
44958
46295
47721
49095
50587
52166
53763
55432
57112
58839
60601
62444
64376
66345
68323
70358
72486
74695
77028
79394
81769
84288
86822
89447
92207
95003
97862
100854
103895
107024
110244
113626
117143
120661
124440
128180
132003
136088
140226
144495
148914
153450
158102
162899
167880
173035
178336
183670
189179
194876
200814
206966
213285
219775
226427
233395
240462
247783
255197
263120
271185
279344
287658
296450
305579
314861
324356
334086
344211
354596
365241
376348
387811
399697
411949
424428
437175
450410
464013
478129
492383
507110
522437
538298
554733
571857
589170
607038
625619
644672
664452
684649
705381
726660
748651
771602
794918
818907
843957
869655
896204
923434
951557
980447
1010072
1040333
1072201
1105031
1138692
1173369
1208950
1245728
1283047
1322009
1362108
1403257
1446051
1490019
1535548
1582202
1630084
1679510
1730386
1782766
1836838
1892987
1950931
2010204
20903
21544
22171
22844
23513
24245
24992
25708
26494
27344
28165
29027
29905
30820
31730
32633
33622
34624
35628
36729
37820
38996
40193
41410
42633
43921
45229
46563
48066
49418
50873
52404
53904
55549
57260
58935
60694
62605
64517
66487
68595
70739
72840
75065
77361
79741
82173
84632
87276
89963
92650
95503
98361
101331
104393
107656
110804
114112
117470
121131
124750
128499
132475
136495
140655
144896
149378
153905
158557
163451
168397
173480
178738
184121
189825
195595
201512
207633
213896
220266
227055
234047
241173
248612
256147
263945
271873
280123
288621
297290
306366
315784
325538
335481
345643
356107
367096
378302
389661
401406
413656
426297
439030
452459
466202
480369
494972
510038
525638
541569
558038
575070
592661
610706
629188
648480
668117
688383
709282
730952
753133
776031
799290
823547
848754
874507
901065
928402
956846
985897
1015880
1046607
1077948
1110812
1144364
1179293
1215120
1252192
1290466
1329952
1370495
1412236
1454938
1499283
1544383
1591157
1639577
1689646
1741198
1794379
1848542
1904876
1963064
2022361
20810
21471
22105
22769
23440
24158
24881
25642
26433
27229
28062
28889
29784
30662
31591
32611
33594
34668
35750
36799
37918
39077
40302
41476
42700
43950
45278
46632
48080
49472
51048
52587
54118
55791
57519
59250
61075
62930
64832
66823
68843
70839
72921
75128
77376
79671
82098
84713
87158
89747
92499
95374
98270
101280
104392
107528
110807
114196
117850
121435
125138
128913
132811
136727
140979
145261
149730
154265
158941
163882
168833
173959
179054
184376
190092
195943
201822
207973
214148
220737
227591
234609
241813
249099
256687
264483
272580
280925
289363
298163
307219
316560
326308
336158
346431
357043
368001
379233
390977
402951
415248
427923
441026
454285
468138
482568
497207
512326
527906
543961
560485
577459
595197
613316
632150
651473
671322
691682
712767
734187
756436
779673
803282
827757
852871
878708
905763
933309
961672
990891
1021103
1052299
1084489
1117242
1151268
1186129
1222246
1259562
1298051
1337741
1378477
1420527
1463612
1508054
1554049
1601637
1650642
1700849
1752793
1806307
1861291
1918009
1976172
2036511
20952
21587
22300
22998
23712
24468
25200
25992
26766
27587
28401
29281
30169
31100
32055
32974
33975
35030
36122
37261
38385
39556
40679
41869
43212
44473
45800
47269
48739
50169
51713
53311
54969
56684
58360
60134
61959
63909
65823
67806
69840
72048
74243
76469
78689
81016
83573
86135
88695
91344
94185
97076
100126
103185
106345
109492
112859
116373
119917
123711
127394
131376
135303
139502
143760
148269
152818
157501
162311
167192
172312
177479
182742
188399
194224
200190
206283
212447
218909
225581
232472
239453
246656
254139
261956
269917
278122
286469
295058
303911
313129
322741
332467
342538
353048
363843
374854
386326
398035
410200
422738
435653
449048
462538
476598
491100
506033
521488
537264
553579
570416
587889
605961
624404
643231
662893
682915
703638
725045
747089
769790
793556
817620
842390
867973
894222
921473
949657
978571
1008390
1039221
1070902
1103575
1137144
1171747
1207776
1244600
1282296
1321659
1361822
1403217
1445792
1490067
1535385
1582169
1630821
1680480
1732045
1784843
1839125
1895001
1952813
2012302
20849
21474
22121
22776
23490
24201
24989
25760
26550
27322
28088
28970
29880
30830
31803
32756
33704
34721
35805
36913
38077
39293
40568
41798
43069
44345
45715
47108
48576
50053
51601
53240
54890
56572
58270
60030
61905
63824
65795
67788
69865
72001
74168
76519
78774
81100
83547
86118
88682
91284
94048
96970
99833
103023
106247
109489
112790
116148
119683
123233
126991
130805
134719
138950
143151
147561
151997
156582
161409
166269
171348
176605
182053
187570
193295
199226
205348
211599
218046
224730
231459
238364
245564
253024
260747
268702
276906
285451
294107
302848
311959
321486
331207
341447
351739
362549
373464
385046
396686
408904
421481
434222
447366
461038
474948
489326
504269
519786
535632
552079
568956
586215
604086
622481
641595
660975
681458
702181
723341
745248
767937
791186
815609
840434
865910
892367
919723
947791
976482
1006330
1037150
1068617
1101133
1134722
1169181
1204737
1241424
1279463
1318578
1358872
1400162
1442620
1486674
1531889
1578400
1626433
1675705
1726616
1779147
1833192
1888937
1946839
2006071
20898
21571
22249
22917
23611
24339
25120
25876
26689
27483
28260
29090
29991
30887
31792
32777
33795
34813
35867
36937
38070
39250
40425
41645
42907
44151
45466
46806
48245
49727
51284
52837
54461
56154
57852
59666
61424
63335
65354
67259
69313
71348
73580
75926
78240
80656
83132
85647
88247
90950
93783
96609
99559
102576
105686
108931
112330
115857
119591
123344
127211
131087
134992
139067
143400
147745
152170
156765
161523
166497
171608
176910
182321
187856
193574
199542
205835
212212
218641
225312
232165
239168
246501
254100
261822
269832
277849
286423
295219
304340
313759
323277
333178
343418
353897
364660
375845
387099
398954
410997
423403
436304
449695
463384
477580
492045
507157
522506
538259
554642
571757
589428
607598
626129
645297
664860
685109
706090
727687
749825
772623
796104
820682
845875
871616
898082
926003
953943
983223
1013122
1044227
1076134
1109015
1142574
1177547
1213473
1250723
1288813
1328092
1368702
1410904
1453873
1498402
1544437
1591466
1639648
1689470
1741107
1794428
1849315
1905734
1963835
2023795
20687
21265
21924
22650
23297
23955
24682
25416
26219
27071
27867
28661
29545
30416
31393
32336
33318
34323
35350
36406
37545
38671
39876
41065
42341
43689
45014
46367
47882
49360
50850
52333
53934
55571
57231
59037
60784
62618
64470
66460
68490
70507
72698
74901
77263
79686
82154
84760
87385
90050
92784
95596
98519
101520
104477
107654
110801
114058
117587
121163
124904
128710
132627
136710
140914
145171
149576
154000
158629
163517
168493
173604
178862
184236
189781
195689
201523
207788
214107
220820
227448
234434
241588
248982
256522
264269
272384
280670
289263
298308
307347
316789
326359
336204
346560
357082
368134
379409
390826
402708
414847
427362
440257
453591
467458
481724
496682
511847
527560
543893
560464
577479
595201
613281
631946
651479
671268
691559
712897
734773
757216
780476
804304
828700
853905
880171
906920
934593
962941
992483
1022787
1053745
1085680
1119020
1152714
1187530
1223698
1261179
1299616
1339270
1379989
1422526
1465982
1510812
1557055
1604854
1653506
1703681
1755472
1808907
1864270
1920971
1979461
2040010
21040
21707
22384
23098
23817
24546
25362
26152
26938
27805
28686
29527
30445
31371
32349
33312
34383
35404
36554
37700
38818
39951
41140
42472
43801
45116
46562
47966
49442
51016
52628
54246
55850
57587
59361
61187
63093
65010
67013
69050
71099
73268
75532
77787
80231
82696
85184
87847
90637
93355
96101
99035
102085
105232
108498
111839
115157
118650
122330
126123
130024
134010
137988
142223
146548
151003
155609
160377
165393
170356
175545
180790
186327
191926
197809
203844
210000
216312
222800
229532
236474
243673
250908
258600
266520
274574
282981
291609
300580
309815
319158
328726
338704
349146
359870
370702
381964
393643
405761
418254
431147
444447
458230
472184
486601
501723
516920
532635
548867
565702
582900
600730
619119
637975
657804
677501
698145
719237
741144
763794
787073
811336
836299
861883
887913
914919
943082
972152
1001542
1032368
1063798
1095953
1128777
1163053
1198288
1234807
1272937
1311738
1351945
1393262
1435713
1479110
1524467
1570970
1619390
1668747
1719575
1772047
1825851
1881431
1938564
1998035
2059051
21129
21744
22385
23073
23789
24564
25328
26118
26936
27769
28628
29502
30416
31335
32320
33268
34303
35322
36350
37504
38578
39698
40916
42177
43438
44711
46054
47408
48898
50414
51959
53519
55211
56927
58646
60418
62237
64104
66025
68016
70147
