102672
105360
108147
111000
113917
116987
120169
123400
126717
130119
133606
137201
140852
144589
148482
152440
156406
160579
164928
169323
173730
178447
183234
188177
193220
198323
203763
209188
214923
220686
226570
232709
239052
245436
252003
258863
265820
273011
280563
288045
295921
303918
312139
320514
329172
337963
347179
356667
366453
376707
386856
397343
408056
419262
430837
442419
454586
466916
479647
492635
505929
519786
533876
548629
563605
579067
595092
611426
628017
645370
663058
681305
700111
719293
738975
759324
780102
801642
823468
846354
869691
893597
918165
943365
969302
995789
1023186
1051477
1080295
1110241
1141119
1172706
1205033
1238365
1272719
1307706
1343713
1380995
1419067
1458335
1498967
1539929
1582564
1626235
1671045
1717387
1765046
1814237
1864588
1916227
1969776
2024923
20601
21180
21714
22361
23001
23634
24345
25055
25750
26456
27199
27955
28758
29566
30371
31233
32062
32920
33827
34760
35708
36719
37757
38837
39900
41033
42160
43301
44523
45766
47007
48323
49703
51126
52520
53959
55505
57149
58788
60512
62205
63992
65777
67581
69426
71369
73443
75600
77702
79924
82241
84601
86989
89468
91992
94638
97284
100096
103025
105923
108884
112009
115115
118258
121578
125005
128517
132044
135796
139633
143642
147713
151990
156400
160883
165330
170104
174925
179932
185025
190200
195748
201363
207150
213093
219207
225468
232001
238704
245579
252649
259834
267288
274992
282924
290903
299525
308128
317003
326256
335564
345085
355033
365382
375872
386747
397679
409162
420842
432813
445215
458079
471304
484828
498943
513246
527997
543231
559040
575133
591587
608591
625999
644061
662864
681955
701829
722203
743156
764814
786857
809909
833454
857469
882087
907527
933419
960552
988396
1016975
1046580
1076897
1108046
1140409
1173560
1207939
1242995
1279502
1316698
1355061
1394712
1435139
1476559
1519592
1563861
1609628
1656415
1705061
1754493
1805754
1858354
1912470
1968476
2025914
20889
21499
22137
22775
23444
24130
24852
25553
26346
27106
27936
28762
29626
30465
31341
32181
33105
34093
35075
36073
37088
38190
39284
40371
41619
42828
44152
45451
46782
48129
49547
51024
52496
54046
55599
57278
58903
60585
62294
64115
65938
67888
69909
72011
74094
76273
78548
80901
83272
85688
88227
90836
93539
96354
99156
102062
105053
108197
111368
114722
118131
121603
125227
128973
132667
136666
140711
144886
149223
153632
158194
162778
167595
172574
177639
182831
188180
193872
199595
205555
211567
217883
224485
231132
237985
245112
252421
259864
267512
275569
283745
292266
300938
309947
319202
328777
338570
348616
358948
369838
381004
392259
403967
416118
428609
441437
454772
468301
482141
496601
511507
526762
542615
558806
575459
592720
610469
628795
647443
666821
686579
707033
728348
750309
772815
796144
820400
844912
870636
896656
923593
951463
980449
1009866
1040412
1071823
1103889
1137339
1171569
1206889
1243217
1280854
1319385
1358993
1399911
1442276
1485905
1530363
1576644
1624505
1673640
1724214
1776517
1830159
1885536
1942587
2001283
20475
21081
21737
22378
23037
23727
24425
25161
25915
26713
27524
28387
29284
30164
31076
31961
32981
33974
35018
36130
37260
38407
39556
40755
42010
43292
44649
46052
47507
48917
50420
51907
53518
55074
56707
58440
60252
62094
63915
65908
67874
69934
72003
74156
76444
78710
81150
83718
86240
88942
91634
94520
97359
100241
103396
106569
109877
113321
116860
120374
124016
127732
131666
135880
139949
144328
148872
153507
158141
163106
168119
173278
178480
183948
189549
195460
201439
207618
214015
220656
227394
234350
241549
248905
256507
264481
272563
281030
289661
298464
307542
317025
326735
336771
347011
357643
368847
380145
391951
404067
416610
429583
442806
456323
470474
484948
499828
515071
530984
547304
564313
581719
599767
618107
637046
656536
676527
697583
719062
741448
764657
788287
812884
838025
864097
890785
918168
946472
975800
1006089
1037103
1069142
1102246
1136241
1171534
1207864
1245226
1283803
1323476
1364600
1406713
1450288
1495192
1541424
1589071
1638580
1689375
1741310
1795573
1851737
1909081
1968361
2029511
20807
21469
22106
22792
23454
24232
24964
25739
26585
27437
28276
29129
30053
30949
31898
32926
33969
34984
36052
37191
38359
39472
40715
41900
43204
44609
46022
47421
48883
50453
52036
53668
55380
57113
58813
60662
62620
64608
66619
68748
70965
73135
75503
77831
80302
82831
85463
88089
90877
93735
96624
99640
102713
105912
109258
112696
116158
119813
123563
127380
131346
135460
139677
144118
148659
153311
158180
163101
168226
173503
178945
184548
190294
196243
202330
208763
215320
222000
229075
236154
243636
251328
259237
267284
275556
284148
293278
302513
312006
321969
332139
342611
353411
364425
375786
387656
399855
412432
425321
438888
452617
466759
481367
496422
511894
527782
544254
561388
579137
597409
616288
635581
655551
676055
697201
719105
741643
764902
788839
813441
839096
865466
892531
920703
949981
979734
1010483
1042399
1075532
1109274
1144242
1180310
1217878
1256482
1295977
1337028
1378984
1422741
1467659
1513657
1561500
1610518
1661325
1713809
1767498
1823101
1880519
1940345
2001730
20514
21125
21805
22465
23160
23847
24584
25397
26234
27080
27951
28849
29776
30728
31661
32734
33752
34840
35993
37127
38247
39445
40735
42034
43384
44745
46046
47507
48960
50474
52037
53667
55382
57142
59020
60924
62820
64803
66944
69021
71202
73449
75859
78176
80651
83175
85880
88629
91423
94370
97267
100421
103697
107010
110486
113948
117431
121213
125068
129044
133190
137407
141839
146409
151036
155825
160809
165930
171240
176765
182389
188196
194158
200381
206800
213472
220221
227321
234528
241898
249473
257508
265674
274025
282809
291580
300802
310298
320190
330346
340830
351738
362914
374512
386340
398650
411160
424468
438003
452040
466420
480986
496144
511829
528004
544888
562426
580301
598869
618302
637972
658373
679139
700585
723047
746108
769961
794638
819937
846182
873313
901032
929762
959726
990173
1021573
1054421
1087826
1122772
1158678
1195948
1234107
1273579
1314039
1356000
1399158
1444351
1490487
1537782
1587119
1637740
1689625
1743895
1799082
1856521
1916160
1976946
2039924
21361
22042
22756
23494
24259
25052
25900
26727
27550
28444
29367
30324
31231
32202
33188
34273
35351
36429
37606
38809
40097
41390
42659
44038
45518
46940
48433
49992
51623
53302
55018
56783
58609
60454
62343
64307
66385
68352
70634
72949
75362
77838
80304
82957
85622
88337
91189
94092
97059
100208
103417
106714
110127
113668
117262
121016
124972
128965
132964
137262
141632
146094
150755
155622
160719
166112
171488
177039
182829
188619
194672
200933
207326
213995
220916
227993
235336
242861
250841
258841
267053
275574
284372
293481
302720
312500
322503
332939
343482
354611
366150
378037
390036
402719
415559
428861
442496
456806
471507
486665
502432
518536
535235
552446
570154
588723
607677
627483
647544
668268
689629
711716
734461
758077
782932
808073
833996
860767
888632
916839
946241
976869
1008178
1040705
1074176
1108941
1144605
1181665
1219679
1258769
1298823
1340295
1383375
1428265
1474012
1521300
1570491
1621295
1673678
1727664
1783432
1840993
1900381
1961858
2024755
21006
21683
22384
23085
23870
24613
25428
26277
27184
28082
28986
29925
30958
31959
32987
34043
35089
36256
37429
38600
39828
41065
42438
43893
45349
46843
48372
49951
51551
53152
54836
56673
58529
60369
62334
64364
66567
68704
70887
73312
75614
78030
80530
83118
85809
88577
91486
94422
97431
100598
103771
107074
110547
114100
117809
121499
125379
129495
133662
137990
142440
147113
151741
156647
161679
167032
172381
178078
183894
189894
196051
202559
209122
216037
223068
230327
237816
245552
253377
261610
270132
278856
287742
297165
306731
316705
327060
337687
348595
359980
371706
383723
396078
408720
421994
435631
449720
464298
479232
494580
510635
527307
544483
562020
580227
598943
618512
638475
659273
680395
702556
725520
749189
773284
798559
824011
850649
878381
906893
936006
966218
997544
1029897
1063260
1098059
1133721
1170630
1208696
1247764
1288396
1330211
1373429
1417890
1463559
1510919
1560183
1610748
1662919
1716858
1772734
1830474
1889387
1950773
2013793
21166
21853
22554
23304
24098
24924
25725
26572
27367
28270
29227
30118
31137
32150
33223
34324
35438
36590
37774
39020
40262
41563
42906
44280
45717
47200
48776
50348
52031
53687
55431
57275
59120
61089
63083
65073
67157
69340
71546
73879
76210
78693
81332
83996
86696
89477
92442
95401
98430
101681
104954
108307
111906
115570
119214
123069
127110
131210
135481
139913
144472
149211
154055
159160
164346
169741
175384
181170
187141
193370
199681
206118
212979
219871
227087
234502
242252
250213
258433
266802
275425
284296
293532
303126
313041
323437
333897
344796
355945
367566
379446
391724
404364
417698
431293
445516
460090
475079
490545
506365
522849
539572
557254
575330
594130
613432
633121
653644
674826
696788
719613
743123
767287
792095
817847
844398
871962
900285
929567
959960
991230
1023242
1056347
1090730
1126208
1162931
1200455
1239758
1280174
1321705
1365012
1409513
1455630
1502873
1551994
1602174
1654355
1708597
1764324
1821460
1880545
1941863
2005293
20626
21259
21946
22608
23348
24097
24892
25723
26591
27461
28372
29290
30295
31293
32360
33411
34463
35603
36747
37899
39169
40458
41779
43132
44542
46016
47511
49081
50595
52202
53910
55721
57516
59371
61322
63244
65297
67430
69634
71924
74313
76812
79350
81999
84720
87453
90275
93271
96259
99393
102666
105992
109593
113115
116780
120602
124484
128584
132870
137092
141470
146033
150834
155780
160932
166124
171518
177043
182929
188902
195059
201471
208051
214867
221982
229234
236738
244344
252363
260633
269135
277917
287103
296551
306007
315972
326164
336939
347587
358922
370669
382586
394766
407680
420993
434813
449008
463562
478536
494281
510193
526953
544113
561955
580310
599170
618665
638799
660026
681567
703941
727084
750759
775062
800505
826821
853725
881615
910179
939875
970581
1002321
1034808
1068408
1103613
1139619
1176693
1215508
1255113
1295978
1338237
1382272
1427188
1473519
1521640
1571340
1622474
1675784
1730677
1786991
1845517
1905852
1968026
2032305
21169
21891
22606
23360
24100
24903
25692
26564
27409
28306
29224
30128
31095
32107
33194
34323
35448
36543
37726
38916
40184
41445
42752
44170
45560
47061
48643
50221
51901
53598
55365
57084
58886
60802
62773
64809
66975
69192
71487
73768
76258
78787
81394
84027
86757
89745
92666
95736
98979
102200
105515
108907
112443
116216
120047
123937
128036
132215
136492
140933
145523
150359
155293
160474
165585
170984
176566
182302
188250
194391
200756
207407
214208
221283
228473
235873
243620
251518
259748
268279
277176
286271
295503
305263
315322
325694
336483
347340
358698
370476
382656
395250
408124
421395
435319
449398
464047
479255
495109
511324
528007
545296
563101
581597
600499
620221
640681
661987
683505
705653
728714
752482
777008
802367
828383
855524
883356
912283
942427
973336
1005241
1038013
1072069
1106866
1143340
1180872
1219704
1260002
1301056
1343767
1387947
1433100
1479984
1528468
1578207
1629450
1682525
1737377
1794157
1852789
1914138
1976634
2040921
21146
21835
22568
23270
24089
24912
25743
26642
27493
28367
29265
30192
31196
32244
33279
34353
35458
36654
37834
38983
40287
41637
42965
44328
45815
47428
48958
50573
52232
53937
55663
57443
59348
61263
63212
65320
67386
69571
71875
74184
76615
79190
81865
84506
87196
89985
92980
96080
99318
102521
105866
109253
112897
116604
120623
124578
128700
132956
137266
141833
146501
151210
156262
161354
166526
171928
177581
183266
189206
195362
201735
208330
215013
222099
229268
236725
244435
252701
260969
269461
278349
287367
296856
306536
316537
327014
337687
348805
360255
372083
384381
396647
409568
422865
436677
450908
465802
480906
496871
513165
529992
547505
565361
583905
603062
622980
643328
664490
686712
709064
732252
756334
781369
806824
833223
860585
888506
917435
947574
978607
1010649
1043374
1078159
1113717
1150101
1187946
1226794
1267045
1308678
1351515
1395715
1441469
1488990
1537777
1588090
1640013
1693931
1749320
1806812
1865968
1926814
1990200
2055747
21102
21803
22528
23253
24001
24762
25593
26396
27253
28147
29026
30047
31008
32039
33105
34190
35276
36462
37690
38970
40274
41536
42946
44328
45786
47325
48861
50450
52095
53894
55709
57527
59374
61303
63302
65444
67626
69858
72226
74589
76974
79483
82105
84763
87585
90483
93485
96569
99718
102967
106378
109853
113414
117067
121065
125025
129167
133337
137711
142174
146870
151602
156703
161815
167179
172627
178278
184163
190159
196366
202864
209636
216425
223543
230868
238546
246297
254395
262509
271052
280058
289327
298914
308698
318915
329336
340217
351428
363099
374728
386871
399467
412579
425792
439776
454151
468996
484276
500168
516632
533713
551320
569327
587981
607270
627193
647640
668775
690783
713444
736943
761330
786364
812024
838963
866429
894934
924073
954374
985898
1018209
1051543
1086189
1121769
1158634
1196461
1235700
1276476
1318241
1361696
1406313
1452544
1500257
1549763
1600449
1652773
1706897
1763055
1821058
1880942
1942659
2006892
20791
21457
22202
22946
23669
24488
25310
26119
26920
27789
28662
29583
30545
31534
32565
33607
34729
35877
37050
38334
39621
40931
42245
43653
45088
46521
48053
49694
51294
52958
54723
56510
58398
60294
62278
64255
66381
68481
70697
73068
75503
77948
80547
83191
85924
88755
91659
94646
97730
100979
104250
107648
111158
114859
118666
122533
126606
130732
135022
139371
143848
148559
153294
158362
163558
168944
174441
180298
186234
192350
198509
204916
211683
218589
225809
233246
241057
248849
257097
265553
274237
283334
292739
302317
312163
322646
333264
343977
355234
367030
379018
391464
404454
417755
431531
445784
460572
475884
491606
508034
524404
541614
559330
577605
596274
615757
635938
656883
678520
700681
723801
747550
772055
797435
823760
850817
878789
907669
937634
968519
1000043
1032750
1066501
1101784
1137494
1174749
1213290
1253045
1294200
1336888
1380909
1425995
1472466
1520922
1571263
1622967
1676621
1731349
1788202
1847150
1907657
1970322
2034884
21133
21807
22509
23290
24048
24847
25670
26508
27383
28282
29245
30209
31187
32174
33290
34373
35477
36666
37856
39085
40333
41661
43085
44505
45933
47484
49081
50738
52417
54252
56055
57876
59841
61831
63901
66044
68170
70386
72648
75124
77575
80137
82769
85471
88323
91189
94132
97145
100340
103631
106980
110388
113994
117803
121649
125776
129880
133990
138291
142865
147532
152157
157194
162308
167613
173078
178839
184683
190700
197007
203419
210049
216983
224114
231512
239154
247151
255279
263689
272241
281187
290453
300091
310041
320289
330981
341835
352968
364621
376678
389168
401911
415037
428806
442905
457378
472462
487872
503903
520615
537749
555642
574024
592787
612207
632342
652785
674323
696575
719604
743449
767756
793076
819085
845791
873763
902559
932448
962778
994508
1027191
1061097
1095821
1131711
1169065
1207776
1247461
1288828
1331214
1375120
1420708
1467033
1515298
1564906
1616567
1669799
1724877
1781383
1839810
1900054
1962870
2027090
20768
21458
22179
22872
23686
24453
25237
26034
26920
27826
28756
29693
30652
31656
32706
33811
34908
36027
37121
38327
39602
40847
42214
43558
45020
46489
48014
49543
51217
52857
54574
56395
58218
60148
62075
64073
66207
68419
70631
72914
75327
77772
80323
82945
85658
88400
91319
94405
97408
100581
103905
107347
110834
114477
118322
122142
126252
130346
134655
139098
143590
148368
153236
158187
163394
168809
174245
179830
185838
192037
198267
204725
211520
218547
225651
233104
240766
248721
256941
265443
274071
283035
292227
301812
311703
321940
332610
343664
354910
366363
378354
390727
403783
416998
430868
445323
460201
475271
490954
507096
523718
540961
558655
576957
596039
615809
635947
656805
678436
700550
723583
747331
771857
797330
823879
851090
879119
908292
938286
969264
1000883
1034084
1068073
1103343
1139295
1176962
1215892
1256021
1297427
1340143
1384117
1430006
1477003
1525446
1575813
1628313
1682067
1737724
1794661
1853669
1914591
1977836
2042693
21120
21829
22517
23278
24062
24832
25615
26492
27333
28263
29222
30197
31164
32139
33223
34335
35505
36662
37851
39109
40351
41701
43047
44417
45872
47458
49044
50704
52341
54060
55812
57654
59532
61472
63494
65559
67676
69930
72318
74689
77155
79702
82371
85027
87941
90811
93834
96893
100078
103315
106655
110119
113693
117449
121259
125271
129322
133607
138048
142573
147185
152119
157187
162276
167574
173175
178851
184614
190713
197061
203621
210391
217310
224457
231856
239563
247645
255769
264098
272711
281565
290750
300283
310246
320402
330817
341652
353163
364655
376542
389036
401809
415134
428851
442872
457483
472602
488153
504158
520518
537711
555556
573860
592656
611983
632056
652941
674243
696592
719562
743007
767262
792660
818927
845836
873721
902251
931658
962277
994044
1026871
1060782
1095876
1132230
1169345
1207483
1247467
1288368
1331026
1374468
1419743
1466788
1515156
1565014
1616540
1669815
1724760
1781566
1840671
1901506
1964106
2028572
20924
21644
22287
23041
23821
24646
25449
26307
27173
28078
28989
29929
30908
31915
32970
34041
35132
36266
37472
38702
39994
41334
42727
44180
45638
47073
48617
50180
51734
53363
55093
56898
58734
60669
62676
64869
66912
69105
71332
73603
76060
78560
81172
83940
86727
89581
92558
95672
98755
102033
105490
108975
112589
116345
120187
124083
128105
132285
136700
141098
145711
150397
155318
160364
165600
171018
176677
182450
188521
194819
201142
207785
214657
221689
229000
236576
244361
252386
260766
269321
278112
287048
296549
306171
316180
326574
337382
348580
360134
372023
384151
396668
409938
423356
437209
451569
466451
481741
497514
513761
530671
548106
566085
584798
604113
624162
644630
665765
687548
710284
733561
757651
782449
808027
834741
862345
891080
920330
950821
982129
1014670
1047800
1082203
1117714
1154541
1192843
1232165
1272955
1315084
1358269
1402935
1449210
1496604
1546274
1597019
1649544
1704218
1760327
1818068
1878227
1940135
2003902
20682
21324
22053
22775
23555
24328
25126
25946
26796
27692
28610
29503
30435
31391
32431
33432
34571
35723
36911
38096
39356
40730
42056
43426
44798
46257
47762
49372
51035
52659
54364
56146
57949
59879
61805
63915
66011
68221
70432
72735
75055
77511
80054
82742
85438
88265
91119
94115
97229
100453
103820
107187
110774
114391
118121
121969
126008
130274
134590
139125
143650
148485
153338
158396
163669
169070
174570
180392
186386
192401
198767
205418
212368
219367
226533
234029
241839
249786
258015
266485
275328
284534
294013
303731
313708
324128
334706
345849
357259
369026
381223
393779
406649
420270
434113
448296
463137
478547
494174
510515
527332
544699
562563
581007
600292
620071
640302
661560
683298
705639
729192
753127
777658
803411
830097
857690
885545
914840
944885
976260
1008671
1041717
1076047
1111167
1147775
1185871
1224383
1264598
1306223
1348958
1393583
1439558
1486927
1535699
1586103
1638372
1691982
1747594
1804936
1864746
1926341
1989662
2055716
21403
22095
22868
23595
24365
25137
25983
26883
27762
28712
29689
30718
31717
32724
33734
34843
35982
37174
38387
39680
41012
42326
43770
45269
46763
48286
49873
51465
53167
54904
56713
58579
60576
62531
64623
66743
68940
71133
73388
75881
78417
80958
83637
86444
89148
92022
95061
98175
101482
104785
108269
111850
115587
119419
123555
127657
131927
136343
140791
145438
150182
155123
160193
165302
170761
176224
182004
188065
194266
200688
207377
214142
221175
228350
235951
243769
251656
260047
268545
277356
286445
295951
305837
316175
326519
337237
348375
359682
371512
383983
396581
409745
423262
437267
451685
466700
482029
497932
514297
531244
548652
566777
585527
604723
624704
645299
666633
688635
711385
735080
759426
784565
810391
837438
865084
893689
923222
953492
984992
1017610
1050931
1085096
1120779
1157929
1196306
1235612
1276381
1318639
1362222
1407141
1453617
1501328
1550928
1601748
1653990
1708572
1764977
1823404
1883393
1945297
2009880
20725
21414
22182
22920
23688
24525
25371
26220
27075
27981
28948
29901
30925
31978
33094
34245
35359
36519
37685
38936
40201
41571
42921
44324
45748
47270
48790
50354
52046
53704
55484
57322
59141
61067
63029
65081
67257
69446
71632
73974
76410
78949
81609
84297
87065
90002
92999
96147
99318
102651
105958
109441
113112
116970
120887
124985
129108
133315
137635
142036
146735
151474
156497
161661
166995
172519
178235
184201
190241
196451
202854
209473
216359
223433
230747
238405
246220
254254
262651
271313
280327
289440
298898
308872
319168
329872
340870
352223
363792
375697
388052
400824
414296
428183
442256
456877
471880
487525
503768
520481
537660
555238
573488
592302
611797
631945
652759
674305
696532
719619
743370
768044
793214
819353
846361
874372
903158
