102510
105070
107706
110452
113270
116061
118971
121958
125200
128340
131501
134832
138283
141774
145411
149063
152740
156549
160426
164458
168714
173013
177395
181887
186593
191281
196075
201056
206137
211445
216819
222429
228123
233943
240032
246186
252410
258996
265599
272376
279184
286220
293499
300895
308520
316346
324446
332740
341207
349935
358768
367989
377449
387141
397106
407054
417618
428324
439328
450676
462224
474145
486361
498745
511505
524670
538056
552005
566093
580698
595444
610829
626602
642642
659298
676233
693574
711421
729767
748685
768093
787769
808183
829165
850502
872416
894849
918359
942057
966617
991644
1017333
1044068
1071183
1099310
1127982
1157229
1187573
1218477
1250180
1282506
1316089
1350526
1385486
1421765
1458855
1496637
1536210
1576343
1617777
1660204
1703476
1747990
1793576
1840437
1888509
1937724
1988803
2041068
20993
21558
22124
22693
23288
23901
24574
25210
25888
26618
27279
27942
28689
29456
30259
31092
31927
32784
33637
34503
35396
36288
37214
38164
39193
40226
41375
42476
43662
44816
46024
47335
48583
49918
51164
52551
53911
55281
56765
58298
59903
61428
63033
64720
66500
68339
70252
72106
73955
75858
77983
80074
82182
84402
86685
89030
91458
93896
96467
99007
101665
104409
107236
110147
112999
116084
119232
122366
125561
128874
132273
135792
139482
143162
146998
150923
155115
159274
163617
168047
172504
177085
181878
186750
191785
196967
202316
207723
213331
219129
224877
230915
237266
243797
250372
257058
263957
271122
278454
285864
293568
301562
309775
318116
326785
335651
344876
354123
363816
373717
383711
394162
404663
415537
426861
438422
450184
462340
474800
487657
501023
514552
528835
543317
558141
573469
588898
604854
621181
638184
655518
673718
692167
710854
730441
750307
771014
792101
813610
835804
858582
882237
906351
931143
956670
982957
1010354
1038200
1066924
1095967
1125727
1156437
1188164
1221046
1254540
1288900
1324156
1360488
1397873
1436328
1476028
1516370
1558223
1601019
1645404
1690539
1737401
1785023
1834414
1884962
1937036
1990827
2046002
21306
21889
22489
23139
23783
24430
25111
25807
26495
27268
28009
28766
29536
30351
31167
32047
32924
33892
34815
35762
36759
37744
38753
39892
40942
42094
43291
44522
45719
46990
48326
49616
51076
52487
53986
55437
57025
58559
60201
61827
63547
65343
67159
68937
70836
72793
74800
76897
79012
81270
83515
85795
88199
90665
93170
95705
98487
101294
104149
107030
110070
113201
116364
119618
122920
126401
129998
133742
137425
141145
145066
149105
153189
157482
162055
166572
171223
176026
180906
186050
191245
196683
202178
207936
213759
219880
225878
232342
238975
245667
252537
259584
266817
274316
282069
290131
298333
306693
315507
324462
333478
342988
353035
363005
373211
383732
394431
405610
417278
429241
441577
453912
466832
479837
493376
507436
521532
536272
551643
567103
582993
599480
616381
633868
651496
670247
689316
708673
728717
749081
770705
792611
815341
838337
861960
886510
911627
937303
963773
991285
1019379
1048224
1078107
1108852
1140458
1172892
1206428
1240627
1275987
1312589
1349972
1387875
1427435
1468042
1509947
1552780
1597263
1642794
1689660
1737859
1787713
1838888
1891340
1945275
2000301
20510
21081
21732
22334
22958
23614
24267
24967
25639
26368
27118
27879
28706
29529
30311
31199
32059
32981
33942
34918
35915
36953
38034
39039
40132
41272
42442
43661
44902
46218
47569
48961
50358
51815
53343
54900
56465
58059
59740
61478
63206
65010
66918
68846
70894
72990
75080
77347
79587
81934
84256
86750
89284
91894
94649
97327
100092
102947
105854
108888
112022
115104
118442
121891
125401
128925
132658
136427
140400
144347
148420
152876
157423
161912
166633
171541
176544
181726
187026
192442
198093
203786
209592
215603
221813
228375
234980
241729
248605
255778
263214
270977
278858
286918
295216
303733
312496
321432
330834
340458
350401
360573
370900
381698
392735
404095
415909
428184
440663
453281
466459
479926
494054
508327
523043
538320
553980
570038
586760
604012
621630
639981
658596
677958
697854
718025
739121
760894
782816
805825
829419
853653
878686
904374
930829
957949
986185
1014924
1044542
1074906
1106553
1138759
1172148
1206070
1241319
1277680
1315330
1354350
1393752
1434690
1476382
1519344
1563789
1609887
1657060
1705795
1755795
1807074
1859862
1914266
1970687
2028454
21094
21690
22332
22953
23664
24367
25033
25776
26525
27333
28130
28928
29763
30652
31558
32478
33461
34471
35456
36518
37613
38748
39888
41046
42279
43521
44841
46111
47460
48903
50320
51779
53341
54909
56590
58283
59985
61720
63555
65355
67237
69290
71222
73286
75505
77745
80017
82382
84846
87290
89935
92673
95475
98309
101212
104284
107349
110513
113750
117194
120677
124252
128040
131832
135682
139721
143893
148103
152531
157123
161797
166596
171494
176419
181570
186944
192475
198226
204138
210112
216367
222837
229323
236102
243135
250411
257746
265467
273253
281310
289684
298069
307002
316075
325447
334995
344989
355232
365721
376492
387517
399023
410919
422987
435588
448584
461915
475795
489756
504156
519189
534673
550515
567086
583905
601093
618901
637160
656203
675484
695736
716532
737737
759639
782262
805330
829173
854039
879756
906227
933288
960939
989780
1019574
1049788
1080804
1112963
1146314
1180450
1216073
1252407
1289619
1327768
1367159
1408286
1450493
1493460
1538479
1584539
1632160
1681387
1732021
1783794
1837493
1892527
1949115
2007370
20778
21435
22132
22784
23473
24166
24884
25606
26417
27198
28027
28862
29745
30623
31546
32454
33453
34427
35467
36520
37669
38815
40008
41258
42452
43755
45052
46481
47873
49327
50820
52314
53898
55512
57227
59008
60761
62515
64391
66314
68306
70311
72498
74752
77020
79310
81694
84241
86765
89391
92076
94822
97744
100624
103531
106626
109909
113250
116702
120340
124036
127789
131679
135635
139878
144022
148347
152780
157509
162180
167047
172080
177369
182728
188363
194105
199900
205946
212132
218567
225056
231901
238987
246256
253771
261485
269250
277340
285659
294357
303402
312719
322271
332009
342139
352612
363486
374625
386225
398032
410224
422603
435418
448921
462565
476712
491417
506263
521834
537788
554207
571143
588723
606729
625410
644350
663809
684039
705096
726496
748600
771333
794960
819217
843998
869798
896347
923964
952241
981621
1011533
1042520
1074342
1107354
1140760
1175591
1212032
1249270
1288028
1327771
1368489
1410312
1453079
1497530
1543464
1590916
1639723
1689880
1741839
1795189
1850432
1907099
1965747
2026212
21118
21748
22451
23132
23833
24525
25312
26025
26810
27628
28477
29327
30291
31219
32151
33162
34216
35272
36344
37440
38593
39837
41082
42360
43647
44972
46337
47761
49223
50751
52352
54031
55681
57416
59273
61121
62990
64956
67016
68953
71052
73200
75538
77822
80248
82703
85235
87805
90485
93306
96108
99158
102216
105240
108514
111890
115312
118858
122590
126319
130212
134131
138222
142483
146888
151396
156075
160915
165796
170899
176163
181601
187140
193006
198934
205109
211412
218050
224649
231655
239027
246464
254030
261749
269951
278312
286989
295922
305061
314585
324374
334355
344656
355403
366383
377719
389422
401401
413830
426650
439988
453641
467534
481977
497033
512310
528160
544510
561349
578736
596831
615427
634477
654286
674529
695326
717087
739410
762312
785823
810322
835783
861723
888518
916272
944910
974476
1004905
1036178
1068365
1101731
1136085
1171351
1207877
1245631
1284469
1324632
1365830
1408564
1452287
1497714
1544370
1592560
1641868
1692960
1745615
1800148
1856440
1914363
1974424
2035945
20930
21622
22307
23024
23705
24485
25222
26048
26897
27706
28645
29523
30420
31426
32438
33484
34576
35618
36755
37913
39135
40361
41659
43018
44359
45740
47155
48613
50191
51775
53360
55057
56804
58613
60481
62386
64455
66380
68476
70635
72878
75133
77467
79880
82466
85105
87750
90565
93362
96359
99366
102505
105694
109025
112470
115968
119564
123285
127208
131154
135362
139592
144070
148544
153324
158156
163037
168182
173445
178833
184494
190311
196333
202591
208917
215512
222280
229407
236624
244153
251879
259826
268085
276536
285364
294265
303598
313237
323124
333082
343619
354547
365665
377043
388920
401160
413719
426853
440367
454335
468850
483810
499099
514816
531110
547919
565128
582962
601454
620224
639842
660209
680999
702397
724665
747395
770746
795141
820248
846076
873021
900588
929260
958689
989054
1020511
1052901
1086366
1121033
1156570
1192936
1230896
1269655
1310402
1351555
1394308
1438518
1484051
1531130
1579772
1629696
1680880
1734422
1789634
1846154
1904696
1964862
2026931
20916
21623
22295
22994
23684
24420
25227
26036
26843
27698
28561
29438
30379
31326
32314
33329
34335
35435
36526
37725
38919
40052
41287
42521
43887
45265
46663
48059
49637
51206
52824
54499
56197
57919
59770
61710
63717
65767
67825
70009
72261
74554
76807
79311
81821
84441
87161
90009
92818
95687
98755
101849
105187
108521
112043
115600
119295
123075
126948
131041
135192
139468
143974
148483
153268
158231
163258
168372
173840
179430
185142
191057
197117
203467
210025
216760
223683
230778
238151
245681
253663
261634
269896
278602
287460
296490
305806
315639
325743
336146
347029
358144
369523
381516
393772
406211
419158
432419
446198
460487
475192
490411
506145
522229
538675
555899
573777
592133
611278
631030
651094
671952
693568
715876
738789
762310
786701
811842
838003
864969
892568
921011
950290
980686
1011837
1044056
1077368
1111745
1147157
1183721
1221235
1260439
1300544
1341719
1384636
1428799
1474206
1521091
1569438
1620034
1671911
1725508
1780485
1837536
1896000
1956700
2019126
20913
21598
22309
23034
23793
24572
25386
26179
27025
27865
28752
29616
30568
31499
32497
33518
34568
35719
36892
38064
39254
40527
41845
43138
44479
45890
47323
48840
50400
51978
53666
55331
56998
58803
60666
62640
64672
66753
68947
71202
73546
75875
78274
80734
83403
86076
88885
91766
94682
97737
100904
104171
107528
111006
114527
118208
122055
126055
130144
134361
138672
143144
147629
152327
157266
162307
167408
172761
178322
183998
189866
195993
202204
208560
215255
222274
229166
236425
243877
251678
259699
268004
276637
285441
294628
304041
313920
323817
334047
344625
355681
367244
378940
391080
403577
416523
429897
443831
458060
472937
487918
503497
519796
536533
553591
571444
589749
608767
628071
648241
669156
690656
712810
735926
759530
783870
809086
835272
861936
889943
918406
947936
978479
1009734
1042066
1075567
1109930
1145344
1182006
1219917
1259076
1299299
1341079
1384197
1428747
1474711
1522084
1571053
1621765
1674092
1727898
1783308
1840388
1899233
1960617
2023879
20766
21420
22115
22821
23544
24289
25107
25955
26792
27656
28550
29468
30411
31339
32336
33358
34477
35617
36778
37947
39211
40408
41742
43074
44479
45848
47334
48964
50562
52158
53846
55600
57377
59209
61152
63137
65210
67331
69506
71732
74046
76354
78776
81256
83861
86532
89290
92166
95060
98075
101194
104451
107721
111173
114734
118463
122173
126042
130174
134350
138678
143161
147755
152431
157396
162383
167664
173033
178653
184338
190259
196506
202819
209264
215790
222709
229844
237149
244708
252528
260706
269044
277783
286795
295960
305506
315297
325507
335987
346763
357871
369451
381290
393608
406386
419436
432994
446988
461364
476320
491656
507830
524253
541031
558299
576258
594924
613874
633622
654035
675060
696753
719124
742314
766077
790565
815842
842430
869788
897911
926680
956792
987653
1019557
1052337
1085973
1121070
1157250
1194697
1233669
1273193
1314675
1357086
1400705
1445869
1492556
1541007
1590706
1641454
1694261
1749358
1805894
1864035
1924426
1986448
2050134
21271
21980
22638
23387
24119
24908
25703
26531
27353
28230
29143
30077
31019
32014
33025
34058
35153
36202
37336
38538
39759
41035
42400
43774
45206
46659
48144
49640
51228
52878
54561
56336
58147
60109
62017
64050
66183
68228
70338
72681
74949
77392
79875
82577
85298
88029
90830
93775
96787
99965
103181
106594
109917
113422
117026
120833
124727
128749
132900
137166
141641
146251
151026
155899
160929
165947
171282
176909
182592
188483
194503
200784
207235
213925
220969
228042
235338
242997
250630
258760
267195
275844
284899
294116
303821
313702
323931
334464
345473
356779
368181
379970
392287
404864
418185
431630
445530
459759
474469
489833
505813
521947
538780
556001
574070
592816
611761
631422
651819
672982
694783
717070
740390
764173
788963
814485
840626
867725
895789
924813
954728
985586
1017428
1050381
1084257
1119526
1155814
1193211
1232022
1271830
1312848
1355641
1399660
1444904
1491612
1539491
1589664
1641209
1694277
1749344
1806061
1864562
1924470
1986545
2050513
21181
21885
22633
23394
24175
24956
25733
26552
27383
28191
29076
29972
31014
31989
33043
34100
35263
36419
37627
38820
40021
41279
42580
43975
45434
46890
48359
49945
51623
53291
54935
56702
58544
60405
62409
64435
66574
68839
70999
73354
75763
78206
80695
83379
86099
88789
91709
94561
97749
100904
104127
107510
111068
114652
118359
122215
126206
130323
134610
138928
143490
148068
152830
157777
162836
168064
173452
179022
184782
190695
196767
203080
209753
216597
223685
230971
238608
246235
254115
262295
270709
279571
288640
297959
307683
317753
328252
338718
349660
360991
372565
384557
397050
410052
423160
436898
450928
465620
480624
496095
512046
528346
545421
563141
581250
599800
619204
638982
659792
681430
703567
726422
749721
774004
799003
824819
851351
879090
907812
937199
967572
998713
1030848
1064362
1098750
1134176
1170489
1208537
1247891
1288028
1329566
1372513
1416850
1462499
1510201
1559447
1609837
1661980
1715926
1771778
1829184
1888647
1949764
2012793
20890
21592
22273
22979
23685
24440
25211
26035
26857
27724
28631
29569
30507
31514
32547
33624
34695
35795
36986
38141
39347
40647
41954
43232
44663
46071
47512
49128
50618
52142
53833
55551
57391
59216
61087
63063
65125
67327
69533
71795
74170
76552
79035
81482
84089
86816
89564
92457
95397
98425
101678
104893
108299
111787
115374
119012
122951
126971
131065
135314
139694
144159
148834
153638
158483
163668
168948
174423
180173
186027
192122
198451
204782
211402
218187
225188
232473
240085
247913
255858
264088
272639
281427
290664
300072
309947
320055
330144
340718
351669
363197
374919
387033
399604
412691
426165
440063
454275
468975
484210
499894
515987
532770
549952
567884
586253
605223
624873
645077
665791
687276
709345
732200
756010
780409
805508
831716
858771
886513
914971
944628
975325
1006765
1039313
1072933
1107781
1143669
1180779
1218841
1258427
1299013
1341213
1384476
1429434
1475936
1523628
1572884
1624125
1676911
1731084
1786810
1844633
1904291
1965994
2029045
20886
21552
22213
22953
23690
24454
25266
26116
26902
27795
28725
29634
30605
31641
32655
33740
34815
35922
37090
38271
39478
40751
42086
43412
44729
46107
47584
49075
50623
52229
54000
55782
57578
59440
61338
63299
65426
67552
69646
71989
74267
76645
79151
81733
84386
87146
89944
92886
95888
98917
102096
105407
108721
112141
115885
119719
123615
127578
131785
136116
140401
145013
149714
154700
159707
164897
170342
175821
181714
187536
193595
199970
206481
213104
219996
227152
234449
242066
249951
258126
266532
275339
284256
293325
302823
312584
322702
333120
343922
354895
366516
378312
390589
403214
416349
429949
443920
458050
472908
488361
504139
520521
537464
554974
573062
591697
610987
630795
651217
672247
694369
716920
740059
764117
788625
814083
840473
867537
895691
924958
955016
985958
1018125
1051125
1085221
1120104
1156578
1194090
1232793
1272694
1313917
1356483
1400503
1445726
1492429
1541111
1591016
1642495
1695687
1751060
1807581
1866017
1926370
1989140
2053701
21227
21956
22628
23355
24130
24919
25736
26552
27436
28296
29210
30143
31126
32165
33199
34286
35360
36520
37735
38932
40229
41558
42892
44305
45691
47128
48633
50194
51838
53461
55116
56933
58837
60730
62706
64792
66880
69080
71343
73582
76079
78517
80952
83585
86207
88953
91825
94779
97916
101036
104327
107686
111241
114786
118500
122337
126311
130497
134768
139163
143541
148178
152935
157896
163012
168206
173729
179390
185302
191326
197351
203747
210430
217358
224260
231482
239058
246835
254737
262935
271677
280464
289537
298868
308725
318726
329173
339896
350951
362369
374045
386074
398711
411680
425022
438708
452789
467426
482547
498316
514290
530937
547879
565651
583825
602614
622222
642554
663336
684889
707439
730437
754301
778790
804093
829984
857062
884782
913345
942860
973615
1004979
1037363
1071125
1106050
1141970
1179154
1217226
1257039
1297983
1339786
1383233
1428024
1474073
1521932
1571283
1621978
1674532
1728705
1785031
1843176
1902507
1964121
2027383
20688
21340
22061
22820
23587
24359
25166
25972
26828
27680
28487
29423
30372
31364
32380
33431
34556
35704
36859
38005
39197
40536
41830
43159
44508
45945
47416
48911
50419
52023
53698
55419
57261
59073
60926
62902
64930
67035
69193
71485
73818
76203
78751
81252
83918
86617
89470
92355
95341
98392
101574
104924
108302
111894
115518
119314
123204
127221
131372
135628
140032
144614
149288
154044
159057
164244
169563
175079
180810
186712
192854
199149
205651
212425
219324
226360
233668
241105
248750
256899
265337
273996
282788
291820
301449
311279
321288
331681
342536
353866
365369
377254
389703
402349
415503
428979
442775
456959
471799
486858
502576
518749
535589
552952
570924
589505
608490
628199
648846
670057
691585
713949
736929
760858
785298
810767
836818
863626
891684
920796
950664
981618
1013553
1046494
1080545
1115417
1151890
1188890
1227420
1267227
1308466
1350628
1394355
1439389
1486333
1534236
1584022
1635395
1688034
1742862
1799118
1857226
1917834
1980450
2044733
21174
21848
22539
23275
24047
24808
25566
26454
27284
28169
29093
30056
31061
32101
33153
34248
35336
36456
37658
38860
40129
41407
42780
44155
45571
47047
48629
50276
51895
53557
55327
57058
58914
60787
62776
64874
66938
69165
71396
73792
76164
78562
81119
83708
86424
89192
92082
95015
98161
101349
104538
107988
111581
115181
118977
122807
126844
130951
135154
139472
143969
148553
153373
158368
163562
168954
174354
179956
185791
191780
198090
204625
211314
218137
225191
232369
239972
247830
255731
264106
272643
281573
290923
300366
310046
319959
330452
341217
352311
363761
375619
387729
400165
412938
426232
440106
454406
469211
484315
499972
516096
532728
550025
568037
586232
605080
624620
644723
665930
687380
709661
732680
756316
780766
806211
832248
859120
886645
915594
945387
976099
1007986
1040638
1074313
1109131
1145214
1182350
1220850
1260521
1301467
1343749
1387436
1432646
1479188
1526872
1576052
1627470
1680490
1734741
1791179
1849558
1909456
1971267
2035161
20921
21627
22362
23130
23892
24669
25467
26308
27189
28108
29059
30079
31089
32072
33128
34154
35303
36472
37656
38879
40180
41429
42814
44158
45585
46982
48524
50143
51755
53446
55190
56949
58745
60653
62608
64641
66733
68879
71136
73480
75857
78331
80880
83490
86259
89071
92051
95017
98049
101344
104634
108079
111713
115321
119104
122984
126900
131032
135356
139781
144408
149153
154066
159118
164259
169640
175092
180734
186650
192657
198896
205318
212082
219103
226247
233468
241138
248963
257047
265208
273806
282833
292033
301466
311129
321063
331506
342229
353436
364870
376615
388812
401424
414360
427982
441876
456274
471025
486363
502057
518303
535213
552793
570773
588952
608168
627938
648069
669164
690781
713119
736184
760232
785172
810552
836931
864038
891972
920801
950687
981254
1012865
1045556
1079680
1114583
1151036
1188219
1226570
1266493
1307523
1350061
1393518
1438756
1485527
1533724
1583173
1634671
1688062
1742484
1798830
1857167
1917605
1979940
2044111
21063
21735
22443
23167
23914
24691
25550
26406
27278
28105
29007
29937
30958
31908
32896
33942
35074
36240
37458
38638
39872
41154
42516
43857
45270
46704
48224
49827
51439
53084
54797
56586
58438
60328
62283
64387
66428
68613
70870
73187
75524
78036
80604
83275
85986
88753
91642
94601
97601
100763
104049
107430
110845
114469
118291
122197
126135
130307
134472
138784
143301
147900
152648
157509
162689
167953
173447
179060
184881
190926
197135
203585
210290
217206
224250
231501
238934
246808
254894
262890
271432
280269
289328
298688
308230
318274
328602
339258
350447
361784
373388
385401
397677
410621
423961
437674
451737
466414
481376
496951
513160
529791
547126
564893
583172
602160
621856
641929
662671
684197
706525
729529
753139
777404
802717
828912
856050
883689
911972
941453
972236
1003897
1036611
1070320
1104936
1140474
1177446
1215816
1254927
1295542
1337913
1381256
1426469
1472430
1520166
1569594
1620313
1673131
1727433
1783188
1840927
1900673
1962195
2025966
20926
21593
22266
23018
23775
24536
25310
26129
27009
27891
28772
29769
30675
31699
32711
33798
34945
36112
37310
38492
39829
41147
42493
43874
45355
46864
48348
49910
51540
53270
54935
56709
