102602
105354
108224
111114
113984
116943
120044
123277
126566
129893
133317
136905
140524
144204
148070
152068
156113
160213
164539
169019
173444
178194
182807
187625
192724
197769
203050
208363
213781
219496
225359
231435
237563
243949
250437
257181
263969
271028
278347
285765
293528
301324
309553
317737
326331
335223
344135
353414
362961
372714
382679
392944
403548
414474
425547
437014
448702
460677
473080
485856
499100
512760
526414
540704
555459
570641
586191
602198
618616
635350
652566
670454
688576
707423
726553
746283
766666
787589
809120
831135
853720
877023
900669
924956
950172
976125
1002726
1029893
1057772
1086542
1116175
1146892
1178289
1210746
1243871
1277690
1312464
1348480
1385516
1423401
1462419
1502684
1543838
1586013
1629256
1673787
1719742
1766787
1815146
1864837
1915941
1968447
2022700
20841
21451
22003
22635
23251
23846
24553
25251
25941
26651
27458
28218
28975
29723
30537
31402
32329
33254
34166
35106
36073
37054
38075
39108
40245
41405
42590
43704
44925
46149
47439
48809
50211
51577
52928
54342
55824
57376
59013
60619
62295
64136
65908
67763
69683
71619
73588
75657
77752
79849
82053
84393
86743
89185
91756
94355
96970
99716
102472
105298
108213
111322
114430
117513
120720
124072
127498
131075
134762
138633
142619
146606
150663
154917
159275
163799
168404
173119
178187
183194
188429
193737
199166
204789
210467
216402
222481
228751
235259
241880
248903
255772
263037
270343
277967
285813
293715
302087
310519
319298
328388
337776
347329
357231
367551
377797
388552
399589
411116
422965
435096
447329
460038
473019
486363
500201
514244
528841
543823
559401
575421
591759
608574
625943
643805
662257
681081
700342
720334
740605
761509
783277
805502
828500
852082
876649
901831
927487
953906
981464
1009570
1038222
1067932
1098360
1129917
1162547
1195970
1230446
1265849
1301944
1339298
1377905
1417355
1458092
1499803
1542712
1586875
1632296
1679459
1727710
1777182
1828143
1881133
1935043
1990526
2047607
21006
21607
22229
22873
23553
24208
24922
25634
26331
27117
27867
28621
29442
30304
31174
32100
33010
33960
34953
36000
37018
38092
39185
40339
41513
42715
43985
45348
46676
48051
49468
50956
52367
53891
55494
57053
58715
60448
62136
63928
65809
67711
69769
71785
73871
76006
78161
80411
82709
85149
87659
90285
92879
95582
98376
101358
104303
107352
110543
113787
117109
120474
123999
127592
131398
135274
139317
143315
147412
151750
156232
160820
165575
170391
175415
180568
185795
191249
196884
202670
208639
214598
220904
227339
233918
240888
248002
255285
262768
270595
278592
286877
295426
304104
312818
322094
331567
341363
351475
361774
372358
383273
394626
406415
418448
430776
443333
456385
469998
484009
498319
513150
528224
543919
559966
576606
593920
611329
629458
648209
667296
687064
707191
728043
749554
771759
794477
818018
842148
867093
892697
919313
946437
974334
1003106
1032985
1063545
1095260
1127865
1160828
1195298
1230962
1267780
1305383
1344541
1384725
1425818
1468311
1511952
1556914
1603585
1651506
1701037
1751690
1803937
1857856
1913347
1970318
2028975
20819
21437
22065
22714
23375
24087
24801
25521
26241
27035
27841
28688
29544
30452
31315
32268
33263
34258
35234
36359
37463
38621
39783
40937
42194
43429
44695
46034
47384
48781
50231
51728
53294
54873
56464
58254
60028
61843
63672
65570
67542
69560
71623
73876
76078
78324
80741
83212
85714
88251
90961
93699
96613
99591
102612
105744
108966
112242
115594
119162
122748
126310
130104
134047
138016
142126
146349
150836
155254
159877
164684
169701
174820
180213
185682
191337
197161
203099
209291
215571
222102
228846
235905
242932
250359
257822
265744
273857
282261
290804
299558
308614
318009
327782
337606
347853
358374
369068
380149
391823
403509
415755
428257
441099
454481
468501
482941
497791
513199
529039
545182
561795
578983
596738
614939
633505
652957
672909
693577
714673
736400
758763
781744
805870
830429
855809
881900
908864
936527
964867
994013
1024642
1056171
1088800
1121889
1156656
1192069
1228569
1266287
1305204
1345151
1386601
1428872
1472767
1517954
1564484
1612988
1662482
1713446
1766157
1820769
1876613
1934340
1993814
2055082
21013
21660
22301
23006
23691
24425
25177
25905
26666
27465
28309
29145
30078
30959
31934
32999
34031
35037
36089
37201
38303
39534
40774
42067
43395
44699
46093
47593
49147
50673
52275
53914
55568
57211
58972
60793
62744
64758
66712
68760
70898
73068
75399
77752
80087
82560
85097
87777
90437
93292
96274
99321
102413
105593
108974
112270
115679
119297
122948
126792
130773
134824
138968
143244
147795
152398
157181
162102
167235
172319
177689
183326
189064
194956
200994
207278
213680
220305
227173
234225
241624
249198
257025
264901
273206
281727
290537
299618
308929
318657
328720
339017
349551
360358
371849
383263
395289
407560
420330
433532
447239
461259
475735
490696
505961
521834
538132
554831
572348
590219
608885
627691
647364
667652
688866
710193
732339
755370
779266
803520
828783
854716
881679
909582
938268
967746
998094
1029467
1061848
1095398
1129741
1165178
1201848
1239993
1279221
1319605
1361043
1404181
1448397
1494038
1540889
1589227
1639533
1691152
1744717
1799855
1856437
1914849
1975621
2038138
21034
21653
22352
23068
23819
24589
25396
26195
27007
27865
28751
29716
30623
31547
32555
33617
34722
35847
37037
38217
39459
40716
42055
43429
44791
46195
47684
49148
50708
52278
53918
55546
57292
59047
60972
62862
64925
67020
69201
71340
73584
75992
78389
80871
83502
86165
88922
91833
94752
97744
100857
104055
107415
110742
114177
117807
121482
125378
129426
133513
137763
142209
146910
151677
156379
161478
166635
172041
177573
183267
189135
195170
201248
207694
214412
221452
228469
235737
243105
250875
259001
267260
275863
284715
293771
303099
312859
322863
333320
344103
355321
366669
378401
390683
403059
415874
429334
443267
457351
471939
487024
502778
518971
535793
553035
570936
589115
608086
627703
647753
668536
690032
712092
735032
758619
783330
808679
834922
862049
889780
918653
948160
978289
1009646
1042202
1075911
1110479
1146404
1183447
1221706
1261172
1301637
1343851
1387299
1432223
1478603
1526114
1575518
1626442
1679075
1733268
1789392
1847510
1907131
1968810
2032792
21039
21739
22431
23130
23911
24704
25501
26308
27120
28028
28960
29889
30835
31864
32905
33949
35096
36241
37443
38629
39883
41158
42517
43915
45385
46882
48431
49948
51607
53337
55084
56878
58721
60605
62620
64701
66808
68926
71122
73370
75718
78200
80745
83320
85967
88755
91644
94622
97644
100864
104139
107545
111089
114772
118482
122292
126336
130465
134744
139163
143797
148482
153452
158465
163722
169084
174816
180578
186508
192575
198911
205472
212050
219164
226372
233752
241429
249210
257372
265704
274421
283329
292525
302173
311898
322202
332622
343485
354648
366404
378397
390727
403623
416693
430266
444400
458971
473921
489387
505493
521945
539035
556657
574827
593809
613268
633755
654368
675837
698109
720937
744725
769220
794525
820723
847860
875647
904400
934321
965323
997081
1029710
1063583
1098481
1134475
1171810
1210559
1250287
1291562
1334276
1378274
1423829
1470113
1518512
1568519
1620435
1673928
1728594
1785283
1844345
1905504
1967828
2032480
21344
22052
22806
23578
24364
25157
25997
26852
27758
28644
29594
30590
31612
32574
33677
34767
35957
37120
38346
39598
40882
42212
43619
45098
46581
48075
49683
51324
52957
54614
56434
58328
60188
62156
64137
66237
68389
70654
72991
75408
77949
80488
83103
85873
88705
91725
94642
97831
100985
104271
107712
111415
115148
118816
122757
126899
131188
135539
140089
144649
149484
154474
159596
164951
170338
175879
181627
187671
193889
200300
206991
213850
220997
228333
235905
243688
251802
260083
268965
277887
286899
296336
306215
316483
327024
337928
349131
360570
372476
384792
397431
410568
424294
438314
452839
468033
483543
499622
516301
533684
551490
569697
588751
608216
628515
649503
670912
693294
716443
740341
765152
790555
816873
844145
872065
900984
931269
962393
994124
1027033
1061289
1096769
1133216
1170873
1209753
1249716
1291432
1334452
1378625
1424558
1471958
1520867
1571340
1623420
1677667
1733530
1791265
1851224
1913447
1976798
2042628
21145
21872
22593
23329
24114
24936
25769
26667
27556
28483
29416
30366
31366
32351
33444
34526
35692
36840
38106
39332
40648
41990
43443
44941
46447
48019
49667
51267
52847
54588
56434
58236
60139
62144
64211
66248
68432
70671
73047
75543
78070
80643
83284
86077
89065
92039
95069
98329
101586
104981
108561
112160
115935
119801
123885
128043
132309
136716
141257
145909
150802
155898
161143
166519
172108
177855
183888
189940
196398
202937
209632
216670
224003
231612
239480
247461
255826
264385
273302
282554
292073
302085
312241
322719
333529
344763
356182
368099
380249
393051
406243
419782
433902
448430
463486
478659
494658
511146
528378
546052
564358
583295
602770
622999
643954
665632
687894
711283
734906
759680
785368
811938
839309
867426
896547
926684
957976
990112
1023070
1057505
1093219
1129788
1167743
1206790
1247139
1289234
1332328
1377040
1423455
1471100
1520361
1571234
1624245
1678625
1734973
1793497
1853601
1915824
1980173
2046497
21043
21737
22488
23236
24026
24791
25555
26483
27377
28349
29313
30314
31369
32379
33463
34575
35756
36972
38264
39546
40894
42277
43743
45160
46705
48244
49824
51473
53203
54992
56851
58665
60570
62572
64719
66847
69099
71384
73802
76334
78900
81571
84326
87108
90010
93009
96138
99457
102761
106228
109708
113315
117161
121089
125220
129467
133934
138430
143157
148010
152965
158081
163444
168961
174710
180527
186457
192724
199244
205926
212948
219989
227419
235179
242995
251286
259658
268482
277466
286790
296381
306393
316789
327397
338299
349756
361480
373674
386139
399055
412570
426420
440844
455760
471235
486783
503120
519991
537315
555379
574013
593751
613513
634360
655844
677935
700803
724642
748847
774094
800539
827621
855550
884485
914499
945402
977391
1010348
1044595
1079950
1116397
1154172
1193271
1233411
1274904
1318051
1362699
1408850
1456107
1505216
1556098
1608590
1662727
1718955
1777189
1836783
1898340
1962166
2028328
21121
21811
22527
23228
24018
24820
25628
26476
27352
28309
29261
30249
31299
32382
33462
34553
35761
37037
38291
39625
40991
42391
43852
45317
46835
48451
50146
51844
53596
55491
57335
59320
61240
63269
65391
67547
69815
72083
74493
76962
79498
82206
84910
87874
90876
93868
97164
100494
103892
107435
111006
114812
118769
122760
126960
131241
135678
140296
145027
149858
155082
160384
165758
171340
177166
183054
189065
195361
201796
208597
215586
222924
230429
238162
246159
254659
263171
271967
281082
290764
300770
311172
321692
332397
343530
355310
367296
379842
392847
405997
419600
433706
448293
463395
479215
495681
512443
529950
548023
566772
585904
605579
626008
647271
669237
691437
715211
739119
764023
789961
816768
844704
872814
902770
933129
964684
997326
1031176
1066179
1102276
1139750
1178415
1218202
1259490
1302103
1345752
1390725
1437615
1486547
1536343
1587885
1641907
1696921
1754147
1813370
1874958
1938708
2004571
20863
21566
22301
23022
23789
24627
25451
26292
27096
27970
28896
29888
30883
31918
32991
34146
35221
36373
37582
38819
40125
41514
42961
44409
45921
47436
49052
50649
52396
54177
56056
58057
60032
62149
64258
66420
68597
70927
73397
75795
78355
80941
83661
86509
89380
92380
95474
98702
102043
105434
109019
112714
116479
120338
124426
128681
133021
137497
142118
146854
151838
156982
162274
167610
173270
179160
185289
191569
198091
204841
211919
219241
226827
234487
242438
250656
259250
268151
277207
286512
296241
306403
316906
327514
338489
349974
361790
374114
386631
399747
413259
427301
442056
457098
472346
488246
504667
521541
539226
557461
576693
596150
616415
637238
659042
681240
704038
727968
752739
778071
804352
831316
859535
888767
918999
950363
982257
1015628
1050136
1085593
1122317
1160337
1199709
1240722
1282262
1325553
1370550
1417293
1465447
1514877
1566414
1619722
1674173
1731118
1790060
1850714
1913560
1978401
2045479
21190
21911
22628
23416
24266
25069
25888
26768
27681
28639
29599
30603
31647
32706
33828
34967
36150
37400
38696
39970
41327
42747
44227
45800
47359
48956
50617
52357
54127
56063
57994
59915
61919
63967
66137
68429
70715
73098
75613
78253
80922
83621
86519
89432
92459
95655
98863
102209
105656
109194
112925
116771
120792
124917
129158
133574
138163
142774
147668
152603
157784
163131
168617
174349
180310
186371
192752
199317
206063
212926
220235
227656
235330
243422
251776
260359
269288
278385
287850
297547
307488
317954
328693
339862
351466
363309
375889
388641
401656
415135
429008
443725
458707
474195
490325
506724
523884
541434
559753
578634
598202
618393
639452
661232
683757
706957
731038
755549
781574
808099
835567
864183
893487
923822
955404
987965
1021473
1056055
1092009
1129185
1167870
1207508
1248491
1291007
1334727
1380206
1426919
1475166
1525356
1576827
1630304
1685830
1742963
1801891
1862941
1925896
1991566
2059067
21116
21844
22608
23387
24163
24973
25836
26748
27702
28635
29592
30621
31628
32664
33789
34932
36149
37445
38718
40055
41419
42855
44353
45848
47472
49036
50749
52399
54147
55995
57897
59871
61822
63951
66137
68358
70692
73077
75495
78014
80670
83508
86394
89402
92452
95607
98927
102276
105752
109329
113122
116957
120851
125046
129249
133661
138218
143010
147792
152814
157984
163302
168770
174615
180480
186486
192772
199416
206015
213060
220274
227702
235405
243391
251749
260422
269238
278446
287932
297696
307942
318217
328996
340010
351605
363763
376227
389189
402425
416391
430657
445405
460464
476204
492490
509200
526481
544418
562743
581807
601566
621869
643027
664757
687257
710546
734351
759170
784871
811650
839230
867778
896993
927274
958701
991189
1024734
1059353
1095437
1132632
1171383
1211105
1251990
1294767
1339080
1384598
1431909
1480648
1530997
1582759
1636241
1691891
1748837
1808509
1869462
1932850
1998596
2066771
21461
22207
22981
23768
24530
25364
26240
27101
27978
28953
29969
30969
32028
33057
34127
35255
36511
37760
39036
40306
41594
42968
44452
45890
47423
49070
50685
52350
54157
56116
58003
59987
62017
64099
66305
68577
70932
73431
75885
78479
81120
83906
86657
89603
92642
95688
99009
102302
105711
109353
112990
116821
120862
124982
129178
133532
138075
142597
147501
152446
157596
162881
168433
174041
179864
186088
192182
198571
205334
212362
219550
227198
234962
242899
251218
259707
268557
277648
286907
296491
306476
316953
327773
338947
350470
362411
374831
387623
400691
414267
428328
443185
458216
473676
489813
506307
523410
541064
559384
578231
597579
617939
638857
660596
683103
706490
730149
754808
780565
807035
834660
863073
892284
922598
953825
986239
1019721
1054285
1089923
1127167
1165291
1205065
1245769
1287819
1331511
1376839
1423341
1471923
1522304
1573709
1626889
1681799
1739110
1798037
1859197
1922299
1987426
2055376
21333
22081
22824
23607
24417
25271
26098
27052
27970
28869
29860
30896
31990
33072
34149
35309
36544
37744
39061
40396
41755
43176
44671
46249
47847
49421
51108
52871
54741
56565
58503
60523
62562
64678
66860
69068
71449
73898
76376
78962
81552
84337
87207
90086
93077
96308
99576
102902
106420
109949
113636
117593
121675
125795
130066
134560
139126
143854
148884
153918
159196
164588
170129
175929
181883
188089
194538
201081
207824
214756
222010
229628
237394
245510
253869
262394
271303
280551
290128
300067
310415
320937
331675
342950
354589
366652
379035
391815
405189
418907
433047
447779
462948
478830
495207
511875
529240
547463
566308
585819
605771
626342
647798
669692
692385
715962
740403
765527
791388
818487
846601
875173
904887
935823
967286
1000424
1034369
1069734
1105750
1143565
1182171
1222327
1263879
1307133
1351147
1396924
1444520
1493336
1544220
1596400
1650959
1707123
1765330
1825550
1887347
1951249
2017991
21031
21754
22512
23285
24087
24860
25684
26555
27443
28353
29349
30332
31348
32402
33519
34728
35898
37130
38422
39736
41154
42523
43962
45454
46988
48571
50162
51859
53590
55463
57313
59284
61326
63438
65635
67833
70080
72505
74957
77532
80183
82893
85668
88576
91552
94680
97873
101249
104602
108149
111783
115548
119559
123622
127781
132069
136526
141272
145888
150809
155923
161204
166709
172422
178264
184297
190489
197018
203600
210513
217856
225347
232992
240901
248992
257614
266296
275468
284750
294479
304468
314869
325529
336677
348191
359917
371986
384820
398044
411630
425621
440219
455362
470770
486716
503404
520646
538389
556558
575596
595216
615219
635832
657244
679267
702424
726504
751508
777282
803538
831007
859110
888412
918456
949481
982044
1015276
1049989
1085540
1122401
1160297
1199999
1241074
1282981
1326455
1371618
1418503
1466781
1516089
1567554
1621198
1676340
1733190
1792192
1853253
1916473
1980759
2047879
21322
22061
22814
23590
24390
25277
26123
26984
27917
28917
29861
30955
32040
33110
34233
35430
36629
37837
39105
40460
41823
43271
44709
46233
47809
49474
51111
52839
54655
56578
58433
60376
62453
64561
66693
68969
71349
73767
76310
78901
81606
84452
87336
90307
93331
96504
99715
103112
106619
110210
113840
117699
121661
125779
130029
134423
139070
143723
148576
153644
158908
164244
169867
175658
181630
187874
194231
200990
207736
214781
222074
229470
237366
245386
253786
262320
271102
280394
289848
299685
309935
320330
331272
342610
354066
366124
378469
391258
404797
418428
432554
447161
462450
478220
494697
511446
528900
546817
565332
584426
604244
624695
645734
667977
690704
713958
738071
763127
788925
815719
843616
872525
902118
932805
964776
997694
1031716
1066920
1103075
1140547
1179617
1219868
1261408
1304145
1348129
1394235
1441705
1490734
1541645
1593861
1647857
1703685
1761420
1821225
1882959
1946777
2012464
20993
21716
22442
23237
23999
24846
25703
26547
27468
28396
29393
30434
31530
32599
33703
34888
36105
37328
38563
39840
41133
42550
43950
45456
46972
48545
50246
52001
53866
55656
57486
59451
61488
63567
65771
67972
70372
72697
75103
77684
80275
83004
85876
88691
91743
94829
98131
101438
104827
108368
112039
115821
119721
123803
127899
132267
136768
141401
146222
151170
156286
161535
166915
172546
178437
184532
190798
197181
203777
210658
217787
225211
232777
240823
248952
257399
266126
275132
284480
294074
303989
314317
324880
335897
347330
359200
371655
384197
397256
410706
424515
439095
453793
469198
485076
501778
518886
536738
555120
574240
593614
613905
634930
656523
678685
701922
726034
750694
776215
802675
830304
858705
887927
918083
949610
981690
1015237
1049955
1085937
1123065
1161205
1200203
1241153
1283110
1326880
1371941
1418365
1466741
1516698
1567962
1621298
1676352
1733577
1792502
1853675
1916568
1981800
2049306
21259
22015
22765
23544
24353
25186
26057
26932
27843
28768
29713
30762
31843
32971
34134
35310
36527
37798
39102
40391
41720
43203
44696
46218
47805
49395
51073
52753
54535
56325
58237
60285
62322
64408
66635
68983
71324
73750
76272
78757
81373
84070
87010
90052
93094
96327
99618
103038
106575
110300
113988
117876
121944
126085
130391
134799
139469
144164
149060
154107
159318
164719
170273
176129
181950
188205
194564
201185
207986
215057
222354
229677
237563
245822
254210
262968
271928
281037
290711
300497
310533
321145
332120
343245
354791
366906
379316
392219
405361
419137
433200
448081
463355
479108
495649
512280
529642
547582
566317
585402
605523
626164
647315
669159
691666
715335
739738
764774
790965
817966
845859
874408
904057
934830
966759
999331
1033226
1068343
1104783
1142244
1181072
1221413
1263017
1305924
1350570
1396675
1444291
1493210
1544017
1596240
1650443
1706633
1764705
1824529
1886538
1950797
2016968
20722
21444
22192
22971
23752
24527
25328
26171
27060
28020
28972
29967
30984
32030
33084
34218
35409
36615
37860
39159
40505
41863
43260
44747
46255
47790
49452
51137
52835
54526
56420
58374
60429
62525
64635
66861
69197
71486
73931
76409
79030
81700
84543
87313
90241
93417
96638
99930
103312
106840
110538
114230
118090
122137
126260
130481
134937
139476
144222
149117
154181
159390
164798
170368
176108
182139
188264
194742
201311
208179
215207
222607
230026
237903
246109
254442
263004
271964
281226
290922
300842
311109
321703
332737
344131
355724
367717
380230
393287
406840
420831
435275
450246
465588
481565
497865
514700
532027
550328
569190
588544
608718
629518
651077
672963
696040
719792
744079
769423
795739
822826
850782
879672
909397
940643
972534
1005621
1039869
1075115
1111389
1148881
1187855
1228356
1270102
1313429
1358160
1404416
1452308
1501735
1552937
1605858
1660376
1716686
1774979
1835356
1897911
1962387
2029114
21127
21845
22544
23337
24172
24969
25809
26637
27528
28432
29369
30464
31458
32539
33657
34788
35953
37164
38413
39786
41129
42546
44030
45544
47120
48803
50482
52121
53897
55721
57669
59632
