3,2,2,2,2,3,3,3,2,2,1,1,1,1,1,1,2,4,2,4,2,2,0.0116857020275444
2,2,2,2,2,2,2,2,2,2,1,1,1,1,1,1,3,3,3,3,1,3,0.515600212061072
2,2,2,2,2,2,2,2,2,2,2,2,2,2,2,2,2,2,2,2,2,2,0.410452714107346
2,2,2,3,1,1,1,2,2,1,1,1,1,1,1,3,3,3,3,1,1,1,0.349173489930169
4,1,1,3,2,3,3,3,2,2,1,1,1,1,1,1,3,5,1,3,3,1,-0.114632697344326
2,2,2,2,3,3,3,3,1,2,2,2,2,2,2,2,2,2,2,2,2,2,0.258843560676612
2,2,3,2,2,2,2,2,2,2,1,1,1,1,1,1,3,3,3,3,1,3,-0.123001369370138
3,2,2,2,2,4,3,3,2,2,1,1,1,1,1,1,2,4,1,5,3,3,-0.144908033079856
2,2,2,2,2,3,3,1,1,1,1,1,3,1,3,1,3,3,1,1,1,1,0.202742512712288
2,2,2,2,2,2,3,2,2,2,2,2,2,2,2,2,3,1,1,1,1,3,0.180842619204918
2,2,2,2,2,2,2,2,2,2,3,1,1,1,1,3,3,1,1,1,1,3,0.213074229420388
2,2,2,2,2,2,2,2,2,2,1,1,1,3,1,3,3,3,1,1,1,1,0.252772513713919
2,2,2,2,2,2,2,2,2,2,1,1,1,1,1,1,3,3,3,3,1,2,-0.164230673619008
2,2,2,2,3,3,3,3,1,2,2,2,3,1,3,1,3,3,1,1,1,3,0.235380472765914
2,2,2,2,2,3,3,3,2,2,1,1,1,1,1,1,2,4,2,4,2,2,0.00219416538987626
4,2,2,2,2,3,3,3,2,2,1,1,1,1,1,1,2,4,2,4,2,2,-0.0129696501109467
3,1,2,2,2,3,3,3,2,2,1,1,1,1,1,1,2,4,2,4,2,2,-0.000856948400715062
3,3,2,2,2,3,3,3,2,2,1,1,1,1,1,1,2,4,2,4,2,2,0.0155203210014551
3,2,1,2,2,3,3,3,2,2,1,1,1,1,1,1,2,4,2,4,2,2,0.00661689376852248
3,2,3,2,2,3,3,3,2,2,1,1,1,1,1,1,2,4,2,4,2,2,0.00188244754307989
3,2,2,1,2,3,3,3,2,2,1,1,1,1,1,1,2,4,2,4,2,2,0.0150145682932312
3,2,2,3,2,3,3,3,2,2,1,1,1,1,1,1,2,4,2,4,2,2,-0.000965817160487359
3,2,2,2,1,3,3,3,2,2,1,1,1,1,1,1,2,4,2,4,2,2,0.0089028294188012
3,2,2,2,3,3,3,3,2,2,1,1,1,1,1,1,2,4,2,4,2,2,0.00910629232431925
3,2,2,2,2,2,3,3,2,2,1,1,1,1,1,1,2,4,2,4,2,2,0.0181435312712942
3,2,2,2,2,4,3,3,2,2,1,1,1,1,1,1,2,4,2,4,2,2,-0.00298297594634609
3,2,2,2,2,3,2,3,2,2,1,1,1,1,1,1,2,4,2,4,2,2,-0.00392142075176707
3,2,2,2,2,3,4,3,2,2,1,1,1,1,1,1,2,4,2,4,2,2,-0.00235476367988006
3,2,2,2,2,3,3,2,2,2,1,1,1,1,1,1,2,4,2,4,2,2,-0.00333878827037519
3,2,2,2,2,3,3,4,2,2,1,1,1,1,1,1,2,4,2,4,2,2,-0.00248086923087021
3,2,2,2,2,3,3,3,1,2,1,1,1,1,1,1,2,4,2,4,2,2,0.00854669454422528
3,2,2,2,2,3,3,3,3,2,1,1,1,1,1,1,2,4,2,4,2,2,0.00949982446429147
3,2,2,2,2,3,3,3,2,1,1,1,1,1,1,1,2,4,2,4,2,2,0.00956448994780315
3,2,2,2,2,3,3,3,2,3,1,1,1,1,1,1,2,4,2,4,2,2,0.00899177797382258
3,2,2,2,2,3,3,3,2,2,2,1,1,1,1,1,2,4,2,4,2,2,0.0280220714978324
3,2,2,2,2,3,3,3,2,2,1,2,1,1,1,1,2,4,2,4,2,2,0.0279764708891968
3,2,2,2,2,3,3,3,2,2,1,1,2,1,1,1,2,4,2,4,2,2,0.0282876813465568
3,2,2,2,2,3,3,3,2,2,1,1,1,2,1,1,2,4,2,4,2,2,0.0277052276992031
3,2,2,2,2,3,3,3,2,2,1,1,1,1,2,1,2,4,2,4,2,2,0.0283192033216877
3,2,2,2,2,3,3,3,2,2,1,1,1,1,1,2,2,4,2,4,2,2,0.0396655471606004
3,2,2,2,2,3,3,3,2,2,1,1,1,1,1,1,1,4,2,4,2,2,0.0201773424978813
3,2,2,2,2,3,3,3,2,2,1,1,1,1,1,1,3,4,2,4,2,2,-0.00912154202271274
3,2,2,2,2,3,3,3,2,2,1,1,1,1,1,1,2,3,2,4,2,2,0.00160480958919141
3,2,2,2,2,3,3,3,2,2,1,1,1,1,1,1,2,5,2,4,2,2,-0.0246436159366731
3,2,2,2,2,3,3,3,2,2,1,1,1,1,1,1,2,4,1,4,2,2,-0.0264069228671961
3,2,2,2,2,3,3,3,2,2,1,1,1,1,1,1,2,4,3,4,2,2,0.0247407241800444
3,2,2,2,2,3,3,3,2,2,1,1,1,1,1,1,2,4,2,3,2,2,0.00229181975599134
3,2,2,2,2,3,3,3,2,2,1,1,1,1,1,1,2,4,2,5,2,2,-0.0427053003924527
3,2,2,2,2,3,3,3,2,2,1,1,1,1,1,1,2,4,2,4,1,2,0.0260246870677696
3,2,2,2,2,3,3,3,2,2,1,1,1,1,1,1,2,4,2,4,3,2,-0.0314759559577855
3,2,2,2,2,3,3,3,2,2,1,1,1,1,1,1,2,4,2,4,2,1,0.0497168932285961
3,2,2,2,2,3,3,3,2,2,1,1,1,1,1,1,2,4,2,4,2,3,0.0630690761143691
1,2,2,2,2,2,2,2,2,2,1,1,1,1,1,1,3,3,3,3,1,3,-0.102532789467142
3,2,2,2,2,2,2,2,2,2,1,1,1,1,1,1,3,3,3,3,1,3,-0.103019261828189
2,1,2,2,2,2,2,2,2,2,1,1,1,1,1,1,3,3,3,3,1,3,-0.098821977701174
2,3,2,2,2,2,2,2,2,2,1,1,1,1,1,1,3,3,3,3,1,3,-0.0980647367122262
2,2,1,2,2,2,2,2,2,2,1,1,1,1,1,1,3,3,3,3,1,3,0.0338591472601413
2,2,2,1,2,2,2,2,2,2,1,1,1,1,1,1,3,3,3,3,1,3,-0.102125418576863
2,2,2,3,2,2,2,2,2,2,1,1,1,1,1,1,3,3,3,3,1,3,-0.0965597869210975
2,2,2,2,1,2,2,2,2,2,1,1,1,1,1,1,3,3,3,3,1,3,-0.111065691205656
2,2,2,2,3,2,2,2,2,2,1,1,1,1,1,1,3,3,3,3,1,3,-0.102222036289281
2,2,2,2,2,1,2,2,2,2,1,1,1,1,1,1,3,3,3,3,1,3,-0.0941798634163006
2,2,2,2,2,3,2,2,2,2,1,1,1,1,1,1,3,3,3,3,1,3,-0.105686779680343
2,2,2,2,2,2,1,2,2,2,1,1,1,1,1,1,3,3,3,3,1,3,-0.104823634620814
2,2,2,2,2,2,3,2,2,2,1,1,1,1,1,1,3,3,3,3,1,3,-0.103220492478199
2,2,2,2,2,2,2,1,2,2,1,1,1,1,1,1,3,3,3,3,1,3,-0.0944526439675724
2,2,2,2,2,2,2,3,2,2,1,1,1,1,1,1,3,3,3,3,1,3,-0.0973932252348112
2,2,2,2,2,2,2,2,1,2,1,1,1,1,1,1,3,3,3,3,1,3,-0.11226997238449
2,2,2,2,2,2,2,2,3,2,1,1,1,1,1,1,3,3,3,3,1,3,-0.0966659442573231
2,2,2,2,2,2,2,2,2,1,1,1,1,1,1,1,3,3,3,3,1,3,-0.0976313951549111
2,2,2,2,2,2,2,2,2,3,1,1,1,1,1,1,3,3,3,3,1,3,-0.0988512151701129
2,2,2,2,2,2,2,2,2,2,2,1,1,1,1,1,3,3,3,3,1,3,-0.0588644361168282
2,2,2,2,2,2,2,2,2,2,1,2,1,1,1,1,3,3,3,3,1,3,-0.0590148973600042
2,2,2,2,2,2,2,2,2,2,1,1,2,1,1,1,3,3,3,3,1,3,-0.0587837078719465
2,2,2,2,2,2,2,2,2,2,1,1,1,2,1,1,3,3,3,3,1,3,-0.0594490710778468
2,2,2,2,2,2,2,2,2,2,1,1,1,1,2,1,3,3,3,3,1,3,-0.0587533857558951
2,2,2,2,2,2,2,2,2,2,1,1,1,1,1,2,3,3,3,3,1,3,-0.0577965362170075
2,2,2,2,2,2,2,2,2,2,1,1,1,1,1,1,2,3,3,3,1,3,-0.105522450126416
2,2,2,2,2,2,2,2,2,2,1,1,1,1,1,1,4,3,3,3,1,3,-0.128448660161997
2,2,2,2,2,2,2,2,2,2,1,1,1,1,1,1,3,2,3,3,1,3,-0.0996565616958342
2,2,2,2,2,2,2,2,2,2,1,1,1,1,1,1,3,4,3,3,1,3,-0.124911472235306
2,2,2,2,2,2,2,2,2,2,1,1,1,1,1,1,3,3,2,3,1,3,-0.118306656498691
2,2,2,2,2,2,2,2,2,2,1,1,1,1,1,1,3,3,4,3,1,3,-0.114640634502676
2,2,2,2,2,2,2,2,2,2,1,1,1,1,1,1,3,3,3,2,1,3,-0.0983747616150581
2,2,2,2,2,2,2,2,2,2,1,1,1,1,1,1,3,3,3,4,1,3,-0.124681029263385
2,2,2,2,2,2,2,2,2,2,1,1,1,1,1,1,3,3,3,3,2,3,-0.0662518498098186
2,2,2,2,2,2,2,2,2,2,1,1,1,1,1,1,3,3,3,3,1,4,0.0337258502064085
1,2,2,2,2,2,2,2,2,2,2,2,2,2,2,2,2,2,2,2,2,2,-0.0560293506531742
3,2,2,2,2,2,2,2,2,2,2,2,2,2,2,2,2,2,2,2,2,2,-0.0565116687375087
2,1,2,2,2,2,2,2,2,2,2,2,2,2,2,2,2,2,2,2,2,2,-0.0589311222343554
2,3,2,2,2,2,2,2,2,2,2,2,2,2,2,2,2,2,2,2,2,2,-0.057985278038244
2,2,1,2,2,2,2,2,2,2,2,2,2,2,2,2,2,2,2,2,2,2,-0.0530067739481825
2,2,3,2,2,2,2,2,2,2,2,2,2,2,2,2,2,2,2,2,2,2,-0.0683411857619196
2,2,2,1,2,2,2,2,2,2,2,2,2,2,2,2,2,2,2,2,2,2,-0.0590574414795509
2,2,2,3,2,2,2,2,2,2,2,2,2,2,2,2,2,2,2,2,2,2,-0.0576933797913953
2,2,2,2,1,2,2,2,2,2,2,2,2,2,2,2,2,2,2,2,2,2,-0.0493706714331823
2,2,2,2,3,2,2,2,2,2,2,2,2,2,2,2,2,2,2,2,2,2,-0.080824763625951
2,2,2,2,2,1,2,2,2,2,2,2,2,2,2,2,2,2,2,2,2,2,-0.046656332375796
2,2,2,2,2,3,2,2,2,2,2,2,2,2,2,2,2,2,2,2,2,2,-0.0784122119183857
2,2,2,2,2,2,1,2,2,2,2,2,2,2,2,2,2,2,2,2,2,2,-0.0436751342719147
2,2,2,2,2,2,3,2,2,2,2,2,2,2,2,2,2,2,2,2,2,2,-0.0912349294486454
2,2,2,2,2,2,2,1,2,2,2,2,2,2,2,2,2,2,2,2,2,2,-0.0477590352650731
2,2,2,2,2,2,2,3,2,2,2,2,2,2,2,2,2,2,2,2,2,2,-0.08277251329772
2,2,2,2,2,2,2,2,1,2,2,2,2,2,2,2,2,2,2,2,2,2,-0.0793567024651377
2,2,2,2,2,2,2,2,3,2,2,2,2,2,2,2,2,2,2,2,2,2,-0.0513665454454435
2,2,2,2,2,2,2,2,2,1,2,2,2,2,2,2,2,2,2,2,2,2,-0.0566817941134411
2,2,2,2,2,2,2,2,2,3,2,2,2,2,2,2,2,2,2,2,2,2,-0.0596272519903138
2,2,2,2,2,2,2,2,2,2,1,2,2,2,2,2,2,2,2,2,2,2,-0.0686871632563336
2,2,2,2,2,2,2,2,2,2,3,2,2,2,2,2,2,2,2,2,2,2,-0.052396874611708
2,2,2,2,2,2,2,2,2,2,2,1,2,2,2,2,2,2,2,2,2,2,-0.0686760791101947
2,2,2,2,2,2,2,2,2,2,2,3,2,2,2,2,2,2,2,2,2,2,-0.0524746144972325
2,2,2,2,2,2,2,2,2,2,2,2,1,2,2,2,2,2,2,2,2,2,-0.0694305831197641
2,2,2,2,2,2,2,2,2,2,2,2,3,2,2,2,2,2,2,2,2,2,-0.0518418228664546
2,2,2,2,2,2,2,2,2,2,2,2,2,1,2,2,2,2,2,2,2,2,-0.0662781523300997
2,2,2,2,2,2,2,2,2,2,2,2,2,3,2,2,2,2,2,2,2,2,-0.0550136723096325
2,2,2,2,2,2,2,2,2,2,2,2,2,2,1,2,2,2,2,2,2,2,-0.0694880410888906
2,2,2,2,2,2,2,2,2,2,2,2,2,2,3,2,2,2,2,2,2,2,-0.0517563815682919
2,2,2,2,2,2,2,2,2,2,2,2,2,2,2,1,2,2,2,2,2,2,-0.0674137707411643
2,2,2,2,2,2,2,2,2,2,2,2,2,2,2,3,2,2,2,2,2,2,-0.0481755241845393
2,2,2,2,2,2,2,2,2,2,2,2,2,2,2,2,1,2,2,2,2,2,-0.0486691331084702
2,2,2,2,2,2,2,2,2,2,2,2,2,2,2,2,3,2,2,2,2,2,-0.0768678152557212
2,2,2,2,2,2,2,2,2,2,2,2,2,2,2,2,2,1,2,2,2,2,-0.0590656567685027
2,2,2,2,2,2,2,2,2,2,2,2,2,2,2,2,2,3,2,2,2,2,-0.0701804594189176
2,2,2,2,2,2,2,2,2,2,2,2,2,2,2,2,2,2,1,2,2,2,-0.0656329131747074
2,2,2,2,2,2,2,2,2,2,2,2,2,2,2,2,2,2,3,2,2,2,-0.0601606594917784
2,2,2,2,2,2,2,2,2,2,2,2,2,2,2,2,2,2,2,1,2,2,-0.0598864894618508
2,2,2,2,2,2,2,2,2,2,2,2,2,2,2,2,2,2,2,3,2,2,-0.0691551158047117
2,2,2,2,2,2,2,2,2,2,2,2,2,2,2,2,2,2,2,2,1,2,-0.0746451206371472
2,2,2,2,2,2,2,2,2,2,2,2,2,2,2,2,2,2,2,2,3,2,-0.0513887111889201
2,2,2,2,2,2,2,2,2,2,2,2,2,2,2,2,2,2,2,2,2,1,-0.0511744650296315
2,2,2,2,2,2,2,2,2,2,2,2,2,2,2,2,2,2,2,2,2,3,-0.0368016340987324
1,2,2,3,1,1,1,2,2,1,1,1,1,1,1,3,3,3,3,1,1,1,-0.0283707982446328
3,2,2,3,1,1,1,2,2,1,1,1,1,1,1,3,3,3,3,1,1,1,-0.0296553060451273
2,1,2,3,1,1,1,2,2,1,1,1,1,1,1,3,3,3,3,1,1,1,-0.0290790488007681
2,3,2,3,1,1,1,2,2,1,1,1,1,1,1,3,3,3,3,1,1,1,-0.0285553115045499
2,2,1,3,1,1,1,2,2,1,1,1,1,1,1,3,3,3,3,1,1,1,-0.0264776060500257
2,2,3,3,1,1,1,2,2,1,1,1,1,1,1,3,3,3,3,1,1,1,-0.0327038352933678
2,2,2,2,1,1,1,2,2,1,1,1,1,1,1,3,3,3,3,1,1,1,-0.0421347935541763
2,2,2,4,1,1,1,2,2,1,1,1,1,1,1,3,3,3,3,1,1,1,-0.0435725351433373
2,2,2,3,2,1,1,2,2,1,1,1,1,1,1,3,3,3,3,1,1,1,-0.00479187611187375
2,2,2,3,1,2,1,2,2,1,1,1,1,1,1,3,3,3,3,1,1,1,-0.00576595604310835
2,2,2,3,1,1,2,2,2,1,1,1,1,1,1,3,3,3,3,1,1,1,-0.00561222774412116
2,2,2,3,1,1,1,1,2,1,1,1,1,1,1,3,3,3,3,1,1,1,-0.0157795023179748
2,2,2,3,1,1,1,3,2,1,1,1,1,1,1,3,3,3,3,1,1,1,-0.0279548714385035
2,2,2,3,1,1,1,2,1,1,1,1,1,1,1,3,3,3,3,1,1,1,-0.0290357416180416
2,2,2,3,1,1,1,2,3,1,1,1,1,1,1,3,3,3,3,1,1,1,-0.0286831555355192
2,2,2,3,1,1,1,2,2,2,1,1,1,1,1,3,3,3,3,1,1,1,-0.0051881859573695
2,2,2,3,1,1,1,2,2,1,2,1,1,1,1,3,3,3,3,1,1,1,0.00294754654123082
2,2,2,3,1,1,1,2,2,1,1,2,1,1,1,3,3,3,3,1,1,1,0.00264553992490647
2,2,2,3,1,1,1,2,2,1,1,1,2,1,1,3,3,3,3,1,1,1,0.00306546064431192
2,2,2,3,1,1,1,2,2,1,1,1,1,2,1,3,3,3,3,1,1,1,-0.000272856023452979
2,2,2,3,1,1,1,2,2,1,1,1,1,1,2,3,3,3,3,1,1,1,0.00310359514054424
2,2,2,3,1,1,1,2,2,1,1,1,1,1,1,2,3,3,3,1,1,1,-0.0429685273955219
2,2,2,3,1,1,1,2,2,1,1,1,1,1,1,4,3,3,3,1,1,1,-0.0345833473220051
2,2,2,3,1,1,1,2,2,1,1,1,1,1,1,3,2,3,3,1,1,1,-0.0349636510476888
2,2,2,3,1,1,1,2,2,1,1,1,1,1,1,3,4,3,3,1,1,1,-0.0479597765695132
2,2,2,3,1,1,1,2,2,1,1,1,1,1,1,3,3,2,3,1,1,1,-0.0343348092813784
2,2,2,3,1,1,1,2,2,1,1,1,1,1,1,3,3,4,3,1,1,1,-0.0488779027555885
2,2,2,3,1,1,1,2,2,1,1,1,1,1,1,3,3,3,2,1,1,1,-0.0380718726459235
2,2,2,3,1,1,1,2,2,1,1,1,1,1,1,3,3,3,4,1,1,1,-0.0466376116248106
2,2,2,3,1,1,1,2,2,1,1,1,1,1,1,3,3,3,3,2,1,1,-0.0142358358139237
2,2,2,3,1,1,1,2,2,1,1,1,1,1,1,3,3,3,3,1,2,1,0.00176752150980442
2,2,2,3,1,1,1,2,2,1,1,1,1,1,1,3,3,3,3,1,1,2,0.00140332021789699
3,1,1,3,2,3,3,3,2,2,1,1,1,1,1,1,3,5,1,3,3,1,0.0167989282751931
5,1,1,3,2,3,3,3,2,2,1,1,1,1,1,1,3,5,1,3,3,1,0.027170973914775
4,2,1,3,2,3,3,3,2,2,1,1,1,1,1,1,3,5,1,3,3,1,0.0261273491026511
4,1,2,3,2,3,3,3,2,2,1,1,1,1,1,1,3,5,1,3,3,1,0.0251122895326185
4,1,1,2,2,3,3,3,2,2,1,1,1,1,1,1,3,5,1,3,3,1,0.0196334199960786
4,1,1,4,2,3,3,3,2,2,1,1,1,1,1,1,3,5,1,3,3,1,0.0313554160116727
4,1,1,3,1,3,3,3,2,2,1,1,1,1,1,1,3,5,1,3,3,1,0.0317600682859871
4,1,1,3,3,3,3,3,2,2,1,1,1,1,1,1,3,5,1,3,3,1,0.0315922884612553
4,1,1,3,2,2,3,3,2,2,1,1,1,1,1,1,3,5,1,3,3,1,0.0302454193308114
4,1,1,3,2,4,3,3,2,2,1,1,1,1,1,1,3,5,1,3,3,1,0.022206383913545
4,1,1,3,2,3,2,3,2,2,1,1,1,1,1,1,3,5,1,3,3,1,0.0276246165196911
4,1,1,3,2,3,4,3,2,2,1,1,1,1,1,1,3,5,1,3,3,1,0.0262840477555986
4,1,1,3,2,3,3,2,2,2,1,1,1,1,1,1,3,5,1,3,3,1,0.0277567279397588
4,1,1,3,2,3,3,4,2,2,1,1,1,1,1,1,3,5,1,3,3,1,0.0262020651045074
4,1,1,3,2,3,3,3,1,2,1,1,1,1,1,1,3,5,1,3,3,1,0.0317126673788956
4,1,1,3,2,3,3,3,3,2,1,1,1,1,1,1,3,5,1,3,3,1,0.0316269668339201
4,1,1,3,2,3,3,3,2,1,1,1,1,1,1,1,3,5,1,3,3,1,0.0319219894404168
4,1,1,3,2,3,3,3,2,3,1,1,1,1,1,1,3,5,1,3,3,1,0.0314818448949177
4,1,1,3,2,3,3,3,2,2,2,1,1,1,1,1,3,5,1,3,3,1,0.0348963072025778
4,1,1,3,2,3,3,3,2,2,1,2,1,1,1,1,3,5,1,3,3,1,0.0348739450827702
4,1,1,3,2,3,3,3,2,2,1,1,2,1,1,1,3,5,1,3,3,1,0.0351441912051638
4,1,1,3,2,3,3,3,2,2,1,1,1,2,1,1,3,5,1,3,3,1,0.0347184217887648
4,1,1,3,2,3,3,3,2,2,1,1,1,1,2,1,3,5,1,3,3,1,0.0351654126000384
4,1,1,3,2,3,3,3,2,2,1,1,1,1,1,2,3,5,1,3,3,1,0.0348857682838987
4,1,1,3,2,3,3,3,2,2,1,1,1,1,1,1,2,5,1,3,3,1,0.0204546813344767
4,1,1,3,2,3,3,3,2,2,1,1,1,1,1,1,4,5,1,3,3,1,0.0307309319838694
4,1,1,3,2,3,3,3,2,2,1,1,1,1,1,1,3,4,1,3,3,1,0.0158951821982129
4,1,1,3,2,3,3,3,2,2,1,1,1,1,1,1,3,6,1,3,3,1,0.0236704833213178
4,1,1,3,2,3,3,3,2,2,1,1,1,1,1,1,3,5,2,3,3,1,0.0285925308071493
4,1,1,3,2,3,3,3,2,2,1,1,1,1,1,1,3,5,1,2,3,1,0.0353210868154768
4,1,1,3,2,3,3,3,2,2,1,1,1,1,1,1,3,5,1,4,3,1,0.0122696906641814
4,1,1,3,2,3,3,3,2,2,1,1,1,1,1,1,3,5,1,3,2,1,0.0222831915866937
4,1,1,3,2,3,3,3,2,2,1,1,1,1,1,1,3,5,1,3,4,1,0.0290515965180755
4,1,1,3,2,3,3,3,2,2,1,1,1,1,1,1,3,5,1,3,3,2,0.0220403474642408
1,2,2,2,3,3,3,3,1,2,2,2,2,2,2,2,2,2,2,2,2,2,-0.00377066195394053
3,2,2,2,3,3,3,3,1,2,2,2,2,2,2,2,2,2,2,2,2,2,-0.0106109671476777
2,1,2,2,3,3,3,3,1,2,2,2,2,2,2,2,2,2,2,2,2,2,-0.0069911415836902
2,3,2,2,3,3,3,3,1,2,2,2,2,2,2,2,2,2,2,2,2,2,-0.00588573796321446
2,2,1,2,3,3,3,3,1,2,2,2,2,2,2,2,2,2,2,2,2,2,-0.00447689628366518
2,2,3,2,3,3,3,3,1,2,2,2,2,2,2,2,2,2,2,2,2,2,-0.0100274896126554
2,2,2,1,3,3,3,3,1,2,2,2,2,2,2,2,2,2,2,2,2,2,-0.00614488439922539
2,2,2,3,3,3,3,3,1,2,2,2,2,2,2,2,2,2,2,2,2,2,-0.00674104731419347
2,2,2,2,2,3,3,3,1,2,2,2,2,2,2,2,2,2,2,2,2,2,0.0655066776471315
2,2,2,2,4,3,3,3,1,2,2,2,2,2,2,2,2,2,2,2,2,2,-0.0604349047852051
2,2,2,2,3,2,3,3,1,2,2,2,2,2,2,2,2,2,2,2,2,2,0.069164610304905
2,2,2,2,3,4,3,3,1,2,2,2,2,2,2,2,2,2,2,2,2,2,-0.0634332901928298
2,2,2,2,3,3,2,3,1,2,2,2,2,2,2,2,2,2,2,2,2,2,0.0708265842465503
2,2,2,2,3,3,4,3,1,2,2,2,2,2,2,2,2,2,2,2,2,2,-0.0635948501554424
2,2,2,2,3,3,3,2,1,2,2,2,2,2,2,2,2,2,2,2,2,2,0.0691343628422818
2,2,2,2,3,3,3,4,1,2,2,2,2,2,2,2,2,2,2,2,2,2,-0.0628422286796288
2,2,2,2,3,3,3,3,2,2,2,2,2,2,2,2,2,2,2,2,2,2,0.103905231031752
2,2,2,2,3,3,3,3,1,1,2,2,2,2,2,2,2,2,2,2,2,2,-0.0056266857335756
2,2,2,2,3,3,3,3,1,3,2,2,2,2,2,2,2,2,2,2,2,2,-0.00689123511767469
2,2,2,2,3,3,3,3,1,2,1,2,2,2,2,2,2,2,2,2,2,2,-0.0119746323296815
2,2,2,2,3,3,3,3,1,2,3,2,2,2,2,2,2,2,2,2,2,2,-0.00259683519248786
2,2,2,2,3,3,3,3,1,2,2,1,2,2,2,2,2,2,2,2,2,2,-0.0117881129203129
2,2,2,2,3,3,3,3,1,2,2,3,2,2,2,2,2,2,2,2,2,2,-0.00281810038856326
2,2,2,2,3,3,3,3,1,2,2,2,1,2,2,2,2,2,2,2,2,2,-0.0120508730531575
2,2,2,2,3,3,3,3,1,2,2,2,3,2,2,2,2,2,2,2,2,2,-0.00308671209899259
2,2,2,2,3,3,3,3,1,2,2,2,2,1,2,2,2,2,2,2,2,2,-0.0118760933702775
2,2,2,2,3,3,3,3,1,2,2,2,2,3,2,2,2,2,2,2,2,2,-0.003244971939927
2,2,2,2,3,3,3,3,1,2,2,2,2,2,1,2,2,2,2,2,2,2,-0.0121008115258131
2,2,2,2,3,3,3,3,1,2,2,2,2,2,3,2,2,2,2,2,2,2,-0.00301606727721865
2,2,2,2,3,3,3,3,1,2,2,2,2,2,2,1,2,2,2,2,2,2,-0.0122815972415897
2,2,2,2,3,3,3,3,1,2,2,2,2,2,2,3,2,2,2,2,2,2,-0.00289765830751241
2,2,2,2,3,3,3,3,1,2,2,2,2,2,2,2,1,2,2,2,2,2,-0.00221420031093709
2,2,2,2,3,3,3,3,1,2,2,2,2,2,2,2,3,2,2,2,2,2,-0.0133851490127627
2,2,2,2,3,3,3,3,1,2,2,2,2,2,2,2,2,1,2,2,2,2,-0.00269004976179586
2,2,2,2,3,3,3,3,1,2,2,2,2,2,2,2,2,3,2,2,2,2,-0.0177460765847175
2,2,2,2,3,3,3,3,1,2,2,2,2,2,2,2,2,2,1,2,2,2,-0.0097329781404671
2,2,2,2,3,3,3,3,1,2,2,2,2,2,2,2,2,2,3,2,2,2,-0.00627349005095627
2,2,2,2,3,3,3,3,1,2,2,2,2,2,2,2,2,2,2,1,2,2,-0.00422963280739306
2,2,2,2,3,3,3,3,1,2,2,2,2,2,2,2,2,2,2,3,2,2,-0.0162468024741913
2,2,2,2,3,3,3,3,1,2,2,2,2,2,2,2,2,2,2,2,1,2,-0.0112544519431488
2,2,2,2,3,3,3,3,1,2,2,2,2,2,2,2,2,2,2,2,3,2,-0.00487133131168714
2,2,2,2,3,3,3,3,1,2,2,2,2,2,2,2,2,2,2,2,2,1,-0.00617496929612746
2,2,2,2,3,3,3,3,1,2,2,2,2,2,2,2,2,2,2,2,2,3,-0.00819230176909284
1,2,3,2,2,2,2,2,2,2,1,1,1,1,1,1,3,3,3,3,1,3,0.0513706818635211
3,2,3,2,2,2,2,2,2,2,1,1,1,1,1,1,3,3,3,3,1,3,0.0481315819175218
2,1,3,2,2,2,2,2,2,2,1,1,1,1,1,1,3,3,3,3,1,3,0.051873939662268
2,3,3,2,2,2,2,2,2,2,1,1,1,1,1,1,3,3,3,3,1,3,0.052311640537592
2,2,4,2,2,2,2,2,2,2,1,1,1,1,1,1,3,3,3,3,1,3,-0.0776209808448746
2,2,3,1,2,2,2,2,2,2,1,1,1,1,1,1,3,3,3,3,1,3,0.0472397437804595
2,2,3,3,2,2,2,2,2,2,1,1,1,1,1,1,3,3,3,3,1,3,0.0532632943556139
2,2,3,2,1,2,2,2,2,2,1,1,1,1,1,1,3,3,3,3,1,3,0.048207602224711
2,2,3,2,3,2,2,2,2,2,1,1,1,1,1,1,3,3,3,3,1,3,0.0505553025315573
2,2,3,2,2,1,2,2,2,2,1,1,1,1,1,1,3,3,3,3,1,3,0.0558024518758678
2,2,3,2,2,3,2,2,2,2,1,1,1,1,1,1,3,3,3,3,1,3,0.0459579028858535
2,2,3,2,2,2,1,2,2,2,1,1,1,1,1,1,3,3,3,3,1,3,0.0518491736796434
2,2,3,2,2,2,3,2,2,2,1,1,1,1,1,1,3,3,3,3,1,3,0.0477222807205731
2,2,3,2,2,2,2,1,2,2,1,1,1,1,1,1,3,3,3,3,1,3,0.0551083387128495
2,2,3,2,2,2,2,3,2,2,1,1,1,1,1,1,3,3,3,3,1,3,0.0463323014108058
2,2,3,2,2,2,2,2,1,2,1,1,1,1,1,1,3,3,3,3,1,3,0.0470669757298453
2,2,3,2,2,2,2,2,3,2,1,1,1,1,1,1,3,3,3,3,1,3,0.0530107545851108
2,2,3,2,2,2,2,2,2,1,1,1,1,1,1,1,3,3,3,3,1,3,0.0529523123163782
2,2,3,2,2,2,2,2,2,3,1,1,1,1,1,1,3,3,3,3,1,3,0.0515842807466329
2,2,3,2,2,2,2,2,2,2,2,1,1,1,1,1,3,3,3,3,1,3,0.0613549779819543
2,2,3,2,2,2,2,2,2,2,1,2,1,1,1,1,3,3,3,3,1,3,0.0611828978442272
2,2,3,2,2,2,2,2,2,2,1,1,2,1,1,1,3,3,3,3,1,3,0.0614585888776812
2,2,3,2,2,2,2,2,2,2,1,1,1,2,1,1,3,3,3,3,1,3,0.0607515806348816
2,2,3,2,2,2,2,2,2,2,1,1,1,1,2,1,3,3,3,3,1,3,0.0614902392358299
2,2,3,2,2,2,2,2,2,2,1,1,1,1,1,2,3,3,3,3,1,3,0.0625516849543163
2,2,3,2,2,2,2,2,2,2,1,1,1,1,1,1,2,3,3,3,1,3,0.0568249639006559
2,2,3,2,2,2,2,2,2,2,1,1,1,1,1,1,4,3,3,3,1,3,0.0428035576161654
2,2,3,2,2,2,2,2,2,2,1,1,1,1,1,1,3,2,3,3,1,3,0.0621759325844395
2,2,3,2,2,2,2,2,2,2,1,1,1,1,1,1,3,4,3,3,1,3,0.0403428811366796
2,2,3,2,2,2,2,2,2,2,1,1,1,1,1,1,3,3,2,3,1,3,0.0508230244872294
2,2,3,2,2,2,2,2,2,2,1,1,1,1,1,1,3,3,4,3,1,3,0.0482667831240193
2,2,3,2,2,2,2,2,2,2,1,1,1,1,1,1,3,3,3,2,1,3,0.0637678697932976
2,2,3,2,2,2,2,2,2,2,1,1,1,1,1,1,3,3,3,4,1,3,0.0387513418710978
2,2,3,2,2,2,2,2,2,2,1,1,1,1,1,1,3,3,3,3,2,3,0.0552783196037986
2,2,3,2,2,2,2,2,2,2,1,1,1,1,1,1,3,3,3,3,1,2,-0.119880276174806
2,2,3,2,2,2,2,2,2,2,1,1,1,1,1,1,3,3,3,3,1,4,0.0932480298245957
2,2,2,2,2,4,3,3,2,2,1,1,1,1,1,1,2,4,1,5,3,3,0.0293447578857094
4,2,2,2,2,4,3,3,2,2,1,1,1,1,1,1,2,4,1,5,3,3,0.0206194046711339
3,1,2,2,2,4,3,3,2,2,1,1,1,1,1,1,2,4,1,5,3,3,0.0251745123841176
3,3,2,2,2,4,3,3,2,2,1,1,1,1,1,1,2,4,1,5,3,3,0.0313120399607795
3,2,1,2,2,4,3,3,2,2,1,1,1,1,1,1,2,4,1,5,3,3,0.0264706833861076
3,2,3,2,2,4,3,3,2,2,1,1,1,1,1,1,2,4,1,5,3,3,0.0292586359900286
3,2,2,1,2,4,3,3,2,2,1,1,1,1,1,1,2,4,1,5,3,3,0.0313359854016124
3,2,2,3,2,4,3,3,2,2,1,1,1,1,1,1,2,4,1,5,3,3,0.0250094932356732
3,2,2,2,1,4,3,3,2,2,1,1,1,1,1,1,2,4,1,5,3,3,0.0288414214030131
3,2,2,2,3,4,3,3,2,2,1,1,1,1,1,1,2,4,1,5,3,3,0.0288860098019932
3,2,2,2,2,3,3,3,2,2,1,1,1,1,1,1,2,4,1,5,3,3,0.00978386797273079
3,2,2,2,2,5,3,3,2,2,1,1,1,1,1,1,2,4,1,5,3,3,0.0296547138782511
3,2,2,2,2,4,2,3,2,2,1,1,1,1,1,1,2,4,1,5,3,3,0.0268402687274669
3,2,2,2,2,4,4,3,2,2,1,1,1,1,1,1,2,4,1,5,3,3,0.0245470070938412
3,2,2,2,2,4,3,2,2,2,1,1,1,1,1,1,2,4,1,5,3,3,0.0269126943300022
3,2,2,2,2,4,3,4,2,2,1,1,1,1,1,1,2,4,1,5,3,3,0.0245169444476315
3,2,2,2,2,4,3,3,1,2,1,1,1,1,1,1,2,4,1,5,3,3,0.0288776478681712
3,2,2,2,2,4,3,3,3,2,1,1,1,1,1,1,2,4,1,5,3,3,0.0288326357016478
3,2,2,2,2,4,3,3,2,1,1,1,1,1,1,1,2,4,1,5,3,3,0.0289147445197438
3,2,2,2,2,4,3,3,2,3,1,1,1,1,1,1,2,4,1,5,3,3,0.0288249314445568
3,2,2,2,2,4,3,3,2,2,2,1,1,1,1,1,2,4,1,5,3,3,0.0299422559867538
3,2,2,2,2,4,3,3,2,2,1,2,1,1,1,1,2,4,1,5,3,3,0.0299212525946859
3,2,2,2,2,4,3,3,2,2,1,1,2,1,1,1,2,4,1,5,3,3,0.0299999902383696
3,2,2,2,2,4,3,3,2,2,1,1,1,2,1,1,2,4,1,5,3,3,0.0298803493260758
3,2,2,2,2,4,3,3,2,2,1,1,1,1,2,1,2,4,1,5,3,3,0.0300063581374358
3,2,2,2,2,4,3,3,2,2,1,1,1,1,1,2,2,4,1,5,3,3,0.029424309511727
3,2,2,2,2,4,3,3,2,2,1,1,1,1,1,1,1,4,1,5,3,3,0.0313627877575095
3,2,2,2,2,4,3,3,2,2,1,1,1,1,1,1,3,4,1,5,3,3,0.0249866854243373
3,2,2,2,2,4,3,3,2,2,1,1,1,1,1,1,2,3,1,5,3,3,0.0283962111388794
3,2,2,2,2,4,3,3,2,2,1,1,1,1,1,1,2,5,1,5,3,3,0.0173533332080378
3,2,2,2,2,4,3,3,2,2,1,1,1,1,1,1,2,4,2,5,3,3,0.0513582819730492
3,2,2,2,2,4,3,3,2,2,1,1,1,1,1,1,2,4,1,4,3,3,0.00101066899235457
3,2,2,2,2,4,3,3,2,2,1,1,1,1,1,1,2,4,1,6,3,3,0.0296928290584838
3,2,2,2,2,4,3,3,2,2,1,1,1,1,1,1,2,4,1,5,2,3,0.0124068978110445
3,2,2,2,2,4,3,3,2,2,1,1,1,1,1,1,2,4,1,5,4,3,0.0313492513929882
3,2,2,2,2,4,3,3,2,2,1,1,1,1,1,1,2,4,1,5,3,2,0.00662608538656934
3,2,2,2,2,4,3,3,2,2,1,1,1,1,1,1,2,4,1,5,3,4,0.0343884281256298
1,2,2,2,2,3,3,1,1,1,1,1,3,1,3,1,3,3,1,1,1,1,-0.0166295965621868
3,2,2,2,2,3,3,1,1,1,1,1,3,1,3,1,3,3,1,1,1,1,-0.0191256529337001
2,1,2,2,2,3,3,1,1,1,1,1,3,1,3,1,3,3,1,1,1,1,-0.0180287290866993
2,3,2,2,2,3,3,1,1,1,1,1,3,1,3,1,3,3,1,1,1,1,-0.0172207560926021
2,2,1,2,2,3,3,1,1,1,1,1,3,1,3,1,3,3,1,1,1,1,-0.0170558434539665
2,2,3,2,2,3,3,1,1,1,1,1,3,1,3,1,3,3,1,1,1,1,-0.0186639364648843
2,2,2,1,2,3,3,1,1,1,1,1,3,1,3,1,3,3,1,1,1,1,-0.0174913437731899
2,2,2,3,2,3,3,1,1,1,1,1,3,1,3,1,3,3,1,1,1,1,-0.0177137681870836
2,2,2,2,1,3,3,1,1,1,1,1,3,1,3,1,3,3,1,1,1,1,-0.016857214281712
2,2,2,2,3,3,3,1,1,1,1,1,3,1,3,1,3,3,1,1,1,1,-0.0184933025901353
2,2,2,2,2,2,3,1,1,1,1,1,3,1,3,1,3,3,1,1,1,1,-0.023198899972234
2,2,2,2,2,4,3,1,1,1,1,1,3,1,3,1,3,3,1,1,1,1,-0.0337157436135781
2,2,2,2,2,3,2,1,1,1,1,1,3,1,3,1,3,3,1,1,1,1,-0.0228820328961435
2,2,2,2,2,3,4,1,1,1,1,1,3,1,3,1,3,3,1,1,1,1,-0.0337808400941691
2,2,2,2,2,3,3,2,1,1,1,1,3,1,3,1,3,3,1,1,1,1,0.00303740153026172
2,2,2,2,2,3,3,1,2,1,1,1,3,1,3,1,3,3,1,1,1,1,0.00647726987916994
2,2,2,2,2,3,3,1,1,2,1,1,3,1,3,1,3,3,1,1,1,1,0.00518947684504954
2,2,2,2,2,3,3,1,1,1,2,1,3,1,3,1,3,3,1,1,1,1,0.00833777407791657
2,2,2,2,2,3,3,1,1,1,1,2,3,1,3,1,3,3,1,1,1,1,0.00823468388717161
2,2,2,2,2,3,3,1,1,1,1,1,2,1,3,1,3,3,1,1,1,1,-0.0282926770849934
2,2,2,2,2,3,3,1,1,1,1,1,4,1,3,1,3,3,1,1,1,1,-0.0313324652041265
2,2,2,2,2,3,3,1,1,1,1,1,3,2,3,1,3,3,1,1,1,1,0.00792667441096146
2,2,2,2,2,3,3,1,1,1,1,1,3,1,2,1,3,3,1,1,1,1,-0.00805300484891135
2,2,2,2,2,3,3,1,1,1,1,1,3,1,4,1,3,3,1,1,1,1,-0.0285950255054583
2,2,2,2,2,3,3,1,1,1,1,1,3,1,3,2,3,3,1,1,1,1,0.00870227133458176
2,2,2,2,2,3,3,1,1,1,1,1,3,1,3,1,2,3,1,1,1,1,-0.0224280872701331
2,2,2,2,2,3,3,1,1,1,1,1,3,1,3,1,4,3,1,1,1,1,-0.0342443190558997
2,2,2,2,2,3,3,1,1,1,1,1,3,1,3,1,3,2,1,1,1,1,-0.0219560530413734
2,2,2,2,2,3,3,1,1,1,1,1,3,1,3,1,3,4,1,1,1,1,-0.0357986440748753
2,2,2,2,2,3,3,1,1,1,1,1,3,1,3,1,3,3,2,1,1,1,0.00546634216987861
2,2,2,2,2,3,3,1,1,1,1,1,3,1,3,1,3,3,1,2,1,1,0.00156514068295069
2,2,2,2,2,3,3,1,1,1,1,1,3,1,3,1,3,3,1,1,2,1,0.00734213715267441
2,2,2,2,2,3,3,1,1,1,1,1,3,1,3,1,3,3,1,1,1,2,0.00622845825932898
1,2,2,2,2,2,3,2,2,2,2,2,2,2,2,2,3,1,1,1,1,3,-0.00718825500211576
3,2,2,2,2,2,3,2,2,2,2,2,2,2,2,2,3,1,1,1,1,3,-0.00827871307303481
2,1,2,2,2,2,3,2,2,2,2,2,2,2,2,2,3,1,1,1,1,3,-0.0077008835955145
2,3,2,2,2,2,3,2,2,2,2,2,2,2,2,2,3,1,1,1,1,3,-0.0074766118684064
2,2,1,2,2,2,3,2,2,2,2,2,2,2,2,2,3,1,1,1,1,3,-0.00555846830266623
2,2,3,2,2,2,3,2,2,2,2,2,2,2,2,2,3,1,1,1,1,3,-0.0108583204765894
2,2,2,1,2,2,3,2,2,2,2,2,2,2,2,2,3,1,1,1,1,3,-0.00774172121912289
2,2,2,3,2,2,3,2,2,2,2,2,2,2,2,2,3,1,1,1,1,3,-0.00737422405650862
2,2,2,2,1,2,3,2,2,2,2,2,2,2,2,2,3,1,1,1,1,3,-0.00568802491790368
2,2,2,2,3,2,3,2,2,2,2,2,2,2,2,2,3,1,1,1,1,3,-0.0106827654962382
2,2,2,2,2,1,3,2,2,2,2,2,2,2,2,2,3,1,1,1,1,3,-0.00552807771600946
2,2,2,2,2,3,3,2,2,2,2,2,2,2,2,2,3,1,1,1,1,3,-0.0108664418666142
2,2,2,2,2,2,2,2,2,2,2,2,2,2,2,2,3,1,1,1,1,3,0.031656086118783
2,2,2,2,2,2,4,2,2,2,2,2,2,2,2,2,3,1,1,1,1,3,-0.0472072929119207
2,2,2,2,2,2,3,1,2,2,2,2,2,2,2,2,3,1,1,1,1,3,-0.00504330427187206
2,2,2,2,2,2,3,3,2,2,2,2,2,2,2,2,3,1,1,1,1,3,-0.0112777597108778
2,2,2,2,2,2,3,2,1,2,2,2,2,2,2,2,3,1,1,1,1,3,-0.00997524409299305
2,2,2,2,2,2,3,2,3,2,2,2,2,2,2,2,3,1,1,1,1,3,-0.00664025920048097
2,2,2,2,2,2,3,2,2,1,2,2,2,2,2,2,3,1,1,1,1,3,-0.00672114663571655
2,2,2,2,2,2,3,2,2,3,2,2,2,2,2,2,3,1,1,1,1,3,-0.00820125930651281
2,2,2,2,2,2,3,2,2,2,1,2,2,2,2,2,3,1,1,1,1,3,-0.0090591598939494
2,2,2,2,2,2,3,2,2,2,3,2,2,2,2,2,3,1,1,1,1,3,-0.00694445023565857
2,2,2,2,2,2,3,2,2,2,2,1,2,2,2,2,3,1,1,1,1,3,-0.00843249407661367
2,2,2,2,2,2,3,2,2,2,2,3,2,2,2,2,3,1,1,1,1,3,-0.00758736227172921
2,2,2,2,2,2,3,2,2,2,2,2,1,2,2,2,3,1,1,1,1,3,-0.00903371685547231
2,2,2,2,2,2,3,2,2,2,2,2,3,2,2,2,3,1,1,1,1,3,-0.00719306164424927
2,2,2,2,2,2,3,2,2,2,2,2,2,1,2,2,3,1,1,1,1,3,-0.0075477781860577
2,2,2,2,2,2,3,2,2,2,2,2,2,3,2,2,3,1,1,1,1,3,-0.00871287705517977
2,2,2,2,2,2,3,2,2,2,2,2,2,2,1,2,3,1,1,1,1,3,-0.00908512247533837
2,2,2,2,2,2,3,2,2,2,2,2,2,2,3,2,3,1,1,1,1,3,-0.0071193465799548
2,2,2,2,2,2,3,2,2,2,2,2,2,2,2,1,3,1,1,1,1,3,-0.00859222205708778
2,2,2,2,2,2,3,2,2,2,2,2,2,2,2,3,3,1,1,1,1,3,-0.00768724209117424
2,2,2,2,2,2,3,2,2,2,2,2,2,2,2,2,2,1,1,1,1,3,0.0293969486342879
2,2,2,2,2,2,3,2,2,2,2,2,2,2,2,2,4,1,1,1,1,3,-0.0458554540223938
2,2,2,2,2,2,3,2,2,2,2,2,2,2,2,2,3,2,1,1,1,3,0.0560417937756105
2,2,2,2,2,2,3,2,2,2,2,2,2,2,2,2,3,1,2,1,1,3,0.0604389060725259
2,2,2,2,2,2,3,2,2,2,2,2,2,2,2,2,3,1,1,2,1,3,0.0580781413285681
2,2,2,2,2,2,3,2,2,2,2,2,2,2,2,2,3,1,1,1,2,3,0.0610312998467141
2,2,2,2,2,2,3,2,2,2,2,2,2,2,2,2,3,1,1,1,1,2,0.0270835676195058
2,2,2,2,2,2,3,2,2,2,2,2,2,2,2,2,3,1,1,1,1,4,-0.0442695050983575
1,2,2,2,2,2,2,2,2,2,3,1,1,1,1,3,3,1,1,1,1,3,-0.014345128012422
3,2,2,2,2,2,2,2,2,2,3,1,1,1,1,3,3,1,1,1,1,3,-0.0152057640109779
2,1,2,2,2,2,2,2,2,2,3,1,1,1,1,3,3,1,1,1,1,3,-0.0147775215144693
2,3,2,2,2,2,2,2,2,2,3,1,1,1,1,3,3,1,1,1,1,3,-0.0145800128699188
2,2,1,2,2,2,2,2,2,2,3,1,1,1,1,3,3,1,1,1,1,3,-0.0127508473733934
2,2,3,2,2,2,2,2,2,2,3,1,1,1,1,3,3,1,1,1,1,3,-0.0176734900680961
2,2,2,1,2,2,2,2,2,2,3,1,1,1,1,3,3,1,1,1,1,3,-0.0151010805858358
2,2,2,3,2,2,2,2,2,2,3,1,1,1,1,3,3,1,1,1,1,3,-0.0140854004181519
2,2,2,2,1,2,2,2,2,2,3,1,1,1,1,3,3,1,1,1,1,3,-0.0137170555227237
2,2,2,2,3,2,2,2,2,2,3,1,1,1,1,3,3,1,1,1,1,3,-0.0156644058357004
2,2,2,2,2,1,2,2,2,2,3,1,1,1,1,3,3,1,1,1,1,3,-0.0133668800820022
2,2,2,2,2,3,2,2,2,2,3,1,1,1,1,3,3,1,1,1,1,3,-0.0161205829004622
2,2,2,2,2,2,1,2,2,2,3,1,1,1,1,3,3,1,1,1,1,3,-0.00981881871863808
2,2,2,2,2,2,3,2,2,2,3,1,1,1,1,3,3,1,1,1,1,3,-0.00304997255441683
2,2,2,2,2,2,2,1,2,2,3,1,1,1,1,3,3,1,1,1,1,3,-0.0139221111284891
2,2,2,2,2,2,2,3,2,2,3,1,1,1,1,3,3,1,1,1,1,3,-0.015648125649481
2,2,2,2,2,2,2,2,1,2,3,1,1,1,1,3,3,1,1,1,1,3,-0.015171144056713
2,2,2,2,2,2,2,2,3,2,3,1,1,1,1,3,3,1,1,1,1,3,-0.0144375847660567
2,2,2,2,2,2,2,2,2,1,3,1,1,1,1,3,3,1,1,1,1,3,-0.0138692660815036
2,2,2,2,2,2,2,2,2,3,3,1,1,1,1,3,3,1,1,1,1,3,-0.0152630294717454
2,2,2,2,2,2,2,2,2,2,2,1,1,1,1,3,3,1,1,1,1,3,-0.0160511084678294
2,2,2,2,2,2,2,2,2,2,4,1,1,1,1,3,3,1,1,1,1,3,-0.0339589036356499
2,2,2,2,2,2,2,2,2,2,3,2,1,1,1,3,3,1,1,1,1,3,0.0172587223148626
2,2,2,2,2,2,2,2,2,2,3,1,2,1,1,3,3,1,1,1,1,3,0.017453473282564
2,2,2,2,2,2,2,2,2,2,3,1,1,2,1,3,3,1,1,1,1,3,0.0154300056263284
2,2,2,2,2,2,2,2,2,2,3,1,1,1,2,3,3,1,1,1,1,3,0.0174813392985343
2,2,2,2,2,2,2,2,2,2,3,1,1,1,1,2,3,1,1,1,1,3,-0.0160567058619674
2,2,2,2,2,2,2,2,2,2,3,1,1,1,1,4,3,1,1,1,1,3,-0.033753506080445
2,2,2,2,2,2,2,2,2,2,3,1,1,1,1,3,2,1,1,1,1,3,-0.00901403014376529
2,2,2,2,2,2,2,2,2,2,3,1,1,1,1,3,4,1,1,1,1,3,-0.0282782270816059
2,2,2,2,2,2,2,2,2,2,3,1,1,1,1,3,3,2,1,1,1,3,0.0169278610739325
2,2,2,2,2,2,2,2,2,2,3,1,1,1,1,3,3,1,2,1,1,3,0.0202189888327284
2,2,2,2,2,2,2,2,2,2,3,1,1,1,1,3,3,1,1,2,1,3,0.0171129641155709
2,2,2,2,2,2,2,2,2,2,3,1,1,1,1,3,3,1,1,1,2,3,0.0203084476515638
2,2,2,2,2,2,2,2,2,2,3,1,1,1,1,3,3,1,1,1,1,2,-0.0127646855001948
2,2,2,2,2,2,2,2,2,2,3,1,1,1,1,3,3,1,1,1,1,4,-0.0345122206713811
1,2,2,2,2,2,2,2,2,2,1,1,1,3,1,3,3,3,1,1,1,1,-0.0085910666851252
3,2,2,2,2,2,2,2,2,2,1,1,1,3,1,3,3,3,1,1,1,1,-0.0118750196645897
2,1,2,2,2,2,2,2,2,2,1,1,1,3,1,3,3,3,1,1,1,1,-0.0104093803094433
2,3,2,2,2,2,2,2,2,2,1,1,1,3,1,3,3,3,1,1,1,1,-0.00931256587019886
2,2,1,2,2,2,2,2,2,2,1,1,1,3,1,3,3,3,1,1,1,1,-0.00871165381165322
2,2,3,2,2,2,2,2,2,2,1,1,1,3,1,3,3,3,1,1,1,1,-0.0119710456101017
2,2,2,1,2,2,2,2,2,2,1,1,1,3,1,3,3,3,1,1,1,1,-0.0108706652235941
2,2,2,3,2,2,2,2,2,2,1,1,1,3,1,3,3,3,1,1,1,1,-0.00814082641537572
2,2,2,2,1,2,2,2,2,2,1,1,1,3,1,3,3,3,1,1,1,1,-0.0072819355658984
2,2,2,2,3,2,2,2,2,2,1,1,1,3,1,3,3,3,1,1,1,1,-0.0118752548267946
2,2,2,2,2,1,2,2,2,2,1,1,1,3,1,3,3,3,1,1,1,1,-0.00636104815167727
2,2,2,2,2,3,2,2,2,2,1,1,1,3,1,3,3,3,1,1,1,1,-0.0130274154309571
2,2,2,2,2,2,1,2,2,2,1,1,1,3,1,3,3,3,1,1,1,1,-0.00598634315805307
2,2,2,2,2,2,3,2,2,2,1,1,1,3,1,3,3,3,1,1,1,1,-0.0136304670673511
2,2,2,2,2,2,2,1,2,2,1,1,1,3,1,3,3,3,1,1,1,1,-0.00815138711282098
2,2,2,2,2,2,2,3,2,2,1,1,1,3,1,3,3,3,1,1,1,1,-0.0118434532205691
2,2,2,2,2,2,2,2,1,2,1,1,1,3,1,3,3,3,1,1,1,1,-0.0101428715644778
2,2,2,2,2,2,2,2,3,2,1,1,1,3,1,3,3,3,1,1,1,1,-0.00967694347518194
2,2,2,2,2,2,2,2,2,1,1,1,1,3,1,3,3,3,1,1,1,1,-0.00710332973754221
2,2,2,2,2,2,2,2,2,3,1,1,1,3,1,3,3,3,1,1,1,1,-0.0116838037015862
2,2,2,2,2,2,2,2,2,2,2,1,1,3,1,3,3,3,1,1,1,1,0.0221816697447947
2,2,2,2,2,2,2,2,2,2,1,2,1,3,1,3,3,3,1,1,1,1,0.0217380555103918
2,2,2,2,2,2,2,2,2,2,1,1,2,3,1,3,3,3,1,1,1,1,0.0226038999105441
2,2,2,2,2,2,2,2,2,2,1,1,1,2,1,3,3,3,1,1,1,1,-0.00536825838707829
2,2,2,2,2,2,2,2,2,2,1,1,1,4,1,3,3,3,1,1,1,1,-0.0271158754023402
2,2,2,2,2,2,2,2,2,2,1,1,1,3,2,3,3,3,1,1,1,1,0.0227096525422284
2,2,2,2,2,2,2,2,2,2,1,1,1,3,1,2,3,3,1,1,1,1,-0.0117627640233027
2,2,2,2,2,2,2,2,2,2,1,1,1,3,1,4,3,3,1,1,1,1,-0.0242676644100667
2,2,2,2,2,2,2,2,2,2,1,1,1,3,1,3,2,3,1,1,1,1,-0.00110281861806235
2,2,2,2,2,2,2,2,2,2,1,1,1,3,1,3,4,3,1,1,1,1,-0.0291314564951488
2,2,2,2,2,2,2,2,2,2,1,1,1,3,1,3,3,2,1,1,1,1,-0.000833471623821558
2,2,2,2,2,2,2,2,2,2,1,1,1,3,1,3,3,4,1,1,1,1,-0.0312153713129807
2,2,2,2,2,2,2,2,2,2,1,1,1,3,1,3,3,3,2,1,1,1,0.0191630138939201
2,2,2,2,2,2,2,2,2,2,1,1,1,3,1,3,3,3,1,2,1,1,0.00938447119548495
2,2,2,2,2,2,2,2,2,2,1,1,1,3,1,3,3,3,1,1,2,1,0.0204026450278108
2,2,2,2,2,2,2,2,2,2,1,1,1,3,1,3,3,3,1,1,1,2,0.019275908787346
1,2,2,2,2,2,2,2,2,2,1,1,1,1,1,1,3,3,3,3,1,2,0.0866159115366073
3,2,2,2,2,2,2,2,2,2,1,1,1,1,1,1,3,3,3,3,1,2,0.0354286317265543
2,1,2,2,2,2,2,2,2,2,1,1,1,1,1,1,3,3,3,3,1,2,0.0389195136809891
2,3,2,2,2,2,2,2,2,2,1,1,1,1,1,1,3,3,3,3,1,2,0.0406763177030661
2,2,1,2,2,2,2,2,2,2,1,1,1,1,1,1,3,3,3,3,1,2,0.092304236896202
2,2,2,1,2,2,2,2,2,2,1,1,1,1,1,1,3,3,3,3,1,2,0.0847040150750527
2,2,2,3,2,2,2,2,2,2,1,1,1,1,1,1,3,3,3,3,1,2,0.0456124294369298
2,2,2,2,1,2,2,2,2,2,1,1,1,1,1,1,3,3,3,3,1,2,0.112246409351569
2,2,2,2,3,2,2,2,2,2,1,1,1,1,1,1,3,3,3,3,1,2,0.0685537894678295
2,2,2,2,2,1,2,2,2,2,1,1,1,1,1,1,3,3,3,3,1,2,0.0466080960086148
2,2,2,2,2,3,2,2,2,2,1,1,1,1,1,1,3,3,3,3,1,2,0.0299480724798931
2,2,2,2,2,2,1,2,2,2,1,1,1,1,1,1,3,3,3,3,1,2,0.0969452047357417
2,2,2,2,2,2,3,2,2,2,1,1,1,1,1,1,3,3,3,3,1,2,0.0360601462734571
2,2,2,2,2,2,2,1,2,2,1,1,1,1,1,1,3,3,3,3,1,2,0.0451548955279269
2,2,2,2,2,2,2,3,2,2,1,1,1,1,1,1,3,3,3,3,1,2,0.030572621445271
2,2,2,2,2,2,2,2,1,2,1,1,1,1,1,1,3,3,3,3,1,2,0.105580878674311
2,2,2,2,2,2,2,2,3,2,1,1,1,1,1,1,3,3,3,3,1,2,0.0468579733517303
2,2,2,2,2,2,2,2,2,1,1,1,1,1,1,1,3,3,3,3,1,2,0.0420610367420102
2,2,2,2,2,2,2,2,2,3,1,1,1,1,1,1,3,3,3,3,1,2,0.0384941432188875
2,2,2,2,2,2,2,2,2,2,2,1,1,1,1,1,3,3,3,3,1,2,0.0557123371085173
2,2,2,2,2,2,2,2,2,2,1,2,1,1,1,1,3,3,3,3,1,2,0.0555868473453683
2,2,2,2,2,2,2,2,2,2,1,1,2,1,1,1,3,3,3,3,1,2,0.056228342878642
2,2,2,2,2,2,2,2,2,2,1,1,1,2,1,1,3,3,3,3,1,2,0.0544156899128231
2,2,2,2,2,2,2,2,2,2,1,1,1,1,2,1,3,3,3,3,1,2,0.056306054568378
2,2,2,2,2,2,2,2,2,2,1,1,1,1,1,2,3,3,3,3,1,2,0.0587523962400732
2,2,2,2,2,2,2,2,2,2,1,1,1,1,1,1,2,3,3,3,1,2,0.0567702633978984
2,2,2,2,2,2,2,2,2,2,1,1,1,1,1,1,4,3,3,3,1,2,0.0896201885876351
2,2,2,2,2,2,2,2,2,2,1,1,1,1,1,1,3,2,3,3,1,2,0.0617638832558703
2,2,2,2,2,2,2,2,2,2,1,1,1,1,1,1,3,4,3,3,1,2,0.0207144742114607
2,2,2,2,2,2,2,2,2,2,1,1,1,1,1,1,3,3,2,3,1,2,0.0868241102120808
2,2,2,2,2,2,2,2,2,2,1,1,1,1,1,1,3,3,4,3,1,2,0.0388132239932499
2,2,2,2,2,2,2,2,2,2,1,1,1,1,1,1,3,3,3,2,1,2,0.0647627727216442
2,2,2,2,2,2,2,2,2,2,1,1,1,1,1,1,3,3,3,4,1,2,0.0201745055053217
2,2,2,2,2,2,2,2,2,2,1,1,1,1,1,1,3,3,3,3,2,2,0.0457569571400612
2,2,2,2,2,2,2,2,2,2,1,1,1,1,1,1,3,3,3,3,1,1,-0.0775678851284059
1,2,2,2,3,3,3,3,1,2,2,2,3,1,3,1,3,3,1,1,1,3,-0.00540550719410592
3,2,2,2,3,3,3,3,1,2,2,2,3,1,3,1,3,3,1,1,1,3,-0.00798895991379601
2,1,2,2,3,3,3,3,1,2,2,2,3,1,3,1,3,3,1,1,1,3,-0.00677158296140949
2,3,2,2,3,3,3,3,1,2,2,2,3,1,3,1,3,3,1,1,1,3,-0.00613171372006679
2,2,1,2,3,3,3,3,1,2,2,2,3,1,3,1,3,3,1,1,1,3,-0.0053685260263373
2,2,3,2,3,3,3,3,1,2,2,2,3,1,3,1,3,3,1,1,1,3,-0.00821643669154955
2,2,2,1,3,3,3,3,1,2,2,2,3,1,3,1,3,3,1,1,1,3,-0.00622642488022191
2,2,2,3,3,3,3,3,1,2,2,2,3,1,3,1,3,3,1,1,1,3,-0.00667847045017861
2,2,2,2,2,3,3,3,1,2,2,2,3,1,3,1,3,3,1,1,1,3,-0.00705307766133291
2,2,2,2,4,3,3,3,1,2,2,2,3,1,3,1,3,3,1,1,1,3,-0.0206768739778469
2,2,2,2,3,2,3,3,1,2,2,2,3,1,3,1,3,3,1,1,1,3,-0.00707748875911428
2,2,2,2,3,4,3,3,1,2,2,2,3,1,3,1,3,3,1,1,1,3,-0.0207853031992162
2,2,2,2,3,3,2,3,1,2,2,2,3,1,3,1,3,3,1,1,1,3,-0.00604751256447346
2,2,2,2,3,3,4,3,1,2,2,2,3,1,3,1,3,3,1,1,1,3,-0.0209729008801406
2,2,2,2,3,3,3,2,1,2,2,2,3,1,3,1,3,3,1,1,1,3,-0.00371487343503021
2,2,2,2,3,3,3,4,1,2,2,2,3,1,3,1,3,3,1,1,1,3,-0.022154558339768
2,2,2,2,3,3,3,3,2,2,2,2,3,1,3,1,3,3,1,1,1,3,0.0144467825396706
2,2,2,2,3,3,3,3,1,1,2,2,3,1,3,1,3,3,1,1,1,3,-0.00482774523983766
2,2,2,2,3,3,3,3,1,3,2,2,3,1,3,1,3,3,1,1,1,3,-0.00755737234415606
2,2,2,2,3,3,3,3,1,2,1,2,3,1,3,1,3,3,1,1,1,3,-0.00658412722219995
2,2,2,2,3,3,3,3,1,2,3,2,3,1,3,1,3,3,1,1,1,3,-0.00622296142271475
2,2,2,2,3,3,3,3,1,2,2,1,3,1,3,1,3,3,1,1,1,3,-0.00643943722322118
2,2,2,2,3,3,3,3,1,2,2,3,3,1,3,1,3,3,1,1,1,3,-0.00638464302179239
2,2,2,2,3,3,3,3,1,2,2,2,2,1,3,1,3,3,1,1,1,3,-0.0108847796420626
2,2,2,2,3,3,3,3,1,2,2,2,4,1,3,1,3,3,1,1,1,3,-0.0189706455171612
2,2,2,2,3,3,3,3,1,2,2,2,3,2,3,1,3,3,1,1,1,3,0.0151962051410284
2,2,2,2,3,3,3,3,1,2,2,2,3,1,2,1,3,3,1,1,1,3,-0.0110416466402833
2,2,2,2,3,3,3,3,1,2,2,2,3,1,4,1,3,3,1,1,1,3,-0.0188839193487687
2,2,2,2,3,3,3,3,1,2,2,2,3,1,3,2,3,3,1,1,1,3,0.0155325725997846
2,2,2,2,3,3,3,3,1,2,2,2,3,1,3,1,2,3,1,1,1,3,-0.006914837404845
2,2,2,2,3,3,3,3,1,2,2,2,3,1,3,1,4,3,1,1,1,3,-0.0209197407013349
2,2,2,2,3,3,3,3,1,2,2,2,3,1,3,1,3,2,1,1,1,3,-0.00736161163381855
2,2,2,2,3,3,3,3,1,2,2,2,3,1,3,1,3,4,1,1,1,3,-0.0224732871400996
2,2,2,2,3,3,3,3,1,2,2,2,3,1,3,1,3,3,2,1,1,3,0.015236416913737
2,2,2,2,3,3,3,3,1,2,2,2,3,1,3,1,3,3,1,2,1,3,0.0109605461213976
2,2,2,2,3,3,3,3,1,2,2,2,3,1,3,1,3,3,1,1,2,3,0.0147729440148134
2,2,2,2,3,3,3,3,1,2,2,2,3,1,3,1,3,3,1,1,1,2,0.00479228568938096
2,2,2,2,3,3,3,3,1,2,2,2,3,1,3,1,3,3,1,1,1,4,-0.0196908245723343
0.661654591317452,0.661654591317452,0.661654591317452,0.661654591317452,0.661654591317452,0.661654591317452,0.661654591317452,0.661654591317452,0.661654591317452,0.661654591317452,0.661654591317452,0.661654591317452,0.661654591317452,0.661654591317452,0.661654591317452,0.661654591317452,0.661654591317452,0.661654591317452,0.661654591317452,0.661654591317452,0.661654591317452,0.661654591317452,0.661654591317452
