102656
105336
108174
111064
113978
116958
120136
123401
126609
129891
133382
136950
140638
144332
148155
152205
156335
160473
164793
169147
173667
178318
183003
187832
192933
198066
203376
208923
214580
220433
226343
232404
238693
245096
251806
258759
265795
273058
280575
288280
296282
304301
312476
320868
329611
338278
347523
356934
366424
376165
386261
396716
407253
418305
429620
441465
453453
465908
478407
491524
504797
518611
532618
547233
562159
577508
593038
609477
626280
643325
660842
678742
697446
716354
735874
756106
776936
798172
820068
842593
865515
889237
913808
938789
964601
991020
1018265
1046334
1075189
1104702
1135306
1166402
1198195
1231401
1265139
1300028
1335931
1372533
1410423
1449552
1489905
1530937
1573568
1617426
1662353
1708705
1756352
1805105
1854746
1905834
1958782
2013280
20917
21500
22078
22683
23299
23932
24597
25256
25919
26628
27418
28228
28979
29802
30644
31539
32388
33277
34200
35132
36063
37117
38227
39274
40431
41572
42764
43923
45162
46420
47708
49004
50411
51803
53226
54690
56301
57899
59600
61243
62979
64787
66638
68507
70479
72470
74545
76727
78975
81241
83501
85844
88196
90724
93389
96088
98891
101594
104436
107393
110357
113549
116817
120242
123702
127224
130818
134436
138354
142131
146200
150299
154513
158929
163501
168039
172786
177732
182739
188121
193537
198975
204625
210461
216431
222538
228833
235450
242297
249325
256482
263722
271327
279113
287080
295146
303535
312260
321053
330196
339551
349251
359146
369500
380202
391233
402580
414073
426081
438453
451177
464305
477773
491420
505461
519961
535217
550790
566668
582952
599831
617097
634900
653404
672578
692114
712197
732665
753748
775365
797984
820934
844960
869627
894697
920404
946999
974473
1002730
1031881
1061902
1092686
1124353
1157081
1190584
1224961
1260385
1297198
1334561
1373100
1412955
1454329
1496786
1540281
1585285
1631279
1678604
1727786
1777397
1828949
1882359
1937331
1993833
2052022
21619
22272
22891
23587
24312
25063
25833
26612
27413
28199
29019
29865
30742
31577
32541
33482
34474
35457
36534
37600
38674
39784
40995
42194
43459
44732
46022
47419
48789
50192
51700
53213
54727
56344
58027
59701
61470
63295
65154
67084
68997
71060
73085
75242
77486
79751
82010
84443
86923
89421
92086
94842
97561
100578
103437
106427
109640
112963
116337
119721
123330
126942
130623
134397
138396
142461
146587
150949
155395
160004
164800
169655
174665
179931
185126
190632
196307
202174
208015
214161
220453
226924
233703
240685
247872
255225
262749
270681
278886
287186
295705
304521
313749
323065
332563
342487
352723
363093
373719
384787
396352
408185
420473
433053
445972
459194
473012
486966
501642
516615
532123
548098
564638
581671
599171
616947
635419
654430
674072
694351
715199
736627
758694
781607
805230
829663
854400
879931
906607
933777
961738
990628
1020292
1051233
1082482
1115213
1148801
1183320
1219036
1255456
1293465
1332562
1372661
1413958
1456420
1500045
1544916
1591537
1639238
1688443
1739381
1791723
1845711
1901429
1959128
2018710
20853
21474
22093
22761
23462
24149
24846
25613
26321
27109
27954
28834
29689
30613
31526
32485
33468
34487
35563
36637
37685
38875
39963
41138
42397
43685
44982
46300
47709
49189
50692
52227
53714
55400
57117
58876
60650
62532
64452
66483
68597
70652
72768
74998
77295
79648
82051
84564
87177
89826
92504
95303
98185
101273
104385
107577
110887
114160
117659
121309
125065
128792
132733
136881
141041
145334
149723
154308
159049
163858
168991
174258
179642
185061
190771
196553
202605
208807
215173
221701
228532
235476
242702
250187
257895
265800
274033
282327
290809
299770
309002
318448
328022
338083
348384
358976
369968
381337
393044
405185
417778
430673
444085
457982
472189
486919
502017
517465
533381
549770
566797
584540
602436
621076
640299
659808
680111
701164
722785
745180
768246
792166
816561
841975
867970
894871
922243
950631
979840
1009902
1041338
1073429
1106714
1140871
1176265
1212551
1250040
1288765
1328832
1370146
1412567
1455836
1500766
1547101
1595018
1644700
1695522
1748287
1802594
1858190
1915753
1974906
2036305
21115
21811
22467
23171
23880
24612
25384
26166
26955
27779
28650
29545
30471
31372
32273
33274
34262
35416
36506
37640
38797
39957
41179
42499
43803
45185
46596
48112
49540
51075
52643
54285
56037
57746
59619
61453
63435
65450
67490
69559
71790
74037
76297
78664
81061
83664
86286
88928
91677
94500
97502
100491
103663
106853
110163
113533
117054
120686
124433
128274
132295
136402
140709
145114
149645
154429
159345
164286
169290
174516
180010
185671
191362
197395
203708
210021
216580
223363
230283
237397
244760
252356
260289
268379
276806
285511
294273
303419
312784
322603
332661
343036
353807
364798
376163
387942
400074
412727
425578
438735
452611
466656
481138
496213
512012
528253
544701
561816
579566
597818
616580
635780
655669
676413
697567
719684
742126
765527
789685
814570
839960
866395
893678
921757
950534
980737
1011615
1043106
1076055
1109895
1144977
1180975
1218397
1256384
1296086
1337302
1379519
1422891
1467700
1513826
1561502
1610727
1661401
1713451
1767047
1823037
1880804
1939999
2001023
20900
21499
22152
22874
23592
24346
25119
25906
26752
27593
28471
29341
30299
31258
32235
33208
34245
35301
36427
37558
38765
39997
41278
42600
43927
45355
46815
48316
49878
51475
53125
54772
56576
58345
60209
62123
64065
66159
68201
70363
72629
74927
77256
79627
82195
84784
87525
90396
93320
96283
99289
102405
105686
108989
112396
116071
119757
123476
127401
131450
135607
140009
144523
149142
153696
158569
163576
168730
174115
179746
185536
191490
197488
203640
210145
216861
223793
230944
238186
245745
253436
261450
269732
278544
287421
296427
305871
315681
325884
336376
346981
358149
369828
381672
393794
406345
419263
432521
446232
460468
475083
490279
505870
522055
538665
555702
573368
591693
610366
629695
649634
670440
691846
714196
737146
760888
785101
810043
835685
862103
889633
918075
947423
977834
1009003
1041123
1074495
1109079
1144300
1180940
1218578
1257165
1297373
1338549
1381499
1425314
1470734
1517288
1565483
1615503
1666896
1719777
1774683
1831643
1890059
1950541
2012762
20716
21422
22111
22796
23508
24288
25055
25873
26696
27521
28434
29353
30234
31185
32189
33182
34210
35345
36521
37648
38815
40025
41318
42626
43964
45299
46833
48387
49877
51533
53202
54877
56608
58488
60343
62302
64280
66338
68487
70656
72937
75299
77688
80109
82689
85255
87971
90800
93829
96846
99916
103141
106429
109854
113530
117167
120948
124991
128952
133036
137322
141575
146035
150701
155621
160731
165759
170915
176510
182140
187985
193993
200196
206597
213151
220018
227168
234462
241939
249711
257808
266085
274706
283571
292682
302086
311795
321983
332336
343182
354058
365494
377236
389521
402084
414956
428355
442280
456276
471068
486365
501972
518165
534710
552003
569806
587831
606973
626717
647000
667789
689230
711195
733892
757582
781538
806504
832645
859353
886696
914822
944237
974455
1006155
1038553
1072201
1106458
1142035
1178811
1216815
1255911
1296384
1337878
1381123
1425781
1472252
1519530
1568364
1618980
1671075
1725111
1780994
1838346
1897641
1959498
2022801
20991
21692
22371
23060
23806
24599
25409
26263
27111
28004
28864
29801
30752
31717
32801
33845
34995
36093
37158
38312
39533
40749
42095
43449
44875
46332
47815
49367
50999
52637
54292
56002
57794
59646
61595
63597
65614
67727
69806
71997
74270
76659
79192
81671
84357
87044
89766
92698
95718
98798
101953
105259
108678
112203
115784
119601
123443
127547
131661
135931
140392
144968
149663
154547
159595
164631
169954
175411
181180
186997
192981
199286
205617
212327
219185
226320
233612
241190
249078
257040
265402
273994
282816
292074
301647
311190
321299
331503
342178
353292
364867
376496
388852
401237
414192
427314
440955
455263
469971
484962
500780
516956
533594
550855
568865
587051
605845
625543
646120
666932
688621
710916
733967
757558
782074
807382
833557
860726
888597
917154
946941
977298
1009189
1041631
1075255
1110240
1146035
1183114
1221528
1261097
1302101
1344240
1387853
1432870
1479475
1527360
1576973
1628106
1680465
1735073
1791331
1849035
1908891
1970763
2034611
20932
21619
22247
22990
23734
24504
25284
26077
26932
27834
28760
29700
30756
31772
32782
33791
34847
36090
37273
38537
39764
41019
42372
43744
45152
46657
48146
49746
51399
53072
54744
56504
58393
60209
62151
64236
66323
68511
70770
73045
75382
77868
80360
82918
85639
88361
91140
94122
97207
100405
103676
106994
110505
114107
117770
121681
125634
129708
133945
138329
142877
147572
152340
157363
162456
167668
173149
178708
184591
190674
196848
203179
209878
216628
223746
230851
238274
245945
253802
262154
270664
279554
288589
297867
307295
317411
327674
338404
349359
360714
372430
384460
396832
409764
423112
436939
451149
465789
481002
496633
512970
529501
546431
564184
582454
601442
620792
641283
662004
683372
705736
728790
752533
776845
802254
828163
855005
882833
911447
940933
971652
1003458
1035823
1069014
1103752
1139655
1176217
1214557
1254143
1295121
1337170
1380474
1425280
1471536
1519362
1569141
1620234
1672999
1727491
1783953
1842415
1902032
1964144
2028202
20988
21643
22349
23065
23769
24564
25351
26141
27014
27887
28832
29773
30772
31788
32846
33959
35075
36217
37408
38594
39811
41104
42494
43848
45288
46734
48265
49898
51620
53273
55005
56834
58662
60583
62595
64606
66684
68840
71066
73407
75832
78279
80889
83520
86222
89064
91971
95053
98175
101313
104744
108078
111489
115288
118986
122722
126746
130788
135097
139477
144087
148786
153588
158618
163786
169181
174608
180449
186262
192247
198639
205048
211756
218705
225867
233163
240780
248635
256701
265200
273772
282854
292093
301682
311545
321719
332177
343058
354394
366020
377938
390245
402909
415921
429468
443567
458035
472883
488300
504342
520854
537938
555667
573740
592626
611785
631930
652523
673698
695632
718328
741708
765957
790870
816534
842886
870442
898994
928190
958584
989771
1022104
1055269
1089776
1125148
1162013
1199885
1238668
1279576
1321665
1364696
1408954
1455052
1502549
1551301
1602015
1654356
1708243
1763612
1821045
1880126
1941294
2004637
20823
21484
22176
22909
23647
24416
25178
26016
26846
27755
28691
29614
30525
31552
32585
33624
34759
35869
37104
38362
39644
40900
42205
43532
44926
46408
47977
49557
51101
52772
54526
56318
58178
60081
62066
64042
66185
68238
70465
72744
75138
77604
80095
82671
85325
88042
91064
94165
97213
100439
103670
107130
110604
114199
117851
121715
125693
129725
133934
138367
142934
147597
152453
157354
162497
167909
173369
179036
184936
190961
197228
203649
210344
217198
224331
231627
239228
247068
255135
263413
272018
280968
290044
299505
309208
319251
329569
340144
351290
362760
374570
386832
399704
412813
426199
440373
454690
469624
484877
500772
517123
533759
551181
569118
587632
606993
626872
647255
668273
689991
712442
735645
759804
784634
810177
836654
864049
891953
921307
951140
982435
1014708
1047923
1082233
1117861
1154851
1192799
1231827
1272099
1313441
1356665
1401242
1446979
1494283
1542867
1593329
1645690
1699508
1755089
1812263
1871652
1932704
1996543
2061437
21107
21797
22461
23188
23926
24720
25513
26354
27219
28125
29001
29985
30959
32000
33085
34137
35263
36445
37643
38835
40146
41473
42773
44197
45676
47204
48800
50365
51956
53683
55452
57334
59154
61083
63023
65080
67250
69503
71786
74163
76630
79061
81615
84259
86982
89831
92711
95733
98881
102123
105433
108890
112524
116161
119863
123716
127679
131778
136012
140432
145038
149723
154644
159576
164835
170237
175768
181588
187440
193584
200021
206487
213172
220226
227382
234639
242421
250393
258544
266916
275786
284820
294090
303633
313615
323981
334467
345488
356865
368423
380271
392911
405795
419105
432934
447063
461757
476867
492523
508447
525088
542261
559982
578602
597570
617155
637546
658039
679550
701672
724552
748324
772921
798031
824189
851199
878939
907616
937286
968080
999636
1032554
1066327
1101178
1137094
1174379
1212765
1252225
1293045
1335160
1378821
1423946
1470455
1518548
1568331
1619720
1672809
1727552
1783804
1842534
1902811
1965390
2030081
20979
21659
22407
23120
23900
24715
25563
26412
27306
28247
29143
30138
31177
32241
33306
34388
35490
36614
37872
39113
40366
41665
42994
44415
45804
47286
48846
50457
52149
53869
55605
57486
59340
61348
63306
65358
67532
69737
72037
74359
76799
79365
81947
84599
87357
90232
93162
96177
99290
102427
105902
109347
112896
116642
120473
124402
128491
132640
136916
141493
146071
150887
155845
160909
166210
171735
177441
183320
189206
195433
201732
208396
215159
222413
229739
237233
244916
252986
261309
269689
278626
287610
297155
306842
317024
327363
338107
349217
360558
372296
384528
397202
410112
423334
437310
451871
466753
481903
497840
514216
531034
548678
566574
585488
604688
624337
644835
665963
687946
710557
733926
757949
782752
808580
835200
862605
891027
920063
950122
981249
1013564
1046827
1081551
1117194
1153741
1191404
1230084
1270459
1312253
1355291
1399997
1445755
1493015
1541926
1592459
1643934
1697834
1753219
1810725
1870231
1931692
1994791
2060140
21166
21858
22583
23314
24104
24888
25702
26539
27373
28252
29197
30145
31124
32178
33229
34282
35495
36651
37892
39112
40401
41748
43103
44605
46128
47682
49251
50782
52498
54154
55961
57778
59716
61737
63818
65816
67985
70211
72528
74917
77331
79874
82491
85139
87937
90815
93697
96811
99882
103173
106503
110002
113603
117344
121204
125146
129292
133604
138010
142365
147001
151989
157047
162149
167480
173029
178703
184500
190662
196820
203268
209902
216810
223928
231377
238872
246663
254761
263283
272027
280923
290185
299471
309374
319419
329832
340663
351964
363495
375337
387741
400422
413631
427200
441311
455701
470651
486114
501887
518206
535241
552746
570644
589365
608657
628817
649546
671001
693107
715700
739136
763411
788580
814641
841463
868956
897639
927248
957887
989309
1021917
1055149
1089730
1125528
1162532
1200606
1240149
1280611
1322339
1365775
1410738
1457183
1504701
1554198
1605010
1657432
1711999
1768372
1826765
1886982
1948782
2012307
20805
21493
22192
22856
23577
24300
25068
25906
26772
27640
28535
29452
30406
31465
32504
33531
34605
35744
36967
38219
39429
40742
42094
43440
44890
46366
47866
49419
51099
52721
54458
56284
58143
60080
62101
64190
66190
68357
70642
73081
75454
77947
80464
83170
85864
88699
91576
94544
97694
100912
104206
107606
111151
114832
118637
122496
126469
130657
134838
139305
143824
148568
153458
158561
163845
169136
174605
180304
186091
192185
198508
205014
211904
218859
226047
233430
241215
249235
257341
265698
274368
283426
292762
302397
312292
322566
333117
343927
354957
366912
379030
391577
404331
417719
431440
445538
460122
475327
491138
507267
523890
541189
559139
577448
596425
615910
636215
657244
678896
701341
724258
748100
772494
797920
824227
851256
879278
908488
938630
969729
1001922
1035173
1068752
1104163
1140788
1178124
1216641
1256592
1297999
1340872
1385125
1430465
1477713
1526255
1576677
1628523
1682364
1737631
1795199
1853866
1914678
1977317
2041930
21054
21694
22395
23111
23839
24641
25458
26303
27174
28095
29004
29954
30944
31929
33032
34142
35196
36322
37480
38657
39957
41306
42671
44055
45457
46951
48465
50077
51757
53443
55237
57093
59013
60953
62856
64870
67002
69187
71483
73724
76174
78657
81196
83859
86570
89436
92398
95371
98558
101939
105305
108693
112320
116130
119859
123828
127824
132026
136483
140958
145667
150388
155401
160460
165777
171209
176833
182549
188570
194721
201076
207657
214451
221492
228844
236321
244162
252149
260426
268859
277813
286847
296276
306067
316109
326501
337156
348220
359606
371573
383847
396420
409678
423368
437272
451534
466249
481565
497191
513542
530675
547964
566001
584518
603789
623749
643934
665118
687070
709916
733159
757062
781883
807719
834418
861762
890365
919424
949607
980723
1012874
1046172
1080741
1116200
1153122
1191008
1230149
1270594
1312137
1355410
1400503
1446710
1493967
1542462
1593178
1645765
1700191
1756440
1814094
1873634
1935290
1999131
2065111
21502
22231
22997
23744
24549
25362
26186
27043
27956
28845
29830
30835
31825
32879
33874
34976
36128
37345
38634
39855
41178
42523
43940
45363
46838
48363
49935
51541
53217
55078
56831
58697
60608
62580
64585
66771
69002
71299
73660
76081
78567
81169
83860
86648
89555
92523
95562
98672
101900
105197
108654
112258
115963
119883
123805
127953
132128
136427
140895
145583
150329
155370
160530
165737
171082
176689
182486
188435
194538
200872
207573
214350
221437
228815
236218
243914
252044
260509
269293
278168
287273
296656
306320
316384
326885
337457
348433
359899
371825
384207
396881
409932
423374
437363
451817
466698
482025
497799
514273
530963
548536
566438
584912
604313
624228
644977
666007
687811
710512
734082
758152
783454
809056
835604
863101
891244
920553
950957
982271
1014711
1047896
1082352
1117952
1154793
1192687
1231948
1272229
1313800
1356895
1401110
1447346
1494978
1544248
1595130
1647447
1701624
1758043
1815690
1875497
1937646
2001240
20851
21531
22238
22965
23737
24514
25328
26147
27019
27872
28800
29666
30721
31679
32728
33826
34941
35998
37211
38437
39722
41100
42445
43840
45283
46743
48212
49762
51349
53020
54824
56596
58425
60285
62344
64439
66550
68787
71069
73416
75694
78230
80838
83475
86184
89030
91870
94891
98088
101427
104714
108154
111789
115508
119357
123284
127293
131509
135888
140406
145018
149766
154646
159655
164870
170276
175953
181664
187518
193585
199962
206425
213220
220219
227447
235054
242820
250835
259037
267618
276376
285378
294869
304501
314586
324946
335547
346739
358095
369909
381944
394316
407313
420579
434528
448974
463694
478849
494677
510994
527826
544987
562885
581592
600796
620463
640875
662131
683792
706112
729470
753542
778230
803536
830086
857510
885523
914763
944932
975810
1007630
1040765
1074854
1110357
1146632
1184465
1223752
1263801
1305410
1348614
1392836
1438458
1486048
1534898
1585282
1637648
1691259
1746664
1804203
1863961
1925238
1988819
2054507
21099
21826
22555
23328
24093
24826
25633
26471
27343
28223
29108
30037
31033
32053
33077
34186
35348
36574
37796
39037
40297
41607
42975
44330
45809
47346
48883
50500
52115
53819
55572
57422
59329
61346
63408
65492
67661
69943
72214
74519
77090
79582
82087
84842
87556
90441
93372
96479
99653
102998
106304
109783
113457
117315
121205
125186
129284
133579
137981
142561
147215
152174
157151
162270
167700
173254
178789
184607
190724
196982
203456
210060
217087
224257
231625
239246
247051
255143
263532
272168
281167
290477
300007
309823
319890
330330
341011
352265
363688
375451
387771
400555
413481
427021
441002
455510
470474
486048
501933
518492
535546
552987
571212
590200
609778
629998
650981
672278
694585
717482
740985
765421
790382
816355
843210
870682
899083
928868
959440
990984
1023510
1057180
1091855
1127727
1164970
1203238
1242858
1284219
1326671
1370530
1415668
1462234
1510608
1560280
1611447
1664395
1719611
1776061
1834578
1895057
1957110
2021243
20919
21620
22327
23045
23822
24582
25356
26176
27030
27869
28775
29693
30692
31687
32745
33863
34980
36172
37340
38571
39857
41142
42494
43803
45227
46678
48266
49815
51531
53211
54949
56779
58642
60641
62628
64685
66832
69028
71367
73726
76138
78641
81227
83916
86630
89466
92411
95404
98504
101728
105056
108470
111930
115643
119458
123604
127699
131821
136103
140623
145369
149989
154897
159999
165344
170744
176226
182005
187974
194243
200577
207108
213936
221016
228295
235784
243395
251408
259743
268279
277083
286127
295470
305163
315032
325282
336030
347158
358692
370532
382704
395261
408060
421640
435456
449638
464273
479624
495230
511525
528385
545732
563765
582602
601591
621323
641735
662863
684502
707156
730499
754551
779505
804974
831467
858940
887357
916791
946993
977944
1010042
1043405
1077886
1113461
1150003
1187917
1227303
1267468
1309401
1352409
1396910
1442866
1490484
1539478
1589975
1642404
1696899
1752735
1810060
1869684
1931294
1995460
2060746
21076
21785
22507
23248
24051
24852
25678
26519
27369
28243
29146
30078
31028
32101
33213
34297
35425
36571
37841
39080
40291
41607
42923
44322
45838
47285
48814
50442
52093
53851
55609
57420
59363
61340
63382
65489
67651
69918
72122
74468
76956
79501
82172
84898
87663
90505
93436
96543
99712
102988
106415
109986
113563
117288
121147
125045
129214
133481
137819
142363
147086
151879
156839
161952
167271
172616
178314
184136
190067
196230
202633
209327
216245
223462
230875
238554
246555
254677
262996
271727
280605
289886
299637
309307
319339
329831
340822
351992
363718
375886
388103
400809
414040
427695
441686
456395
471533
486909
503111
519802
536791
554485
572787
591662
610954
630899
651778
673120
695517
718494
741884
766090
791439
817417
