102666
105309
108222
111095
114018
117121
120222
123574
126773
130133
133569
137172
140908
144680
148606
152552
156499
160607
164835
169441
173897
178590
183388
188378
193309
198613
203948
209486
215214
221011
226915
232980
239276
245633
252128
258985
266023
273150
280395
287970
295816
303832
312042
320552
329092
337960
347161
356565
366187
376177
386362
396835
407515
418537
429898
441790
453709
465991
478546
491641
505045
518855
533115
547669
562365
577641
593431
609787
626581
643850
661591
679742
698341
717510
737183
757480
778119
799471
821303
843679
866807
890866
915016
940179
965721
992260
1019865
1047564
1076136
1105554
1135843
1167313
1199560
1232758
1266830
1302144
1338087
1374705
1412893
1451874
1492158
1533617
1576046
1619914
1664521
1710607
1758015
1806506
1856608
1908068
1961229
2015847
20708
21342
21991
22591
23229
23894
24558
25235
25905
26638
27362
28103
28968
29758
30629
31456
32318
33217
34116
35080
36095
37104
38115
39165
40264
41381
42569
43783
45034
46305
47624
48942
50258
51655
53128
54652
56173
57721
59343
61001
62755
64357
66175
68012
69968
71981
73945
76158
78392
80572
82813
85149
87570
90072
92655
95362
98019
100786
103637
106576
109701
112795
116011
119318
122666
126193
129778
133482
137336
141167
145123
149373
153615
157960
162434
166923
171582
176491
181573
186756
191965
197386
203059
208923
214731
220796
227223
233750
240440
247447
254492
261783
268991
276572
284458
292472
300643
309377
318141
327318
336615
346349
356418
366659
377086
387917
399225
410800
422592
434623
447229
459964
473369
487188
501291
515825
530699
545842
561519
577887
594541
611738
629398
647744
666444
685633
705498
726095
747030
768547
791102
813840
837368
861456
886494
912458
938887
965916
993878
1022957
1052652
1083426
1114806
1147039
1180510
1214791
1249918
1286344
1323438
1361739
1401298
1442100
1484105
1527212
1571685
1617177
1664252
1712982
1762858
1814076
1867168
1921372
1977245
2035022
20750
21329
21988
22665
23345
23993
24716
25403
26145
26856
27686
28514
29326
30210
31089
31992
32920
33873
34854
35883
36910
37971
39108
40268
41441
42667
43980
45230
46576
47888
49328
50731
52233
53711
55321
56973
58689
60370
62136
63982
65910
67745
69749
71741
73855
76042
78289
80573
82920
85324
87804
90463
93217
96013
98857
101785
104866
107892
111139
114577
117905
121368
125049
128731
132460
136286
140438
144636
149027
153535
158042
162681
167569
172396
177593
182853
188332
193909
199579
205441
211489
217875
224263
230943
237773
244920
252196
259705
267501
275481
283696
292268
300939
309831
319051
328451
338321
348321
358818
369738
380879
392269
403962
415975
428422
441120
454381
468038
482010
496511
511470
526735
542548
558857
575674
592998
610903
629134
648225
667608
687738
708433
729667
751584
774207
797581
821190
845870
871210
897306
924355
952036
980941
1010533
1041011
1072557
1104785
1138036
1172214
1207611
1244146
1281511
1320323
1360117
1401292
1443569
1487306
1532025
1578209
1625841
1674999
1725411
1777821
1831500
1886865
1943780
2002605
20567
21198
21858
22572
23297
24028
24731
25409
26142
26890
27678
28492
29320
30234
31193
32128
33125
34163
35125
36178
37343
38437
39588
40809
42040
43237
44523
45898
47292
48687
50175
51732
53285
54906
56573
58316
60101
61976
63938
65927
67965
70039
72105
74366
76673
79002
81433
83905
86523
89144
91893
94634
97417
100446
103493
106662
109959
113249
116748
120310
123966
127842
131716
135590
139766
144044
148401
152914
157599
162373
167269
172504
177821
183280
188836
194709
200621
206971
213275
219913
226647
233509
240598
247928
255436
263362
271449
279669
288303
297143
306321
315754
325448
335392
345694
356342
367384
378753
390286
402243
414569
427526
440661
454293
468231
482568
497480
512918
528574
544981
561841
579326
597074
615349
634213
653544
673790
694682
716150
738283
761124
784746
808996
833845
859512
885962
913244
941255
970739
1000692
1031472
1063293
1096274
1130134
1165389
1201173
1238203
1276308
1315663
1356374
1398541
1441822
1486216
1532333
1579954
1628793
1679170
1731382
1785065
1840183
1897167
1956058
2016318
20941
21602
22290
22998
23687
24437
25197
26011
26796
27625
28464
29328
30236
31173
32160
33162
34177
35285
36367
37476
38634
39837
41072
42315
43629
44969
46418
47793
49271
50789
52335
53945
55653
57327
59118
60921
62835
64827
66904
68931
71058
73246
75497
77731
80185
82655
85147
87774
90481
93306
96288
99309
102472
105674
109093
112516
115966
119624
123383
127262
131199
135328
139531
143888
148268
152827
157696
162603
167763
172980
178395
183975
189793
195764
202054
208477
214963
221710
228717
235835
243191
250784
258638
266831
275043
283752
292645
301725
311140
320844
330913
341282
352019
363138
374729
386665
398775
411506
424367
437535
451268
465324
479872
494879
510384
526445
543245
560485
578244
596625
615537
634812
654694
675655
697012
718682
741318
764748
788645
813256
838598
864866
892268
920317
949075
979016
1009663
1041325
1074236
1107959
1142572
1178802
1216078
1254133
1293523
1334120
1376213
1419500
1464176
1510201
1557845
1607068
1657626
1709954
1763882
1819697
1876961
1936124
1996975
2059860
21656
22341
23024
23702
24488
25199
25985
26819
27666
28542
29414
30357
31329
32285
33295
34356
35442
36563
37763
38989
40156
41442
42703
44046
45499
46950
48443
50010
51557
53185
54843
56592
58356
60185
62045
64036
66065
68083
70279
72540
74818
77298
79779
82275
84904
87597
90444
93346
96371
99375
102497
105787
109145
112678
116251
119978
123742
127692
131735
135959
140194
144648
149273
153938
158969
163932
169138
174557
180150
185937
191843
198004
204395
210815
217387
224233
231329
238619
246270
254113
262242
270737
279365
288160
297261
306718
316480
326552
337114
347859
358953
370327
382214
394367
406696
419541
433047
446752
460877
475481
490700
506370
522621
539131
556450
574313
592400
611460
630720
650615
671360
693174
715169
737912
761604
785827
810594
836483
863160
890638
918984
948446
978609
1009554
1041726
1074875
1109114
1144456
1181105
1219114
1258074
1297581
1338660
1381480
1425369
1470653
1517919
1566426
1616467
1667959
1720934
1775830
1832457
1891096
1951239
2013247
20652
21308
22037
22739
23503
24271
25063
25868
26728
27609
28529
29442
30365
31316
32318
33328
34402
35476
36547
37732
38909
40127
41471
42822
44145
45577
47009
48530
50064
51682
53275
54970
56660
58446
60327
62229
64166
66177
68278
70459
72739
75097
77477
79931
82536
85272
87948
90762
93625
96634
99585
102876
106148
109620
113111
116779
120477
124452
128499
132597
136877
141211
145844
150614
155444
160488
165620
170912
176380
182030
187933
193864
200020
206357
213013
219829
226923
234306
241824
249520
257584
266060
274463
283406
292530
302020
311792
322028
332474
343167
354027
365356
377173
389176
401487
414315
427497
441454
455743
470138
485390
500893
516944
533539
550746
568562
586999
605846
625419
645653
666654
687944
709982
732734
756308
780713
805869
831577
858352
885894
914248
943607
974406
1005816
1038071
1071365
1105703
1141264
1177776
1215669
1254994
1295385
1337080
1380561
1425031
1470720
1517843
1567044
1617419
1669778
1723218
1778599
1835924
1895240
1955931
2018987
20742
21412
22091
22818
23552
24339
25143
25938
26840
27687
28581
29473
30408
31373
32399
33466
34571
35691
36858
38037
39301
40539
41860
43257
44606
46040
47488
49033
50635
52216
53907
55609
57400
59236
61163
63183
65216
67314
69439
71661
73951
76334
78822
81352
83966
86645
89500
92370
95428
98474
101625
104980
108365
111904
115535
119276
123111
127075
131283
135542
139848
144341
148962
153862
158760
163809
168965
174433
180061
185879
191959
198159
204657
211199
217984
225026
232365
239863
247648
255722
264218
272851
281713
290829
300324
310088
320068
330344
341086
352322
363595
375359
387499
400253
413195
426374
440159
454369
468988
484020
499920
515936
532717
549957
567738
586128
605300
624713
645063
666046
687652
710219
733304
756987
781497
806789
833068
860051
887937
916679
946057
976918
1008531
1041007
1075050
1109785
1145967
1183066
1221209
1260827
1301523
1344269
1387855
1432797
1479635
1527212
1577026
1628308
1681393
1735702
1791952
1850619
1910905
1972788
2036652
20767
21453
22150
22834
23609
24380
25135
25945
26781
27653
28596
29540
30467
31459
32503
33555
34632
35797
36939
38126
39343
40611
41912
43236
44683
46047
47521
49063
50655
52244
53933
55713
57529
59338
61266
63260
65378
67439
69657
71961
74224
76647
79012
81539
84181
86843
89693
92483
95396
98426
101684
104914
108254
111771
115387
119112
122890
126885
131064
135167
139647
144191
148860
153564
158641
163686
169055
174511
180148
185969
192043
198148
204530
211189
218108
225095
232488
239986
247918
255999
264245
272658
281520
290819
300247
310024
320142
330578
341330
352423
363760
375585
387901
400627
413617
427071
440945
455196
469968
485144
500919
517265
533993
551255
569018
587519
606563
626312
646804
667919
689581
711710
735059
759140
783745
809038
835393
862747
890766
919746
949755
980420
1012261
1045121
1079128
1113747
1149816
1187238
1226033
1265927
1307340
1349700
1393681
1438966
1486243
1534529
1584477
1636239
1689584
1744701
1801504
1860170
1920672
1983773
2048107
21264
22023
22775
23480
24274
25093
25939
26815
27690
28557
29490
30457
31451
32467
33497
34597
35749
36938
38151
39421
40766
42117
43529
44888
46356
47861
49454
51096
52777
54545
56381
58194
60082
61993
63958
66012
68142
70319
72609
74929
77377
79895
82392
85072
87808
90741
93672
96638
99831
102936
106368
109869
113478
117092
120816
124755
128803
133060
137417
141920
146568
151295
156193
161177
166525
171979
177529
183248
189275
195506
201957
208420
214988
221933
229205
236630
244250
252136
260459
269120
277833
286981
296228
305858
315718
325974
336658
347706
359086
370826
382851
395480
408409
421658
435551
449767
464426
479617
495427
511510
528310
545566
563574
581997
601304
620981
641148
662153
683819
706183
729326
753179
777739
803068
829315
856234
884455
913328
943222
974171
1005932
1038393
1072436
1107007
1143254
1180502
1219139
1258822
1299839
1342555
1386508
1431581
1478268
1526609
1576180
1627530
1681041
1736100
1792386
1850719
1910957
1973700
2038038
21055
21685
22366
23142
23898
24652
25440
26254
27101
28028
28907
29896
30895
31837
32883
34012
35075
36254
37488
38741
40000
41315
42690
44111
45538
47048
48615
50220
51845
53499
55264
57153
59059
60999
63021
65073
67224
69549
71727
74066
76536
79008
81601
84319
86970
89900
92778
95799
98900
102153
105582
109081
112580
116315
120300
124304
128476
132745
137048
141428
145984
150655
155687
160823
166088
171588
177244
183007
188883
195069
201429
208153
214912
221858
229103
236573
244274
252300
260601
269265
278139
287264
296725
306415
316284
326783
337490
348561
359905
371675
383851
396461
409506
422804
436662
451002
465799
481014
496840
513110
529902
547290
565408
584021
603133
622779
643313
664420
686301
708879
731980
755888
780525
805826
831877
859160
887397
916738
946657
977585
1009505
1042475
1076469
1111787
1148199
1185688
1224305
1264142
1305754
1348367
1392610
1438162
1485167
1534094
1584258
1636322
1690402
1745969
1803464
1862301
1923702
1986745
2051625
21324
21991
22705
23428
24215
25040
25837
26709
27577
28463
29410
30339
31380
32367
33451
34562
35661
36851
38078
39308
40618
41951
43353
44797
46290
47768
49353
50945
52684
54388
56136
58042
59934
61880
63817
65888
68113
70366
72752
75153
77548
80018
82654
85335
88124
90977
93964
96976
100119
103447
106874
110258
113876
117556
121354
125393
129576
133747
138133
142708
147268
152057
157015
162189
167425
172873
178467
184280
190329
196500
202973
209443
216282
223281
230603
238134
246031
254160
262545
271176
280021
289324
298725
308455
318606
329057
339810
350768
362122
373845
386061
398731
411821
425372
439415
453960
468722
484103
500027
516426
533274
550725
568543
587352
606810
626946
647421
668593
690422
713129
736312
760287
785478
811260
837873
865555
894237
923544
953969
985244
1017529
1051032
1085384
1120817
1157840
1195576
1234764
1275431
1316899
1360383
1405106
1451349
1499207
1548738
1599470
1652135
1706751
1762414
1820137
1879727
1941537
2005277
20654
21366
22100
22826
23621
24366
25198
26040
26897
27736
28629
29566
30545
31565
32524
33578
34702
35798
36961
38160
39423
40745
42138
43530
44936
46451
48010
49597
51306
52969
54816
56591
58481
60391
62421
64556
66678
68826
71073
73456
75941
78432
80994
83646
86376
89194
92079
95102
98217
101489
104824
108361
111886
115560
119392
123270
127273
131516
135866
140379
145076
149943
154918
160078
165343
170834
176412
182108
188187
194357
200695
207356
214133
221207
228632
236220
243985
251971
260137
268762
277357
286527
295834
305651
315746
326073
336603
347839
359247
371095
383404
395966
408968
422246
435906
449999
464911
480117
495841
512188
528852
546169
564044
582652
601852
621688
641985
663063
684779
707194
730769
754640
779463
804973
831485
858461
886561
915672
945726
976642
1008654
1041497
1075533
1110608
1147101
1184454
1223372
1264190
1305505
1348423
1392697
1439033
1486213
1535463
1586099
1638407
1692644
1748760
1805883
1865335
1926418
1989867
2055290
21529
22246
22916
23678
24459
25284
26138
27014
27899
28773
29693
30698
31697
32726
33823
34906
36016
37186
38420
39723
40984
42298
43682
45133
46545
48038
49599
51171
52906
54628
56340
58245
60157
61996
64038
66143
68308
70496
72745
75096
77588
80110
82707
85479
88226
91144
94144
97191
100454
103817
107298
110858
114408
118168
122149
126234
130417
134750
139124
143780
148540
153427
158577
163837
169199
174828
180497
186462
192666
199016
205550
212362
219476
226677
234202
241773
249790
258000
266518
275087
284107
293563
303150
313134
323464
334106
345116
356319
368071
380105
392440
405194
418499
432220
446403
461122
476355
491927
508062
524865
542127
560047
578259
597416
617013
637594
658700
680126
702533
725680
749501
774270
799807
826175
853039
881152
910091
939871
970884
1003020
1036128
1070252
1105806
1142068
1179524
1218641
1258665
1299931
1342377
1386429
1432121
1478740
1527641
1577765
1629416
1682901
1738025
1795373
1854527
1915685
1978132
2043400
21297
21993
22655
23335
24106
24875
25682
26541
27391
28324
29172
30141
31127
32149
33192
34228
35301
36438
37636
38850
40059
41367
42742
44076
45470
46908
48443
50051
51746
53519
55263
57066
59001
60935
62944
65026
67135
69333
71711
74060
76542
79089
81671
84321
87131
89938
92892
95962
99128
102269
105607
109101
112606
116292
120145
124103
128173
132295
136633
141153
145765
150535
155399
160532
165884
171285
176838
182716
188785
194986
201451
208018
214766
221792
229065
236637
244399
252297
260552
269238
278163
287333
296785
306372
316433
326781
337527
348672
360052
371946
384202
396704
409928
423227
437025
451536
466203
481580
497460
513927
530981
548521
566518
585361
604630
624408
645046
666158
688093
710642
733995
757964
782916
808974
835495
862863
891409
920928
950934
982177
1014742
1048389
1082898
1118638
1155522
1192972
1232046
1272570
1314616
1357892
1402634
1448796
1496617
1546165
1596891
1649196
1703884
1760415
1818321
1878461
1940156
2003825
20664
21371
22074
22805
23593
24397
25162
26010
26931
27848
28771
29621
30615
31596
32638
33770
34902
36016
37163
38416
39639
40925
42285
43744
45248
46706
48238
49784
51407
53085
54848
56728
58549
60488
62406
64541
66613
68806
71073
73406
75780
78299
80954
83560
86240
89095
92093
95210
98225
101385
104797
108282
111881
115632
119413
123276
127272
131455
135733
140243
144747
149628
154619
159693
164855
170212
175636
181273
187227
193401
199634
206235
213162
220298
227628
235123
242829
250778
259112
267722
276556
285748
295268
305024
315049
325474
336305
347467
358985
370777
383240
395867
408795
422317
436159
450645
465549
481022
496945
513329
530241
547700
565713
584368
603599
623436
643907
665119
687089
709689
732927
756870
781622
807335
833987
861572
890300
919636
949706
980999
1013262
1046635
1081117
1116638
1153329
1191378
1230340
1270577
1312459
1355751
1400527
1446641
1494268
1543859
1594763
1647775
1701908
1758270
1816569
1876172
1937742
2001381
20703
21373
22115
22859
23631
24427
25253
26122
27047
27929
28852
29793
30731
31740
32776
33910
35064
36213
37418
38668
39909
41239
42572
43897
45367
46845
48418
49946
51622
53308
55091
56924
58783
60759
62737
64714
66833
69042
71298
73631
76097
78647
81237
83817
86630
89589
92624
95644
98816
102034
105428
108850
112502
116244
120052
124018
128186
132342
136745
141270
145861
150647
155481
160519
165838
171283
176899
182654
188763
194950
201309
208028
214769
221806
229060
236615
244333
252281
260631
269195
278041
287280
296808
306580
316697
327054
337852
348958
360632
372573
384720
397367
410512
424040
438007
452361
467088
482499
498226
514653
531706
549513
567639
586503
605685
625663
646010
667284
688915
711759
735194
759558
784653
810309
836734
864350
892780
922286
952824
983815
1016100
1049848
1084476
1120061
1157238
1195296
1234660
1275368
1317158
1360383
1405492
1451633
1499693
1548748
1599963
1652633
1707509
1763986
1822466
1882279
1944146
2008137
20498
21139
21825
22558
23323
24057
24827
25624
26494
27376
28282
29207
30184
31206
32222
33246
34318
35513
36687
37917
39110
40349
41683
43030
44576
46100
47579
49175
50800
52449
54237
55946
57779
59760
61768
63758
65783
68022
70232
72407
74673
77147
79698
82266
84987
87691
90583
93567
96620
99654
102927
106432
109977
113680
117432
121371
125382
129437
133815
138133
142805
147494
152443
157537
162693
168009
173452
179176
185229
191375
197636
204160
210972
217905
225105
232509
240113
248077
256339
264759
273508
282583
291831
301497
311502
321788
332360
343387
354830
366498
378583
390944
403752
416828
430480
444838
459517
474640
490257
506608
523298
540498
558310
576659
595939
615561
635879
656880
678349
700639
723488
747571
772266
797825
824226
851333
879527
908802
938934
969952
1001671
1034828
1068803
1103939
1140344
1177871
1216664
1256598
1298025
1340805
1385204
1430985
1478041
1526627
1577268
1629139
1683127
1738168
1795576
1854950
1916119
1978992
2044901
21152
21876
22588
23310
24084
24847
25650
26473
27340
28241
29216
30215
31202
32212
33247
34313
35420
36583
37839
39070
40345
41661
42964
44412
45847
47402
49103
50690
52326
54005
55766
57637
59614
61512
63638
65775
67989
70293
72681
75099
77637
80278
82961
85650
88475
91320
94360
97512
100661
103960
107391
110999
114642
118435
122383
126449
130604
134850
139209
143789
148474
153472
158469
163706
169078
174670
180538
186550
192778
199050
205717
212528
219439
226662
234159
241858
249930
258131
266751
275385
284432
293841
303580
313559
323922
334546
345545
356930
368669
380554
393357
406431
420014
434020
448142
463002
478338
494054
510169
527106
544573
562474
580830
600248
619909
640336
661352
682975
705703
729097
753159
777530
803256
829677
857140
885557
914626
944827
976034
1008145
1041518
1075643
1111183
1147751
1185629
1224663
1265250
1307363
1349811
1394522
1440598
1488011
1537330
1587783
1640315
1694196
1750062
1807571
1867073
1928486
1991841
2057203
21175
21884
22591
23320
24095
24888
25658
26516
27431
28337
29297
30285
31326
32392
33485
34580
35693
36951
38120
39422
40694
41983
43376
44852
46335
47892
49476
51153
52948
54710
56472
58318
60247
62152
64142
66298
68471
70789
73190
75650
78062
80520
83194
85869
88692
91588
94650
97829
101069
104472
107958
111634
115225
119027
122997
127013
131137
135487
139984
144608
149401
154381
159481
164715
170150
175763
181562
187521
193659
200070
206518
213304
220304
227559
235046
242912
251008
259104
267765
276532
285686
295158
305092
315251
325637
336455
347749
359330
371116
383400
395922
409010
422580
436763
451373
466020
481199
497337
513463
530440
547773
565888
584426
603828
623766
644447
665676
687539
710418
734170
758450
783528
809431
836172
863797
892222
921489
951812
983050
1015357
1049100
1083875
1119607
1156370
1194628
1234062
1274820
1316424
1359861
1405219
1451563
1499275
1548530
1599464
1652035
1706752
1762994
1821054
1881762
1943597
2007827
20781
21418
22153
22869
23678
24440
25276
26080
26968
27867
28778
29720
30682
31718
32754
33812
34906
36047
37275
38529
39763
41059
42438
43868
45330
46763
48356
49959
51567
53291
55029
56854
58737
60694
62668
64692
66849
69094
71450
73808
76278
78830
81430
84174
86894
89685
92596
95632
98669
101962
105254
108715
112275
115901
119850
123770
127838
131965
136289
140760
145355
149974
155000
160166
165569
170944
176635
182321
188363
194601
201037
207625
214472
221593
228882
236443
244347
252365
260818
269449
278393
287517
296891
306765
316884
327192
338116
349128
360670
372438
384534
396823
410011
423445
437402
451644
466673
481929
497730
514077
531037
548519
566708
585354
604896
624602
645192
666688
688661
711225
734674
758978
784186
810116
837160
864728
893135
