102446
105004
107538
110166
112739
115507
118314
121182
124135
127217
130337
133494
136698
140058
143519
146910
150449
154029
157728
161589
165430
169599
173816
178152
182555
187120
191739
196368
201200
206099
211140
216385
221704
227195
232732
238491
244468
250425
256717
263096
269458
276241
282986
289986
297326
304662
312142
319934
327860
335865
344222
352631
361404
370334
379508
389077
398754
408809
418943
429306
439892
450807
461893
473300
485199
497379
509578
522399
535501
548836
562754
576788
591240
606163
621264
636593
652748
669435
686144
703227
721018
738997
757522
776713
795957
815962
836664
857811
879645
902030
924795
947940
971748
996639
1021761
1047526
1074015
1101416
1129136
1157386
1186562
1216653
1247723
1279326
1311714
1345069
1379181
1414546
1450443
1487220
1524857
1563645
1603420
1644041
1685830
1728535
1772324
1817210
1863517
1910965
1959648
2009541
20835
21372
21899
22455
23033
23603
24186
24776
25438
26083
26741
27431
28114
28844
29574
30334
31115
31899
32718
33539
34382
35308
36229
37164
38112
39110
40150
41141
42210
43317
44398
45567
46725
47880
49170
50423
51692
53063
54453
55764
57193
58727
60221
61792
63376
65006
66749
68573
70368
72120
74012
75962
77934
79973
82086
84174
86366
88625
90975
93248
95649
98132
100674
103299
106071
108836
111647
114606
117610
120648
123819
127055
130382
133751
137279
140894
144620
148439
152313
156344
160417
164675
169011
173501
178033
182718
187540
192566
197564
202674
208027
213556
219218
224949
230872
236948
243122
249706
256407
263203
270191
277543
284889
292253
300028
307997
316071
324424
332958
341805
350726
360107
369641
379336
389497
399860
410545
421470
432627
444065
455687
467859
480207
492957
505973
519296
533258
547426
561947
576946
592177
607884
624155
640779
657817
675270
693411
711941
730998
750592
770589
791225
812092
833708
856105
878782
902395
926634
951613
976883
1003056
1029660
1057291
1085599
1114778
1144625
1175339
1206821
1239266
1272519
1306362
1341856
1377876
1414694
1452747
1491861
1531980
1573160
1615217
1658993
1703628
1749108
1796120
1844764
1894459
1945678
1998184
2051658
21152
21715
22346
22944
23637
24209
24899
25556
26297
26976
27720
28474
29223
30038
30845
31701
32644
33486
34348
35327
36296
37252
38206
39302
40321
41407
42566
43707
44895
46102
47337
48600
49954
51314
52715
54146
55545
57084
58653
60254
61963
63698
65356
67105
68935
70799
72788
74734
76765
78831
81006
83292
85555
87839
90236
92739
95267
97851
100532
103283
106154
109062
112043
115108
118254
121441
124763
128309
131805
135460
139119
143031
146863
150917
155014
159239
163648
168137
172786
177448
182276
187266
192293
197562
203012
208603
214303
220218
226243
232640
238981
245616
252466
259533
266728
274097
281795
289627
297756
305874
314166
322987
331817
340982
350392
360017
370024
380335
390604
401410
412606
423978
435515
447432
459771
472443
485568
498976
512753
526864
541280
556355
571547
587366
603660
620294
637478
655236
673589
692346
711741
731676
752114
773092
794672
816478
839121
862505
886492
911096
936256
962229
989191
1016768
1045242
1074709
1104483
1134988
1166821
1199455
1232938
1267371
1302588
1339099
1376856
1415214
1454792
1495603
1537572
1580685
1624881
1670628
1717425
1765462
1814859
1865682
1918091
1971792
2027208
20859
21461
22045
22672
23344
23999
24690
25359
26079
26808
27552
28303
29091
29868
30694
31598
32475
33355
34278
35234
36257
37316
38393
39460
40593
41679
42891
44125
45388
46666
48013
49390
50799
52203
53606
55103
56678
58271
59972
61674
63418
65228
67119
68928
70812
72818
74886
76940
79109
81314
83549
85917
88364
90878
93474
96200
98896
101624
104564
107500
110666
113810
116998
120272
123609
127206
130813
134565
138406
142368
146361
150681
154985
159391
163833
168507
173282
178266
183259
188459
193886
199363
205056
211027
216834
222903
229205
235796
242525
249477
256704
263959
271431
279016
287026
295165
303541
312235
321181
330343
339752
349397
359272
369375
379814
390652
401804
413197
425052
437108
449420
462443
475648
489103
503123
517409
532059
547217
563066
579135
595530
612658
630053
648011
666431
685312
704918
725042
746097
767144
789170
811686
834941
859031
883830
909036
935074
961515
989205
1017362
1046406
1076397
1107321
1139083
1171543
1205335
1240167
1275725
1312553
1350346
1389213
1429026
1470063
1512837
1556373
1600983
1646822
1694795
1743418
1793538
1845215
1898438
1952546
2009052
20806
21445
22020
22599
23213
23874
24513
25224
25949
26713
27488
28294
29061
29898
30732
31608
32541
33496
34461
35494
36533
37581
38659
39802
40950
42120
43378
44678
45930
47267
48605
50014
51496
53008
54503
56039
57605
59310
61028
62768
64529
66389
68337
70314
72343
74462
76654
78895
81182
83492
85917
88452
90922
93522
96217
99029
101961
104951
107907
111012
114223
117597
121066
124455
128041
131671
135588
139529
143598
147796
152061
156534
161057
165626
170447
175403
180551
185810
191299
196885
202609
208553
214509
220651
227008
233621
240334
247491
254593
261982
269589
277501
285463
293791
302183
311033
320249
329462
339164
348936
359020
369382
380173
391258
402590
414224
426280
438590
451152
464336
477859
491518
505877
520463
535621
551422
567637
584249
601291
619000
637043
655510
674632
694169
714283
735156
756833
778968
801843
825279
849519
874079
899244
925497
952385
979891
1008279
1037687
1068093
1099056
1131156
1164443
1198386
1233547
1269652
1306663
1344867
1384013
1424601
1466224
1509179
1553125
1598123
1644739
1692872
1742579
1793386
1845853
1899909
1955331
2012789
20749
21340
21917
22600
23247
23910
24630
25383
26133
26878
27721
28558
29370
30216
31093
31972
32911
33878
34888
35863
36923
38024
39115
40229
41389
42606
43895
45165
46486
47811
49194
50604
52077
53637
55187
56750
58386
60122
61901
63776
65655
67564
69530
71542
73643
75760
78011
80159
82479
84891
87326
89890
92583
95387
98320
101210
104287
107376
110581
113850
117224
120678
124143
127733
131488
135335
139360
143412
147688
152060
156544
161106
165772
170597
175700
180723
186061
191551
197230
203120
209221
215305
221688
228036
234846
241785
248967
256475
264017
271814
279731
287982
296569
305377
314406
323743
333406
343227
353495
363956
374795
385998
397412
409070
421010
433369
446137
459343
472947
487030
501182
516143
531470
547134
563201
579943
597001
614582
632582
651263
670598
690424
710853
732150
753574
775848
798993
822618
846905
871994
897766
924362
951659
979674
1008707
1038216
1068871
1100218
1132795
1166223
1200886
1236548
1273129
1310538
1349495
1389186
1430327
1472693
1515884
1561016
1607375
1654963
1704433
1754845
1806994
1860382
1915699
1972342
2030776
20830
21451
22050
22726
23400
24097
24830
25573
26400
27191
28035
28867
29696
30544
31476
32381
33354
34377
35390
36459
37586
38734
39870
41021
42213
43467
44798
46181
47558
48966
50449
51987
53498
55061
56653
58376
60108
61916
63686
65572
67508
69488
71543
73731
75975
78191
80534
82934
85415
87974
90527
93221
95987
98793
101723
104773
107922
111128
114345
117815
121244
124931
128648
132494
136339
140470
144625
148947
153350
157946
162640
167442
172383
177515
182788
188147
193767
199422
205300
211366
217563
223997
230669
237648
244761
251982
259464
267057
275086
283205
291752
300450
309514
318872
328392
338195
348176
358437
369150
380261
391442
403074
414908
427275
440004
453261
466904
480942
495215
509942
525324
541169
557313
573891
590965
608548
626696
645398
664693
684652
705254
726344
748058
770405
793624
817164
841620
866592
892672
919365
946636
975003
1004075
1034176
1064966
1096745
1129212
1162837
1197918
1233506
1270613
1308097
1347045
1387054
1428579
1471109
1514761
1559880
1606595
1654440
1703692
1754755
1807105
1860908
1916417
1973597
2032262
20847
21463
22120
22808
23521
24278
25001
25757
26545
27338
28189
28990
29892
30842
31757
32724
33720
34713
35795
36903
38002
39110
40263
41456
42717
43976
45218
46548
47912
49359
50796
52380
53962
55654
57286
59048
60783
62541
64427
66325
68310
70350
72427
74664
76952
79206
81570
84062
86531
88998
91675
94541
97362
100357
103466
106646
109963
113296
116644
120105
123661
127432
131311
135250
139329
143542
147879
152222
156662
161356
166119
171140
176308
181567
187096
192664
198471
204344
210422
216678
223188
229921
236739
243817
251113
258610
266219
274224
282501
290935
299696
308539
317683
327207
337071
347114
357388
368295
379394
391025
402824
414971
427432
440081
453204
466895
480862
495445
510453
525803
541792
558014
574690
591937
609869
628386
647222
666623
686570
707127
728475
750437
772939
796292
820099
844886
870636
896617
923835
951594
980319
1009892
1040253
1071840
1104116
1137186
1171388
1206565
1242992
1280559
1319112
1358782
1399628
1441575
1484868
1529411
1575713
1623193
1672282
1722591
1774333
1827846
1882504
1939272
1997496
2057861
21294
21926
22575
23278
23977
24711
25484
26254
27006
27828
28679
29594
30434
31336
32313
33335
34311
35364
36459
37492
38593
39758
40962
42240
43509
44846
46217
47611
49062
50543
52060
53621
55184
56927
58706
60475
62311
64121
66060
68070
70208
72305
74490
76741
79060
81396
83845
86391
89037
91761
94532
97435
100321
103346
106350
109562
112845
116229
119772
123384
127051
130750
134582
138719
143030
147415
151812
156410
160934
165718
170708
175802
181228
186641
192381
198231
204382
210642
217062
223650
230427
237355
244522
251949
259522
267302
275420
283820
292421
301267
310321
319615
329367
339369
349775
360336
371187
382340
393831
405701
417859
430645
443504
456822
470741
484920
499545
514628
530045
546007
562674
579667
597097
615164
633561
652666
672513
692683
713529
735200
757259
779949
803467
827619
852580
878187
904721
931899
960078
989147
1019171
1050152
1081687
1114091
1148027
1182829
1218507
1255160
1292681
1331448
1371756
1412812
1455503
1499414
1544698
1591397
1639132
1688483
1739600
1792045
1845852
1900985
1958856
2017875
20598
21187
21849
22518
23233
23930
24654
25385
26145
26970
27758
28641
29502
30393
31326
32284
33272
34273
35295
36365
37408
38474
39617
40845
42124
43354
44633
45945
47354
48876
50347
51856
53406
55016
56640
58287
60056
61880
63782
65751
67721
69848
71993
74187
76490
78785
81136
83604
86114
88674
91331
94097
96926
99838
102954
106139
109348
112625
116049
119433
123045
126880
130679
134623
138696
142872
147119
151390
155909
160618
165420
170412
175458
180737
186323
191886
197780
203744
209903
216350
222927
229851
236705
243724
251162
258845
266523
274437
282754
291351
300242
309338
318864
328560
338308
348494
359055
369966
381013
392463
404689
416978
429631
442701
456153
469955
484022
498686
513589
529055
545046
561327
578210
595926
614147
632941
652137
671714
691853
712799
734065
756042
778853
802676
826828
851790
877715
904170
931270
959273
988675
1018696
1049589
1081261
1113949
1147567
1182224
1218103
1254937
1293455
1332907
1373477
1415133
1457861
1501911
1547588
1594494
1642598
1692121
1743464
1796221
1850537
1906477
1964063
2023666
20860
21512
22171
22843
23566
24272
25015
25845
26668
27501
28360
29274
30170
31068
31993
32957
33937
34961
36040
37115
38254
39309
40499
41729
43010
44301
45531
46929
48418
49863
51345
52898
54526
56181
57960
59685
61517
63345
65363
67304
69382
71499
73696
75930
78200
80528
82889
85259
87961
90590
93315
96104
99023
102093
105063
108346
111602
114954
118358
121930
125628
129413
133358
137411
141650
146019
150501
155123
159817
164735
169743
174820
180075
185510
191074
196899
202938
209226
215501
222104
228828
235732
242979
250293
257896
265622
273602
281835
290545
299265
308281
317741
327372
337269
347478
358054
368768
380003
391516
403775
416045
428617
441768
455154
468923
483044
497698
512824
528482
544122
560793
577813
595310
613293
631869
651108
670878
691314
712452
734171
756280
779235
803029
827797
853243
879084
905598
933277
961710
990966
1021105
1052154
1083818
1116591
1150315
1185090
1221095
1257815
1296115
1334922
1375590
1417852
1461127
1505461
1551093
1597829
1646265
1696481
1748004
1801095
1855484
1911719
1969856
2029239
21184
21845
22513
23187
23911
24638
25436
26204
26972
27784
28616
29482
30326
31261
32179
33117
34137
35185
36215
37267
38425
39671
40858
42092
43424
44780
46128
47565
49042
50517
52024
53647
55294
56997
58706
60547
62430
64388
66363
68281
70336
72510
74692
76979
79328
81723
84181
86697
89373
92136
94937
97817
100738
103743
106888
110127
113529
116875
120425
124056
127833
131698
135623
139770
144083
148492
152958
157554
162364
167412
172576
177936
183197
188818
194542
200514
206736
212877
219479
226167
232897
239964
247217
254670
262269
270242
278409
286822
295445
304422
313826
323471
333267
343450
353979
364683
375825
387503
399341
411442
423901
437041
450244
463836
477885
492497
507288
522794
538587
554938
571717
589098
606960
625460
644391
663972
684082
704756
726196
748258
770870
794069
818280
843008
868596
894819
922081
949774
978369
1007988
1038570
1070508
1103440
1136806
1171220
1206774
1243346
1281196
1320170
1360517
1401928
1444648
1488601
1533843
1580364
1628429
1677878
1728999
1781430
1835912
1891540
1949142
2008341
20941
21614
22234
22908
23586
24335
25040
25792
26576
27332
28129
29027
29904
30825
31775
32753
33771
34815
35913
36959
38058
39254
40479
41681
42964
44269
45644
47019
48464
49938
51500
53038
54602
56217
57917
59624
61443
63345
65272
67190
69178
71258
73467
75683
77987
80396
82816
85244
87875
90557
93253
96122
99079
102002
105207
108374
111596
114947
118397
121915
125644
129440
133402
137474
141674
146045
150478
154981
159706
164484
169478
174603
180020
185432
191063
196994
202943
209155
215541
222010
228699
235581
242823
250231
257868
265704
273661
282078
290660
299546
308645
318041
327476
337398
347566
358063
368982
380308
391776
403602
415914
428553
441551
454947
468632
482890
497715
512833
528407
544482
561062
577937
595458
613607
632181
651452
671137
691762
712932
734668
756756
779627
803459
827678
852495
878546
905234
932766
961023
990317
1020659
1051721
1083425
1116098
1149742
1185014
1221008
1258215
1296373
1335895
1376685
1418888
1462024
1506579
1552421
1599802
1648598
1698989
1750731
1803765
1858660
1915225
1973770
2033756
20907
21519
22191
22866
23553
24246
25015
25792
26602
27417
28311
29199
30120
31009
31987
32976
34004
35082
36129
37245
38417
39587
40816
42056
43397
44736
46041
47395
48818
50258
51874
53459
54989
56621
58328
60051
61912
63823
65788
67767
69798
71894
74051
76212
78547
80894
83396
85942
88540
91195
94009
96837
99748
102855
106002
109247
112478
115942
119454
123106
126807
130753
134859
139071
143300
147767
152349
157025
161631
166606
171750
177031
182397
187841
193546
199501
205638
211964
218363
224907
231786
238874
246045
253612
261383
269288
277419
285828
294364
303235
312507
321915
331734
341951
352361
363207
374122
385520
397251
409418
421962
434784
448021
461564
475476
489959
504679
520189
536032
552292
569235
586521
604318
622591
641829
661478
681562
702583
724003
746114
768724
792182
816430
841191
866921
893432
920895
948668
977571
1007554
1038260
1069904
1102290
1135815
1170197
1205836
1242491
1280716
1319751
1360060
1401669
1443867
1487860
1533257
1579901
1627739
1677336
1728578
1780736
1835005
1891199
1949012
2008593
20678
21295
21994
22674
23376
24077
24800
25590
26368
27180
28032
28904
29738
30618
31577
32615
33580
34577
35614
36700
37802
38963
40121
41410
42651
44026
45381
46765
48183
49725
51202
52759
54305
55916
57630
59469
61314
63100
65075
67123
69123
71244
73489
75754
78092
80456
82945
85362
88016
90827
93582
96393
99404
102436
105627
108896
112240
115605
119137
122625
126304
130133
134086
138258
142422
146745
151186
155703
160516
165395
170489
175581
180997
186596
192409
198370
204432
210677
217045
223691
230460
237341
244654
252269
259953
267918
276123
284576
293174
302056
311175
320702
330460
340443
350814
361477
372431
383555
395221
407234
419581
432344
445374
458844
473031
487356
502334
517605
533148
549294
566410
583860
601516
620052
639034
658359
678248
698806
719881
741946
764821
788249
812445
837451
863324
889578
916415
944618
973042
1002800
1033201
1064564
1096804
1130502
1164937
1200548
1237285
1274748
1313146
1352993
1394502
1437247
1480936
1525800
1572689
1620726
1670151
1721101
1773395
1827324
1882919
1940155
1999169
2060085
21164
21806
22473
23175
23854
24608
25347
26117
26946
27773
28652
29535
30440
31361
32387
33357
34371
35399
36516
37680
38855
39991
41209
42552
43814
45144
46468
47898
49313
50747
52331
53956
55628
57343
59148
60939
62808
64724
66693
68723
70847
73057
75288
77578
79990
82418
84941
87481
90090
92767
95557
98457
101406
104552
107680
110908
114235
117684
121379
125212
128963
132815
136879
141036
145290
149736
154190
158740
163623
168572
173784
179251
184784
190346
196184
202152
208270
214568
221177
227914
234884
241984
249248
256811
264778
272921
281217
289698
298379
307345
316573
326276
336206
346517
356822
367528
378750
390323
402150
414592
427193
439866
453230
467046
481247
495829
511026
526707
542815
559464
576439
593654
611712
630233
649351
669303
689708
711003
732723
755216
777912
801642
825995
851039
876900
903737
931127
959478
988642
1018848
1050196
1082404
1115613
1149710
1184846
1221070
1258117
1296312
1335839
1376546
1418174
1461296
1505763
1551509
1598978
1647898
1698160
1750439
1804202
1859156
1915972
1974374
2034927
20912
21567
22196
22844
23508
24247
24984
25762
26526
27364
28200
29037
29921
30867
31821
32774
33707
34703
35712
36811
37931
39051
40207
41429
42677
43956
45295
46664
48084
49542
51040
52656
54230
55883
57603
59277
61119
62978
64929
66933
68921
70984
73139
75429
77672
80011
82464
85041
87659
90277
93119
95924
98764
101792
104959
108099
111406
114780
118230
121828
125536
129325
133302
137409
141613
145834
150314
154866
159571
164423
169509
174710
180004
185610
191246
196944
202986
209270
215770
222265
229017
236079
243231
250714
258328
266138
274384
282624
291348
300265
309453
318856
328751
338876
349165
359813
370842
382265
393895
405833
418267
431105
444158
457713
471442
485928
500883
516254
532039
548335
565159
582456
600381
618795
637812
657043
676865
697473
718841
740740
763228
786589
810589
835328
860704
886987
914094
942348
971161
1000924
1031136
1062326
1094751
1128182
1163000
1198308
1235053
1272791
1311824
1351952
1392973
1435699
1479467
1524665
1571576
1619230
1668647
1719497
1772322
1826088
1881724
1939091
1998308
2059240
21288
21929
22608
23315
23967
24730
25516
26269
27004
27815
28674
29579
30468
31391
32349
33379
34354
35463
36544
37644
38812
40016
41232
42502
43779
45077
46482
47873
49310
50727
52301
53855
55488
57237
59037
60917
62759
64743
66711
68707
70771
73044
75205
77607
80040
82465
84994
87630
90265
93019
95831
98848
101863
104877
108081
111427
114820
118420
122086
125845
129730
133745
137784
141924
146259
150797
155455
160152
165088
170187
175364
180735
186311
192031
197835
203880
210163
216656
223320
230095
237224
244499
251876
259544
267518
275665
284126
292803
301816
311016
320450
330171
340226
350462
361100
372076
383421
395109
406975
419460
432229
445450
459009
472870
487420
502393
517657
533617
549955
566950
584273
601956
620545
639588
659075
679368
700107
721433
743614
766289
789796
813777
838920
864352
890907
917855
946134
975105
1004913
1035661
1067411
1099850
1133633
1168084
1203553
1240582
1278455
1317323
1358083
1399588
1442071
1485823
1531024
1577889
1626062
1675832
1727268
1780790
1834920
1890902
1948645
2008096
20579
21222
21880
22515
23183
23846
24595
25360
26133
26978
27790
28590
29434
30376
31264
32200
33253
34267
35301
36378
37467
38611
39782
40989
42233
43533
44833
46293
47707
49097
50499
52043
53590
55226
56903
58781
60607
62518
64436
66397
68422
70493
72615
74893
77204
79510
81950
84498
86997
89707
92536
95450
98491
101528
104549
107740
111028
114410
117866
121496
125121
128974
132968
136979
141277
145547
150001
154582
159300
164129
169162
174260
179586
185085
190707
196448
202412
208590
214900
221468
228096
235170
242211
249592
257208
265106
273150
281430
290099
298990
308076
317535
327245
337201
347636
358202
369058
380323
391850
404002
416469
429210
442373
455783
469551
483971
498663
513878
529664
545912
562587
579644
597436
615576
634438
653719
673686
694265
715683
737611
759738
782972
806681
831354
856647
882895
909737
937273
965933
995374
1025814
1057124
1089539
1122870
1157283
1192821
1228881
1266319
1305223
1345166
1386222
1428540
1472137
1517096
1563537
1611081
1660348
1711103
1763234
1817338
1872592
1930089
1988917
2049110
21136
21797
22470
23161
23874
24603
25373
26144
26963
27751
28648
29541
30458
31377
32334
33305
34293
35310
36421
37516
38605
39773
40973
42241
43524
44866
46222
47644
49102
50656
52159
53682
55317
56969
58736
60468
62435
64283
66277
68260
70414
72540
74706
77083
