102618
105388
108092
110828
113865
116957
120024
123216
126519
129951
133370
136902
140487
144187
147966
151967
156058
160290
164629
169095
173510
178175
183035
187845
192896
198100
203413
208755
214361
220259
226230
232220
238504
244994
251548
258259
265190
272255
279591
287084
294721
302600
310866
319210
327633
336534
345560
354759
364289
374072
384323
394770
405324
416213
427513
439122
451060
463320
475893
488844
502040
515754
529686
544050
558677
573715
589205
605395
621724
638433
655584
673516
691873
710622
729817
749769
770215
791192
812646
834857
857524
880732
904844
929728
955086
981188
1007805
1035216
1063281
1092229
1122010
1152627
1184391
1216827
1249830
1284074
1319380
1355443
1392389
1430222
1469826
1509750
1551295
1594050
1637438
1682463
1728108
1775202
1823949
1873888
1925181
1978011
2032089
21064
21636
22262
22864
23507
24159
24814
25506
26236
26946
27634
28393
29146
29975
30858
31725
32586
33520
34380
35336
36313
37257
38325
39404
40459
41483
42613
43822
45043
46294
47623
48953
50285
51684
53123
54562
56122
57678
59295
60911
62621
64411
66155
68071
69961
71888
73861
75966
78046
80215
82477
84771
87258
89722
92135
94718
97412
100186
102941
105836
108893
111880
115023
118213
121388
124841
128351
131988
135542
139382
143337
147277
151378
155463
159889
164493
169027
173729
178792
183888
189055
194455
199997
205529
211345
217296
223362
229719
236243
242952
249771
256914
264240
271715
279351
287168
295316
303683
312297
321207
330219
339594
349101
358839
369170
379520
390523
401557
412987
424687
436712
449109
461947
475277
488678
502542
516791
531401
546471
561921
577981
594303
611164
628451
646445
664751
683649
702993
723132
743650
764706
786368
808744
831667
855479
879934
904980
931029
957838
985477
1013768
1042648
1072371
1102957
1134217
1166770
1200124
1234443
1269817
1305992
1343305
1381563
1421113
1461666
1503284
1546238
1590801
1636604
1683729
1731979
1782003
1833265
1885711
1940322
1995803
2053458
21137
21761
22392
23045
23685
24402
25091
25812
26553
27296
28129
28985
29862
30740
31560
32494
33438
34415
35433
36485
37555
38590
39701
40809
41989
43139
44395
45703
46968
48318
49754
51271
52754
54283
55844
57528
59194
60848
62570
64419
66298
68262
70263
72275
74281
76407
78603
80898
83174
85509
87912
90492
93211
95966
98711
101543
104491
107539
110645
113974
117302
120800
124363
128039
131759
135703
139684
143762
148007
152244
156637
161191
165864
170699
175662
180762
186181
191722
197245
203024
208986
215068
221227
227772
234409
241277
248420
255655
263129
270920
278662
286610
294931
303400
312387
321504
330996
340641
350624
360718
371359
382295
393407
405002
416783
429055
441615
454529
467931
481565
495813
510495
525568
540996
557017
573472
590153
607614
625452
643654
662927
682425
702392
723231
744790
766717
789106
812499
836334
860800
886427
912562
939598
967614
996409
1026125
1056761
1088350
1120433
1153489
1187533
1222470
1258842
1295971
1334730
1374111
1414921
1456963
1499941
1544828
1590319
1637757
1686095
1736568
1788031
1840980
1895685
1951898
2010422
20938
21546
22169
22830
23569
24258
24991
25739
26542
27348
28168
28995
29831
30701
31624
32572
33559
34569
35626
36692
37802
38926
40101
41248
42509
43720
45066
46370
47702
49113
50618
52248
53785
55381
57016
58808
60664
62495
64336
66252
68288
70340
72418
74549
76758
79104
81465
83920
86417
89079
91761
94595
97374
100276
103263
106390
109505
112770
116129
119554
123152
126924
130756
134707
138835
142986
147271
151711
156297
161030
165841
170852
176079
181343
186749
192335
198191
204286
210398
216824
223490
230312
237265
244330
251761
259346
267257
275227
283625
292179
301057
310031
319475
329068
339027
349369
360030
371095
382381
393961
405927
418363
431176
444067
457671
471627
485941
500726
515845
531325
547179
563653
580614
598315
616333
635214
654356
674288
695006
715997
737688
760220
783397
807195
831761
857137
883206
910053
937992
966870
996402
1026839
1058037
1090250
1123494
1157737
1192871
1229314
1266925
1305651
1345445
1386430
1429084
1472941
1518201
1564397
1612274
1662113
1713110
1765393
1819634
1875260
1932862
1991830
2052931
21500
22154
22779
23483
24227
24955
25717
26453
27317
28174
29095
29988
30912
31847
32851
33848
34867
35936
37037
38162
39342
40517
41736
42994
44330
45692
47132
48554
50095
51627
53253
54894
56607
58348
60137
62030
63953
65969
67980
70070
72153
74424
76708
79053
81564
84081
86731
89448
92261
95138
98102
101164
104238
107534
110869
114306
117779
121400
125080
128940
132889
136993
141171
145434
150067
154760
159526
164536
169652
174949
180335
186064
191912
197803
203843
210248
216845
223557
230560
237827
245288
253047
261019
269127
277488
286110
295102
304157
313606
323579
333805
344165
354864
365972
377509
389404
401547
414084
426973
440430
454209
468582
483135
498369
514069
530165
546827
563944
581614
599852
618717
638102
658307
678920
700229
722072
744633
767880
792066
816700
842436
868870
895920
923949
953171
983193
1014145
1046083
1079024
1113211
1147959
1184017
1221607
1260064
1299723
1340520
1382630
1425957
1471062
1517383
1565280
1614376
1665245
1717523
1771482
1827579
1885380
1944860
2006266
20790
21431
22151
22846
23596
24291
25076
25843
26568
27378
28215
29132
30093
31041
31965
32999
34072
35176
36311
37472
38715
39972
41262
42571
43896
45233
46697
48134
49728
51263
52905
54674
56459
58268
60098
61937
63872
65839
67973
70061
72329
74588
76916
79303
81804
84505
87215
89997
92840
95843
98882
101998
105226
108640
112165
115777
119439
123225
127119
131183
135382
139651
144010
148665
153521
158443
163573
168741
174232
179862
185469
191480
197578
203929
210341
217189
224192
231219
238600
246083
253718
261877
270106
278756
287590
296812
306274
316062
326166
336409
347077
358230
369758
381537
393903
406664
419649
433290
447311
461658
476328
491640
507275
523671
540396
557547
575502
593870
612905
632925
653006
674103
695839
718313
741444
765192
789740
815390
841793
868729
896758
925623
955514
986248
1017923
1050411
1084122
1119005
1154977
1192409
1231060
1270709
1311456
1353383
1397194
1442149
1488675
1536773
1586223
1636684
1689036
1743595
1799771
1858035
1918028
1980033
2043637
20985
21664
22359
23094
23826
24595
25351
26119
26978
27876
28849
29805
30760
31730
32748
33828
34902
36038
37236
38434
39710
40942
42300
43660
45083
46559
48084
49601
51136
52826
54489
56244
58091
59988
61929
63900
65925
68061
70215
72541
74898
77358
79816
82391
85018
87736
90645
93540
96565
99687
102922
106245
109697
113271
117126
120973
124939
129022
133183
137458
141874
146533
151389
156272
161297
166699
172165
177629
183312
189200
195419
201584
208178
214982
222037
229345
236912
244653
252638
260978
269569
278252
287238
296832
306645
316756
327132
337774
349017
360507
372498
384733
397264
410439
423780
437514
452084
466901
482239
497891
514222
531122
548660
566639
585275
604508
624274
644818
665963
687708
710109
733109
757187
782178
807859
834263
861724
890048
919350
949522
980696
1012904
1046301
1080663
1116071
1153039
1190883
1229978
1270494
1312352
1355450
1400055
1445864
1493375
1542437
1593105
1645450
1699942
1756022
1814065
1873898
1935130
1998501
2064164
21090
21800
22482
23232
24004
24837
25691
26555
27432
28382
29307
30280
31305
32356
33437
34570
35664
36857
38158
39392
40753
42121
43483
45033
46456
47915
49519
51123
52795
54554
56344
58218
60184
62156
64120
66273
68417
70664
73050
75337
77860
80385
83067
85778
88565
91504
94528
97636
100924
104256
107730
111217
114820
118573
122559
126593
130907
135176
139704
144364
149073
154003
159123
164478
169936
175601
181411
187442
193597
199784
206404
213253
220529
227816
235268
243287
251395
259714
268454
277301
286340
295757
305517
315779
326292
337103
348300
359738
371542
384144
397152
410232
423905
438027
452655
467661
483037
499205
515863
533015
550869
569096
587883
607531
627595
648522
670282
692595
715486
739170
763578
789065
815043
841975
869845
898899
929078
959658
991510
1024467
1058417
1093965
1130405
1168256
1206949
1246953
1288586
1331287
1375610
1421781
1469252
1517883
1568143
1620019
1674134
1729705
1787186
1846705
1908284
1971955
2037760
21116
21807
22542
23324
24087
24884
25667
26480
27341
28299
29247
30215
31183
32228
33279
34313
35459
36647
37886
39116
40437
41899
43264
44746
46167
47616
49261
50875
52551
54271
56157
58035
59948
61937
63986
66158
68391
70683
73045
75508
78007
80576
83232
86077
88900
91880
95015
98156
101466
104809
108178
111800
115564
119312
123375
127358
131558
135945
140605
145091
149902
154880
160047
165335
170834
176508
182435
188586
194859
201340
208244
215283
222336
229834
237453
245372
253557
262166
270878
279871
289132
298833
308770
319016
329648
340741
352151
363802
376023
388855
401845
415229
429349
443874
458778
473952
489704
506150
523289
540889
558907
577581
596835
617017
637719
659143
680931
703664
727092
751670
776935
803085
830042
857813
886630
916206
946893
978497
1010854
1045034
1079657
1115972
1153170
1191904
1231815
1272986
1316015
1360298
1405968
1452906
1501470
1551666
1603430
1657397
1712915
1769911
1829479
1890785
1954079
2019547
20863
21623
22349
23120
23906
24690
25525
26400
27272
28195
29104
30097
31112
32184
33217
34289
35478
36681
37880
39164
40423
41774
43182
44641
46153
47688
49328
50997
52676
54456
56370
58216
60157
62148
64323
66514
68700
71081
73427
75856
78462
81035
83797
86600
89416
92403
95433
98604
102075
105408
108893
112578
116361
120296
124396
128608
132974
137419
142001
146877
151813
156938
162244
167676
173371
179346
185436
191637
197900
204466
211276
218406
225649
233163
240809
248884
257241
265852
274811
283848
293476
303430
313588
324147
335169
346655
358273
370159
382812
395746
409104
422882
437182
451824
466726
482570
498652
515638
532920
551026
569472
588421
608131
628491
649626
671444
694066
717551
741941
766991
793176
819963
847526
876304
906080
936622
968032
1000691
1034570
1069112
1105168
1142338
1180971
1220901
1262153
1304550
1348562
1394365
1441417
1490364
1540383
1592558
1646225
1702004
1758991
1818004
1879065
1942327
2007906
20808
21521
22262
22979
23737
24518
25325
26162
27067
27986
28966
29971
30997
32039
33105
34193
35318
36558
37754
38937
40245
41606
43007
44454
45926
47514
49083
50747
52474
54224
56134
58048
60008
62022
64193
66452
68647
70943
73327
75886
78394
81027
83776
86613
89563
92620
95817
99126
102449
105965
109649
113442
117299
121187
125241
129401
133917
138319
142965
147876
152853
158043
163412
168823
174525
180381
186577
192867
199416
206060
212960
220222
227714
235486
243471
251573
259990
268669
277791
287249
296979
307079
317558
328381
339387
350871
362766
375023
387736
400939
414599
428436
442853
457723
473234
489277
505787
522983
540682
559028
577900
597312
617488
638309
659979
682208
705237
729184
753724
779176
805560
832675
860615
889568
919589
950794
982834
1016211
1050570
1086150
1122852
1160739
1199908
1240572
1282202
1325644
1370282
1416729
1464767
1514414
1565279
1618182
1672378
1728988
1787883
1848396
1910882
1975307
2042302
21260
21962
22738
23492
24337
25137
25971
26849
27730
28622
29646
30593
31609
32705
33756
34889
36080
37316
38560
39842
41199
42684
44129
45603
47131
48800
50468
52230
53990
55783
57719
59656
61758
63806
65956
68272
70585
72939
75450
77960
80700
83502
86329
89225
92240
95437
98649
102022
105506
109050
112661
116469
120341
124444
128582
132948
137363
142125
146911
151912
157030
162205
167648
173360
179169
185335
191660
198161
204836
211706
218885
226229
233768
241494
249646
258036
266815
275861
285239
294914
304765
315082
325632
336727
348140
360066
372195
384691
397848
411308
425236
439470
454459
470008
486005
502569
519660
537332
555400
574427
593789
613868
634657
656047
678178
701230
724948
749474
774770
801092
827942
856161
884835
914859
945797
977798
1011027
1045203
1080568
1116959
1154941
1193664
1234189
1275852
1318989
1363740
1410229
1457921
1507437
1558417
1611258
1665825
1722783
1781238
1841788
1904326
1968460
2035057
20891
21570
22334
23120
23907
24710
25506
26337
27237
28126
29101
30041
31069
32130
33233
34324
35462
36622
37926
39186
40502
41923
43365
44772
46279
47814
49374
50998
52736
54579
56430
58355
60369
62374
64582
66868
69089
71509
73895
76442
78993
81695
84490
87351
90299
93470
96588
99766
103213
106727
110350
114116
117998
122064
126157
130501
134878
139409
144053
148986
154074
159269
164632
170163
175869
181784
187902
194293
200707
207547
214453
221619
229191
236970
245009
253368
261909
270812
279858
289501
299518
309572
320173
330847
342210
353649
365539
378110
390882
404068
417620
431989
446541
461643
477332
493376
510137
527586
545606
563964
583016
602763
623261
644501
666320
688887
712162
736404
761268
787182
813872
841346
869838
899341
929907
961447
994314
1028074
1063004
1099121
1136307
1175432
1215444
1256461
1299046
1342870
1388657
1435915
1484266
1534158
1585964
1639564
1695292
1753030
1812079
1872827
1936223
2001949
20608
21285
21984
22720
23519
24305
25073
25949
26775
27662
28561
29513
30538
31568
32598
33638
34827
36040
37216
38493
39792
41115
42503
43922
45381
46920
48512
50204
51977
53751
55566
57513
59526
61485
63505
65728
67987
70303
72688
75210
77777
80436
83141
86008
88852
91818
94889
98144
101422
104872
108396
112211
115963
119856
123976
128201
132511
137078
141746
146488
151549
156641
162035
167507
173145
179110
185365
191505
197920
204557
211425
218542
225812
233418
241292
249625
258003
266865
276047
285394
295152
305239
315603
326367
337238
348648
360422
372727
385312
398256
411764
425904
440364
455398
470640
486706
503140
520261
537875
556030
575003
594406
614696
635801
657122
679528
702529
726351
751113
776581
802908
830200
858291
887289
917283
948309
980713
1013945
1048696
1084155
1120893
1158950
1198578
1239288
1281454
1324712
1369400
1415746
1463953
1513537
1565056
1618380
1672834
1729161
1787808
1848389
1911073
1976058
2043719
21112
21780
22528
23295
24046
24880
25688
26561
27429
28352
29318
30312
31325
32389
33493
34638
35784
36994
38305
39600
40949
42357
43833
45219
46776
48328
49948
51561
53336
55176
57051
58990
61075
63161
65276
67482
69739
72134
74567
77004
79695
82414
85237
88132
91071
94121
97229
100563
104028
107504
111100
115018
118996
123025
127278
131515
135922
140541
145317
150386
155447
160711
166112
171743
177597
183701
189985
196337
202875
209824
216906
224228
231867
239620
247863
256124
264653
273542
282659
292251
302265
312558
323131
334305
345511
357316
369477
382129
395197
408513
422453
436958
451726
467185
483052
499415
516453
533959
552265
570728
589891
609923
630557
651992
674068
696914
720428
744780
769984
796044
823138
851100
879928
909734
940723
972671
1005743
1039740
1075186
1111573
1149368
1188358
1229008
1270713
1314043
1358722
1404738
1452106
1501362
1552273
1604707
1659481
1715751
1773827
1834015
1896490
1960845
2027646
20869
21638
22357
23064
23863
24680
25533
26411
27285
28216
29188
30167
31220
32345
33459
34575
35695
36903
38192
39525
40804
42208
43696
45224
46815
48438
50159
51845
53639
55448
57350
59276
61313
63365
65574
67707
70002
72444
74869
77413
80098
82904
85703
88570
91621
94796
97995
101223
104702
108259
111914
115762
119669
123703
127819
132154
136744
141317
146156
151169
156059
161441
167005
172617
178585
184650
190873
197227
203875
210787
217756
225241
232974
240958
249214
257721
266612
275683
284774
294627
304651
314731
325315
336357
347847
359613
371762
384381
397649
411141
425075
439454
454457
469821
485919
502358
519443
537095
555361
574009
593481
613550
634703
656383
678496
701735
725379
750175
775661
802058
829432
857419
886451
916411
947846
979788
1013436
1048128
1083771
1120581
1158279
1197743
1238228
1280635
1324124
1368784
1415277
1463312
1513197
1564640
1617583
1672642
1729481
1788173
1849019
1911917
1976949
2043638
20930
21621
22425
23169
23943
24756
25612
26497
27388
28327
29369
30320
31293
32306
33413
34558
35740
36995
38306
39592
40939
42266
43626
45168
46702
48343
49968
51744
53465
55267
57109
58980
61028
63140
65190
67418
69692
72139
74602
77108
79671
82363
85148
88081
91087
94123
97284
100552
104015
107504
111101
114808
118728
122815
127029
131375
135981
140516
145255
150080
155156
160491
166060
171779
177617
183578
189779
196067
202802
209826
217004
224419
232158
240023
248146
256567
265386
274395
283665
293327
303159
313377
323985
335042
346404
358096
370351
382897
395752
409120
422845
437198
452328
467696
483571
499860
516953
534644
552664
571210
590798
610890
631756
653339
675507
698552
722366
746896
772403
798738
825905
854154
883203
913322
944502
976801
1009813
1043883
1079445
1116078
1153892
1192970
1233489
1275256
1318634
1363538
1409823
1457430
1506726
1557571
1610184
1664933
1721687
1779818
1840485
1903280
1967797
2034785
20931
21647
22409
23141
23946
24756
25653
26513
27401
28386
29393
30418
31449
32491
33646
34746
35934
37136
38365
39628
40996
42358
43786
45317
46849
48451
50090
51793
53619
55444
57416
59355
61380
63425
65602
67824
70051
72504
74962
77487
80154
82866
85733
88714
91776
94937
98247
101623
105087
108685
112393
116183
120080
124171
128370
132690
137320
141973
146798
151796
156893
162218
167823
173433
179342
185504
191801
198318
204916
211794
218987
226401
234009
241983
250182
258686
267532
276686
286172
295847
305900
316378
327069
337980
349336
361164
373467
386177
399220
412763
426719
441246
456320
471834
487781
504552
521712
539623
558073
577123
596639
616980
638094
659879
682141
705283
729380
754585
780135
806887
834260
862512
892054
922420
953659
986097
1019699
1054250
1089904
1126961
1165187
1205089
1246175
1288781
1332776
1378021
1424954
1473480
1523564
1575306
1628469
1684000
1741476
1800556
1861504
1924760
1990402
2057879
21392
22112
22876
23632
24509
25341
26210
27090
28049
29026
30032
31050
32136
33228
34366
35530
36707
37953
39334
40661
42024
43437
44940
46498
48115
49708
51400
53214
55007
56915
58872
60834
62989
65108
67340
69654
72062
74624
77023
79677
82473
85239
88162
91152
94264
97366
100687
104089
107589
111259
114991
118791
122872
127020
131316
135793
140431
145134
150138
155090
160334
165962
171674
177530
183470
189655
196166
202859
209984
217122
224446
232135
240009
248262
256814
265739
274911
284157
293704
303742
314158
324781
335838
347160
358944
371095
383802
396869
410191
424060
438423
453289
468781
484574
501368
518584
536242
554466
573261
592774
612878
633695
655131
677182
700145
723968
748554
774112
800281
827499
855877
884502
914451
945479
977773
1010834
1045291
1080724
1117541
1155535
1194921
1235491
1277544
1320851
1365617
1411711
1459824
1509373
1560630
1613693
1668441
1725374
1783849
1844190
1907276
1972175
2039377
21204
21900
22667
23435
24258
25080
25995
26931
27833
28794
29758
30761
31849
32928
34037
35289
36514
37751
39063
40471
41903
43307
44723
46244
47837
49496
51233
52971
54731
56685
58584
60553
62556
64686
66907
69256
71626
74152
76690
79262
81913
84710
87637
90557
93552
96726
100000
103330
106783
110433
114257
118248
122334
126439
130808
135180
139842
144623
149576
154493
159754
165193
170984
176871
182964
189263
195695
202226
209190
216480
224020
231558
239234
247369
255932
264764
273720
283029
292687
302691
312986
323818
334747
346140
357975
369879
382582
395543
408981
422859
437221
451913
467147
483119
499612
516671
534317
552428
571037
590287
610288
631260
652595
674583
697173
721007
745802
771178
797621
824593
852628
881530
911178
942240
974097
1007139
1041152
1076590
1113099
1150745
1189903
1230255
1272255
1315337
1359899
1406735
1455110
1504460
1555754
1608511
1663128
1719773
1778140
1838725
1901680
1966756
2033670
21181
21947
22686
23470
24265
25094
25970
26847
27705
28657
29663
30645
31656
32760
33889
35029
36212
37432
38714
40010
41334
42734
44063
45497
47038
48678
50389
52141
53908
55695
57635
59661
61653
63745
65958
68188
70472
72888
75346
78045
80627
83248
86082
88989
91934
95074
98299
101599
105067
108477
112122
115877
119833
123891
128140
132519
136970
141639
146513
151421
156506
161776
167230
172877
178727
184809
191009
197511
204221
211164
218298
225829
233482
241292
249406
257985
266657
275729
285031
294716
304750
315156
325903
337131
348621
360430
372894
385578
398700
412229
426338
440727
455665
471153
487125
503812
521129
538844
556949
575909
595402
615965
637028
658809
681100
704423
728331
752913
778735
805082
832342
860601
889677
919648
950790
983169
1016486
1050973
1086763
1123776
1162123
1201821
1242740
1285244
1328963
1374354
1421087
1468990
1518953
1570509
1624203
1679235
1736329
1795220
1856596
1919995
1984957
2051835
21246
21935
22696
23462
24250
25107
25938
26859
27771
28738
29721
30759
31853
32910
33985
35177
36359
37590
38844
40190
41517
42967
44454
45963
47545
49205
50885
52573
54376
