102646
105381
108144
111010
113938
116927
120001
123122
126397
129788
133186
136803
140486
144246
148070
152078
156154
160363
164652
169143
173729
178457
183159
187988
193102
198211
203497
208929
214584
220265
226055
232044
238249
244602
251212
257914
264918
272042
279401
286876
294541
302421
310519
318774
327372
336133
345100
354470
363904
373786
383775
393971
404624
415454
426605
438129
450029
462292
474695
487616
500837
514410
528495
542802
557592
572894
588299
604472
620655
637562
654671
672509
690883
709594
728765
748477
768591
789416
810841
832858
855751
878970
902777
927432
952703
978736
1005408
1032681
1060844
1089630
1119309
1149751
1181138
1213433
1246260
1280191
1315343
1351431
1388237
1425931
1464867
1505035
1546228
1588731
1632171
1676748
1722702
1769937
1818598
1868492
1919762
1972574
2026798
20849
21421
22000
22584
23242
23922
24584
25250
25983
26732
27455
28188
28957
29759
30585
31433
32315
33178
34066
34975
35937
36951
37980
39025
40137
41214
42315
43464
44721
46018
47338
48630
50068
51480
52929
54376
55844
57471
59125
60743
62404
64119
65922
67772
69706
71689
73623
75605
77719
79841
82050
84358
86715
89177
91658
94171
96802
99513
102302
105098
108046
111090
114279
117519
120602
124010
127489
130894
134644
138417
142260
146207
150418
154643
158928
163409
168082
172810
177794
182684
187812
193057
198454
204038
209600
215519
221582
227881
234141
240873
247742
254546
261810
269261
276868
284755
292797
301135
309606
318518
327536
336765
346181
355919
365920
376296
386803
397663
409023
420721
432854
445201
457939
470875
484464
498473
512530
526984
541894
557374
573155
589539
606419
623477
641206
659650
678352
697496
717274
737772
758805
780477
802842
825609
849335
873649
898790
924439
950999
978182
1006119
1034753
1064216
1094561
1125937
1158078
1191469
1225412
1260277
1296424
1333743
1372108
1411651
1452544
1494593
1537562
1581972
1627222
1674093
1722298
1771782
1823177
1875507
1929669
1985228
2042613
21020
21628
22225
22857
23516
24217
24874
25581
26320
27131
27915
28775
29623
30455
31341
32234
33122
34131
35115
36110
37122
38153
39261
40424
41627
42834
44046
45242
46470
47907
49277
50731
52187
53723
55301
56908
58556
60252
62041
63808
65673
67630
69593
71646
73820
75894
78133
80332
82634
85099
87637
90198
92851
95555
98422
101253
104277
107286
110373
113500
116915
120329
123823
127335
131072
134873
138874
143010
147114
151435
155777
160245
164966
169715
174811
179931
185303
190683
196342
202098
208010
214118
220375
226671
233245
240094
247141
254431
261912
269758
277487
285578
293940
302684
311450
320672
330218
339898
349878
360363
370884
381824
392944
404656
416606
428938
441768
455088
468435
482367
496627
511280
526440
541842
557755
574256
591151
608700
626718
645205
664093
683926
704136
725070
746455
768409
791598
815077
839000
863568
889236
915554
942575
970415
998931
1028942
1059254
1090286
1122753
1156058
1190246
1225576
1262324
1299802
1338383
1378375
1419084
1461559
1505141
1550099
1596671
1644038
1693396
1743822
1795578
1849415
1904771
1961787
2020521
20747
21360
22006
22619
23278
23970
24681
25415
26174
26968
27776
28634
29488
30397
31262
32156
33129
34187
35211
36292
37368
38463
39591
40716
41950
43206
44482
45801
47215
48644
50108
51660
53232
54820
56515
58208
59949
61679
63536
65445
67398
69450
71568
73740
75850
78228
80593
83036
85522
88144
90811
93582
96371
99338
102391
105453
108723
111951
115278
118657
122259
125923
129859
133779
137742
141887
146310
150716
155256
159942
164769
169703
174816
180189
185591
191204
196918
202769
208885
215362
221890
228566
235471
242633
249980
257693
265539
273664
282166
290715
299635
308799
318350
328035
338015
348288
358868
369781
381014
392467
404590
417007
429728
442835
456210
470022
484327
499187
514613
530509
546736
563655
581009
598707
616580
635491
654896
675236
695885
717040
739013
761573
784920
808902
833553
859043
885249
912273
940291
968841
998795
1029599
1061078
1093423
1127013
1161827
1197413
1234249
1272775
1311645
1351947
1393358
1435768
1479651
1525500
1572236
1620736
1670630
1721985
1775258
1830033
1886389
1944241
2003720
20567
21220
21837
22529
23225
23930
24642
25422
26207
26985
27854
28761
29608
30519
31408
32380
33362
34478
35543
36654
37710
38915
40149
41419
42727
44063
45472
46870
48324
49822
51348
52936
54597
56354
58051
59888
61769
63725
65751
67799
69822
71957
74199
76533
78918
81378
83983
86546
89159
91987
94831
97732
100726
103848
107079
110454
113881
117412
121027
124903
128844
132796
136888
141089
145301
149821
154472
159365
164296
169336
174628
180030
185607
191275
197335
203647
209939
216371
223037
230130
237302
244774
252412
260358
268491
277033
285525
294572
303734
313181
323107
333216
343658
354238
365581
376945
388954
401328
413953
426804
440280
454054
468272
483218
498415
514171
530127
546682
563750
581328
599596
618705
638031
658168
678770
700039
721984
744860
768286
792443
817451
843228
869930
897296
925663
954554
984474
1015259
1047297
1080544
1114951
1150081
1186100
1223263
1262098
1301956
1343040
1385670
1429640
1474787
1521797
1569982
1620086
1671324
1724066
1778316
1834908
1893139
1953233
2015350
20849
21500
22145
22791
23560
24300
25076
25860
26670
27498
28399
29286
30198
31180
32102
33159
34131
35255
36445
37593
38861
40053
41315
42583
43938
45363
46802
48309
49827
51521
53161
54806
56579
58380
60175
62128
64086
66171
68365
70584
72844
75082
77464
79923
82471
85107
87778
90555
93510
96499
99535
102673
105933
109292
112721
116388
120077
123836
127796
131743
135974
140400
144978
149753
154426
159447
164486
169672
175112
180750
186517
192426
198620
204957
211497
218342
225201
232472
239906
247537
255534
263884
272415
281243
290145
299414
309014
318771
329104
339682
350642
361668
373199
385047
397232
410203
423535
436940
451013
465319
480108
495712
511642
528075
544967
562561
580558
599205
618397
638471
659093
680433
702228
724954
748385
772492
797381
823235
849821
876970
905203
934392
964528
995748
1028289
1061504
1095695
1130941
1167213
1205138
1244083
1284503
1325867
1368549
1412653
1458168
1505143
1553686
1603571
1655282
1708867
1763834
1820725
1879547
1940476
2003125
20698
21382
22085
22804
23502
24213
24931
25691
26532
27401
28323
29223
30188
31161
32177
33252
34347
35518
36648
37847
39077
40363
41700
43028
44389
45906
47381
48897
50537
52206
53859
55589
57372
59293
61179
63096
65130
67295
69427
71714
74120
76535
78990
81549
84184
86988
89771
92652
95692
98761
101921
105302
108711
112316
115970
119635
123560
127525
131757
135956
140370
145059
149890
154894
159987
165093
170620
176277
182091
188043
194336
200613
207226
213912
221025
228390
235893
243620
251663
259879
268305
276876
286099
295461
305236
315222
325660
336384
347417
358881
370611
382581
395191
408288
421484
435249
449375
464021
479144
494798
510957
527794
545136
563173
581608
600801
620572
640908
661712
683457
705826
728870
752859
777449
802567
828942
856103
884475
913429
943426
974450
1006229
1039233
1073110
1108170
1144806
1182232
1220871
1260763
1302319
1344583
1388663
1433988
1481098
1529821
1579631
1631628
1685119
1740497
1797624
1856900
1918075
1981374
2046467
21106
21806
22567
23292
24083
24877
25730
26638
27524
28466
29414
30388
31370
32432
33499
34609
35776
36984
38185
39410
40730
42071
43473
44877
46343
47978
49691
51303
53056
54807
56617
58382
60318
62360
64334
66399
68493
70750
73066
75440
77944
80587
83266
85967
88809
91732
94751
97942
101141
104504
107990
111497
115159
118899
122880
126981
131197
135560
140130
144827
149563
154508
159516
164763
170316
176014
181882
187960
194266
200712
207289
214118
221274
228541
236201
244140
252236
260537
269138
278238
287527
297044
306969
317045
327475
338254
349501
361200
373250
385667
398549
411783
425484
439720
454369
469369
485046
501130
517842
535120
552832
571110
590181
609776
629794
651006
672680
694854
718101
741794
766584
792399
818654
845986
874215
902898
932748
963557
995761
1029100
1063768
1099047
1135621
1173122
1212368
1253074
1294620
1337701
1382371
1428351
1476009
1525136
1575471
1627800
1682109
1738362
1796817
1857043
1919257
1982934
2048375
21352
22068
22780
23573
24341
25149
25948
26832
27759
28736
29720
30701
31718
32751
33873
35056
36156
37353
38583
39812
41134
42448
43853
45396
46889
48409
50042
51718
53457
55269
57107
58922
61019
63038
65233
67442
69617
71949
74366
76815
79420
82058
84850
87564
90479
93485
96528
99807
103243
106689
110217
113959
117764
121662
125642
129833
134287
138668
143316
148145
152972
158045
163230
168826
174469
180469
186485
192738
199156
205881
212776
219764
227045
234410
242219
250213
258426
267002
276047
285045
294491
304385
314414
324837
335670
346853
358401
370352
382812
395582
408977
422856
437026
451651
466957
482799
499029
515679
533007
550772
569274
588300
607892
628421
649431
671348
693882
717338
741485
766502
792135
818705
846571
874853
904318
935110
966261
998379
1031751
1066610
1102286
1139650
1177961
1217599
1258591
1300710
1344053
1388926
1435200
1483295
1533519
1585392
1638309
1693591
1750583
1809742
1870095
1932973
1998081
2064954
21296
22052
22780
23537
24362
25229
26059
26946
27821
28800
29794
30789
31815
32877
34077
35252
36409
37694
38931
40197
41523
42942
44402
45935
47454
49039
50694
52393
54115
55929
57803
59681
61704
63686
65888
68111
70452
72784
75312
77837
80522
83226
85968
88951
91933
95023
98182
101365
104815
108397
112113
115983
119963
124019
128200
132471
136942
141429
146272
151140
156236
161415
166938
172518
178324
184319
190554
196980
203573
210485
217631
224949
232428
240275
248268
256680
265242
274302
283552
293031
302738
312852
323447
334416
345581
357196
369278
381542
394432
407802
421426
435650
450485
465695
481445
497560
514343
531581
549594
568279
587455
607338
627723
649036
671251
693817
717047
741341
766158
792178
818643
846184
874761
904285
934793
966306
999222
1032908
1067932
1104001
1141273
1179522
1219197
1260276
1302477
1346494
1391866
1439034
1487656
1537829
1589834
1643538
1698845
1756098
1815098
1876181
1939259
2004653
20829
21511
22250
22978
23702
24521
25371
26265
27164
28078
29005
29995
30993
32030
33142
34326
35530
36765
38003
39269
40638
41992
43407
44927
46454
48036
49662
51342
53123
54968
56877
58811
60812
62952
64990
67224
69439
71702
74139
76601
79153
81803
84566
87387
90318
93430
96644
99826
103157
106635
110153
113913
117619
121477
125594
129852
134220
138803
143551
148478
153563
158737
163996
169593
175291
181238
187421
193637
200250
207001
214025
221131
228790
236587
244597
252991
261622
270464
279386
288877
298737
308819
319250
330110
341339
352991
364935
377423
390246
403323
417136
431118
445628
460840
476637
492546
509233
526298
544050
562560
581468
601347
621679
642731
664326
686624
709821
733657
758082
783629
809986
837540
865917
895422
925638
956932
989541
1022989
1057745
1093765
1130592
1168775
1208522
1249631
1291661
1335271
1380419
1427217
1475299
1524990
1576481
1630141
1685253
1742179
1801514
1862677
1925879
1991001
2058429
21260
21963
22731
23529
24347
25174
26060
26955
27891
28778
29688
30632
31609
32731
33825
34967
36157
37384
38699
39918
41282
42660
44093
45559
47067
48626
50294
52039
53806
55601
57505
59539
61511
63610
65774
67976
70258
72648
75050
77595
80292
83003
85831
88829
91880
95054
98312
101627
105031
108537
112230
116037
119926
124030
128214
132396
136873
141434
146274
151190
156332
161691
167193
172968
178890
185004
191198
197560
204145
211038
218249
225655
233405
241382
249481
257897
266668
275810
285076
294707
304563
314824
325403
336389
347689
359357
371521
384082
397004
410443
424381
438672
453399
468958
484972
501375
518482
536120
554358
572965
592168
612192
632854
654245
676382
699117
722885
747201
772410
798534
825904
854030
882882
912734
943767
975821
1008647
1042990
1078354
1114597
1152065
1191563
1232131
1273915
1317054
1361567
1407768
1455435
1504533
1555072
1607937
1662107
1718131
1776028
1836462
1898290
1962855
2029403
21003
21714
22450
23199
24048
24833
25656
26565
27451
28312
29262
30258
31334
32383
33499
34570
35756
36964
38216
39516
40829
42206
43716
45177
46743
48321
49903
51581
53363
55203
57062
59108
61171
63187
65255
67488
69791
72105
74447
76891
79504
82240
85037
87916
90858
93969
97202
100560
103976
107501
111180
114918
118735
122864
126986
131327
135732
140384
145094
149995
155129
160272
165832
171252
176942
182909
189194
195438
202051
208794
215890
223123
230674
238449
246306
254587
263103
271913
281089
290680
300624
310856
321406
332314
343496
355052
367223
379744
392453
405891
419688
433853
448793
464077
479699
496067
512884
530178
548086
566356
585728
605640
626130
647392
669498
692413
715615
739616
764714
790811
817474
845040
873695
902938
933584
965418
998074
1031460
1066288
1102581
1139643
1178629
1218478
1259854
1302391
1346618
1392360
1439923
1488979
1539509
1591675
1645704
1701001
1758798
1818525
1880673
1944256
2010253
20810
21566
22300
23039
23822
24600
25411
26312
27193
28128
29062
30018
30978
32048
33142
34234
35383
36633
37893
39193
40535
41852
43306
44755
46298
47829
49465
51150
52836
54695
56564
58400
60378
62443
64556
66723
69011
71357
73813
76311
78839
81405
84151
87023
89977
92983
96186
99493
102902
106417
109937
113688
117504
121506
125619
129850
134303
138882
143515
148377
153526
158732
164063
169724
175376
181352
187614
194031
200709
207481
214358
221678
229092
236997
244861
253141
261731
270535
279756
289051
298859
308942
319493
330427
341427
352931
364955
377143
389822
402912
416744
430832
445545
460967
476756
492912
509717
526938
545085
563561
582608
602481
623023
644173
666275
688814
712491
736724
761767
787553
814455
841938
870753
900363
931041
962692
995455
1029177
1064029
1100266
1137475
1176337
1216085
1257222
1299890
1343900
1389577
1436867
1485658
1535898
1588218
1641941
1697755
1755253
1815294
1877040
1940548
2006646
20784
21511
22229
23002
23786
24574
25373
26229
27083
27980
28930
29949
30981
32035
33081
34168
35310
36441
37642
38936
40284
41583
43000
44464
45985
47538
49218
50837
52554
54375
56212
58140
60067
62036
64111
66290
68521
70917
73358
75831
78506
81092
83902
86810
89706
92818
95967
99191
102566
106068
109653
113373
117320
121382
125458
129730
134144
138669
143498
148370
153451
158666
163969
169565
175332
181228
187412
193685
200504
207306
214218
221552
229098
236862
244782
253210
261784
270609
279710
289170
298933
309119
319592
330354
341634
353370
365319
377756
390560
403741
417589
431841
446389
461406
477041
493001
509758
527232
545222
563657
582840
602631
623230
644468
666465
689003
712416
736588
761548
787253
813881
841885
870275
900024
930610
962132
994730
1028376
1063666
1099841
1137454
1175811
1215751
1256911
1299687
1343399
1389062
1436396
1485298
1535800
1588119
1641733
1697628
1755423
1815190
1877141
1941095
2007105
20577
21298
22019
22759
23524
24300
25151
25996
26878
27772
28709
29724
30728
31733
32830
33985
35121
36239
37456
38729
40041
41442
42827
44286
45783
47299
48892
50486
52190
53990
55854
57840
59793
61850
63979
66241
68532
70885
73270
75799
78345
80933
83722
86591
89492
92534
95722
98935
102209
105752
109324
112976
116876
120809
124817
129038
133446
138120
142769
147685
152681
157954
163256
168799
174464
180475
186616
192966
199458
206327
213238
220396
227934
235630
243644
251934
260473
269367
278566
288068
297896
308077
318584
329388
340566
352018
364039
376566
389381
402652
416402
430683
445116
460249
475789
491938
508803
526081
543943
562567
581693
601470
621900
643149
665028
687966
711135
735336
760436
786426
813027
840706
869403
899157
929627
961041
993546
1027331
1062091
1098148
1135060
1173512
1213057
1254279
1296952
1341511
1386920
1434384
1483505
1533743
1585783
1639293
1695025
1752668
1812281
1873819
1937296
2003043
20612
21278
21984
22743
23458
24268
25040
25867
26779
27676
28609
29603
30611
31691
32787
33890
35029
36175
37417
38669
40024
41405
42752
44175
45639
47125
48740
50385
52090
53864
55764
57696
59669
61668
63751
65914
68196
70532
72945
75434
77891
80485
83158
86043
88918
91922
95014
98205
101592
104973
108478
112243
115993
119924
124010
128238
132659
137217
141955
146830
151856
157024
162435
167959
173626
179537
185509
191834
198236
204977
212053
219133
226629
234231
242171
250456
259046
267779
276720
286204
295962
305968
316363
327228
338479
349809
361708
373920
386840
399875
413640
427576
442267
457384
472930
488937
505567
522996
540791
559029
578062
597743
618017
639045
660659
683174
706436
730455
755216
780757
807365
834571
863026
892302
922767
954240
986565
1020132
1054635
1090687
1127662
1166023
1205595
1246310
1288629
1332491
1377465
1424065
1472556
1522707
1574581
1627903
1683173
1740410
1799451
1860841
1924063
1989816
2058116
21311
22024
22775
23593
24405
25227
26053
26954
27881
28812
29807
30795
31859
32953
34102
35270
36474
37746
39042
40411
41799
43204
44686
46202
47798
49449
51112
52869
54661
56482
58386
60367
62458
64570
66705
68993
71337
73776
76289
78814
81455
84194
87048
90064
93090
96293
99561
103016
106600
110232
113958
117832
121878
126031
130264
134733
139371
144133
149057
154083
159278
164720
170294
175880
181800
187976
194316
200856
207545
214545
221811
229291
237101
245006
253452
261935
270855
280102
289490
299329
309508
320163
331044
342338
353982
365993
378447
391332
404561
418445
432658
447441
462663
478230
494394
511287
528736
546712
565154
584324
604494
624856
646218
667965
690745
714251
738560
763728
789629
816419
844017
872869
902540
933562
965321
998014
1031863
1066827
1103218
1140674
1179520
1219606
1261287
1304234
1348841
1394668
1442466
1491657
1542624
1595164
1649740
1705367
1763316
1823437
1885508
1949934
2016336
20759
21483
22246
22998
23750
24624
25460
26348
27230
28144
29057
30052
31115
32154
33263
34424
35562
36743
38005
39245
40562
42005
43472
44984
46477
48112
49797
51520
53253
55068
56908
58761
60761
62801
64979
67185
69500
71850
74318
76923
79549
82249
85098
87967
90911
93967
97288
100700
104232
107671
111384
115212
119152
123261
127350
131635
136046
140607
145337
150335
155330
160486
165927
171437
177201
183346
189523
195887
202541
209519
216699
224054
231614
239400
247716
256225
264787
273846
283089
292627
302572
312903
323645
334566
346043
358005
369955
382511
395541
408944
423062
437588
452450
467760
483431
499841
516697
534256
552244
570913
590375
610290
631097
652543
674759
697729
721245
745855
771048
797426
824420
852377
881260
911167
941992
974193
1006931
1041055
1076664
1113283
1151511
1190851
1231067
1272701
1315938
1360323
1406860
1454796
1503737
1554663
1607711
1662214
1718191
1776867
1837131
1899460
1964218
2031330
21028
21779
22527
23268
24072
24887
25762
26630
27520
28435
29459
30456
31465
32532
33650
34797
36025
37255
38572
39910
41251
42686
44219
45741
47232
48763
50385
52109
53832
55645
57625
59620
61660
63866
66080
68201
70527
73011
75531
78149
80780
83556
86405
89381
92372
95570
98802
102206
105695
109347
113009
116811
120787
124927
129236
133607
138134
142663
147601
152673
157957
163319
168982
174714
180621
186840
193232
199840
206603
213524
220817
228338
236204
244292
252645
261497
270391
279537
289067
298855
309001
319575
330485
341840
353471
365454
377785
390676
403954
417599
432022
446776
461994
477656
493924
510953
528249
546446
564842
584029
603939
624295
645580
667659
690214
713417
737628
762818
788697
815366
843136
871688
901383
931836
963431
996497
1030229
1065344
1101440
1138922
1177747
1217842
1259095
1301890
1346201
1391898
1438919
1487823
1538474
1590807
1645210
1701229
1758844
1818426
1880131
1944236
2010616
20828
21541
22297
23062
23884
24747
25585
26472
27371
28389
29322
30329
31294
32345
33463
34575
35723
36928
38115
39431
40772
42160
43567
45053
46539
48087
49637
51293
52985
54783
56664
58566
60632
62720
64863
67001
69311
71664
74148
76714
79237
81924
84747
87652
90700
93812
96945
100133
103541
107056
110645
114485
118557
122578
126862
131099
135652
140093
144897
149844
154912
160283
165748
171260
177087
183100
189299
195582
202191
209178
216228
223626
231282
239192
247202
255622
264390
273465
282723
292410
302303
312678
323359
334212
345733
357575
369932
382515
395589
409088
423024
437317
452182
467537
483528
499817
516745
534236
552433
571213
590953
610905
631626
652972
674920
697930
721814
746455
772001
798306
825367
853385
882349
912106
943023
974999
1008165
1042125
1077374
1114139
1151959
1191356
1231693
1273781
1317473
1362239
1408261
1456067
1505536
1556619
1609702
1664431
1721358
1780057
1840760
1903312
1967947
2034982
20936
21652
22344
23109
23888
24675
25520
26429
27335
28209
29189
30204
31205
32230
33320
34459
35626
36864
38073
39439
40747
42190
43655
45181
46658
48239
49874
51540
53266
54994
56949
