102460
105009
107511
110101
112736
115411
118169
121165
124138
127194
130318
133491
136675
139977
143272
146824
150342
154023
157777
161653
165578
169641
173812
178102
182615
187269
191768
196460
201214
206206
211403
216667
221889
227319
232954
238756
244617
250600
256808
263248
269927
276613
283435
290412
297635
304985
312497
320359
328244
336395
344782
353262
362034
370881
380149
389508
399030
408999
419150
429619
440213
451010
462199
473557
485373
497398
509936
522694
535741
549218
563211
577352
592007
606738
621996
637665
653557
670032
686681
703935
721686
739720
758587
777452
797327
817180
837641
858725
880415
902454
925331
948717
972877
997590
1022760
1048652
1074845
1101826
1129927
1158618
1188076
1218057
1248980
1280361
1312832
1346321
1380304
1415007
1451076
1487846
1525296
1563616
1602904
1643947
1685766
1728661
1772779
1818109
1864241
1911783
1960626
2010694
20747
21262
21802
22339
22909
23526
24088
24671
25298
25915
26531
27236
27920
28665
29415
30218
31037
31825
32643
33462
34336
35207
36131
37074
37961
38949
39928
40955
42005
43090
44199
45381
46560
47772
48995
50257
51546
52855
54191
55621
56988
58431
59856
61378
62973
64612
66311
67964
69717
71462
73346
75242
77144
79121
81202
83278
85387
87681
89994
92408
94788
97232
99765
102385
105050
107750
110578
113468
116458
119485
122683
125805
129092
132447
135871
139400
143062
146791
150764
154730
158727
162922
167181
171491
176052
180653
185451
190317
195351
200380
205601
210962
216494
222288
228045
233964
240112
246465
252988
259774
266486
273630
280941
288545
296211
304023
311910
320155
328667
337235
346182
355422
364884
374652
384485
394594
405119
415830
426806
438067
449737
461737
473817
486336
499374
512765
526264
540191
554553
569292
584348
599866
615679
632049
648809
666003
683938
701916
720467
739662
759425
779553
800289
821801
843712
866239
889294
913097
937687
962678
988631
1014913
1042242
1070210
1098705
1128260
1158505
1189322
1221270
1253933
1287524
1321963
1357359
1393520
1431090
1469614
1509233
1549699
1591451
1634449
1678444
1723817
1769652
1817242
1865765
1915798
1967498
2020183
20673
21215
21806
22399
22995
23594
24201
24850
25565
26291
27015
27752
28474
29269
30018
30817
31718
32606
33505
34399
35282
36187
37202
38169
39150
40203
41326
42480
43621
44818
46089
47306
48594
49890
51240
52616
54000
55480
56948
58499
60067
61708
63370
65111
66846
68608
70487
72358
74227
76203
78314
80385
82532
84782
87068
89471
91996
94457
97067
99663
102399
105180
108085
111143
114136
117301
120589
123897
127300
130822
134400
138086
141865
145805
149815
153927
158151
162558
167010
171635
176443
181271
186347
191546
196844
202219
207781
213504
219427
225408
231528
238010
244505
251311
258206
265249
272687
280068
287850
295786
303927
312310
320800
329651
338777
348017
357654
367534
377750
388232
398869
410138
421468
433059
445223
457427
470048
483191
496384
510187
524266
538791
553795
569148
584908
601342
617996
635044
652528
670860
689111
708039
727769
747722
768467
789740
811774
834334
857268
881322
905673
930804
956670
983152
1010677
1038966
1067749
1097556
1128087
1159326
1191428
1224476
1258801
1293844
1330019
1367194
1404894
1444102
1483894
1525326
1567751
1611359
1656453
1702685
1749791
1798944
1849019
1900383
1953570
2007753
20585
21150
21753
22344
22979
23594
24261
24947
25655
26367
27073
27829
28598
29445
30247
31075
31960
32915
33845
34772
35740
36722
37745
38792
39885
41032
42221
43402
44671
45972
47267
48681
49990
51409
52797
54251
55816
57375
58966
60604
62287
63970
65810
67681
69623
71552
73570
75599
77723
79933
82136
84517
86881
89372
91926
94582
97216
99979
102821
105735
108776
111848
114990
118194
121629
124996
128586
132243
135970
139646
143613
147586
151726
155988
160386
164842
169583
174426
179431
184543
189736
195017
200430
206122
212057
218170
224275
230676
237317
244060
250908
258038
265259
272688
280492
288561
296740
305186
314003
322930
331862
341177
351095
361142
371370
381965
392868
404069
415779
427607
439699
452145
465245
478513
492164
506276
520618
535441
550735
566372
582537
598995
616212
633857
651972
670470
689738
709260
729433
749940
771248
793225
815801
839357
863243
887750
912999
939154
966442
994134
1022467
1051544
1081736
1112752
1144573
1177644
1211306
1245953
1281655
1318118
1355576
1394497
1434644
1475834
1518127
1561524
1606300
1652404
1699751
1748292
1798495
1850291
1903210
1957649
2013876
20708
21258
21879
22527
23186
23791
24485
25210
25971
26706
27463
28243
29057
29911
30737
31609
32502
33443
34433
35441
36471
37528
38566
39726
40895
42118
43300
44557
45847
47161
48494
49876
51209
52628
54119
55696
57327
58988
60664
62418
64217
66090
68027
70055
72040
74117
76275
78504
80744
83052
85419
87914
90400
93129
95785
98577
101339
104169
107166
110307
113535
116803
120174
123608
127201
130822
134757
138671
142667
146537
150701
155032
159524
164120
168713
173515
178731
183806
189239
194518
200214
205969
211840
218058
224348
230811
237647
244580
251717
259088
266507
274253
282084
290131
298434
307292
316271
325381
334847
344603
354574
364820
375428
386131
397267
408754
420584
432751
445348
458236
471493
485175
499284
513899
528960
544488
560248
576554
593225
610351
628253
646696
665604
684702
704587
725122
746246
767737
790099
813230
836994
861600
886840
912532
939139
966498
995089
1024221
1054135
1084888
1116572
1148973
1182267
1217007
1252747
1289353
1326950
1365657
1405457
1446491
1488885
1532587
1577407
1623335
1670814
1719682
1770159
1822499
1875978
1931276
1987815
2046069
21087
21712
22346
22983
23702
24398
25107
25868
26627
27396
28213
29026
29899
30839
31725
32614
33566
34526
35536
36568
37649
38767
39922
41086
42273
43503
44753
46015
47364
48705
50086
51472
53000
54576
56210
57820
59450
61165
62939
64745
66652
68553
70569
72607
74856
77105
79382
81766
84152
86582
89073
91672
94334
97148
100028
102906
105885
108976
112292
115587
118938
122425
125998
129779
133530
137425
141385
145523
149792
154281
158632
163319
168009
172957
177967
183200
188654
194180
199941
205845
211971
218135
224597
231254
237971
244989
252104
259541
267225
275121
283130
291502
299983
308821
317970
327213
336754
346590
356648
367144
378007
389277
400924
412865
425113
437736
450520
463898
477683
491661
506137
520949
536368
552372
568842
585540
602975
620910
639172
658129
677601
697551
718100
739811
761648
784031
807356
831714
856263
881482
907901
934884
962612
990967
1019874
1050092
1081208
1113204
1146023
1179931
1214984
1250956
1287766
1325847
1365306
1405889
1447361
1490174
1534432
1580106
1627023
1674860
1724893
1775989
1828787
1882708
1938313
1995882
2054758
21342
21948
22564
23236
23901
24636
25376
26133
26928
27745
28584
29407
30252
31128
32055
32966
33991
35006
36067
37131
38205
39368
40511
41733
42963
44290
45593
46944
48373
49763
51305
52764
54269
55835
57470
59171
60957
62744
64698
66569
68480
70545
72671
74859
77123
79311
81691
84135
86645
89191
91843
94465
97282
100229
103140
106175
109422
112724
116043
119460
122965
126624
130355
134144
138193
142287
146551
150874
155465
160039
164790
169728
174715
179872
184967
190331
196008
201823
207866
214055
220378
226920
233814
240853
248030
255278
262941
270870
278692
287077
295797
304624
313624
322841
332454
342229
352324
362754
373419
384580
396088
407915
419998
432302
445060
458329
471857
485979
500483
515392
530794
546650
562818
579857
596980
614834
633050
651881
671384
691537
711926
733181
755132
777675
800916
824725
849251
874591
900814
927825
955684
984157
1013305
1043796
1075015
1107200
1140146
1173839
1208796
1244994
1282338
1320509
1360071
1400654
1442628
1485826
1530824
1576877
1623997
1672301
1722339
1773919
1826770
1881035
1937439
1995466
2055242
21068
21681
22345
23001
23687
24380
25093
25868
26640
27469
28279
29137
29977
30894
31819
32810
33850
34851
35863
36952
38066
39179
40356
41593
42818
44024
45306
46606
47960
49460
50941
52486
54075
55653
57298
58924
60732
62444
64290
66262
68261
70333
72494
74625
76895
79191
81693
84180
86695
89289
91933
94675
97513
100425
103519
106615
109799
113096
116578
120010
123615
127317
131107
135035
139067
143322
147575
151904
156373
161138
165918
170986
176056
181332
186686
192182
197831
203830
209955
216296
222753
229290
236160
243107
250427
257966
265603
273528
281782
290164
298645
307578
316770
326271
336018
346166
356423
367076
378222
389554
401112
413086
425601
438440
451622
464978
478945
493210
507837
522956
538786
554793
571295
588269
606286
624688
643367
662766
682961
703631
724704
746507
768994
792306
816050
840511
865298
891257
918118
945473
973771
1002927
1032849
1063741
1095460
1128389
1162048
1196803
1232685
1269711
1307716
1346886
1387282
1429028
1471863
1515701
1561330
1607967
1656481
1706294
1757413
1810173
1864644
1920856
1978399
2037937
21165
21801
22458
23130
23866
24541
25301
26044
26819
27669
28504
29357
30196
31164
32123
33078
34071
35108
36164
37253
38384
39542
40752
42025
43274
44656
46009
47394
48841
50282
51784
53358
55008
56610
58357
60102
61945
63875
65844
67790
69873
71999
74225
76450
78743
81092
83478
86017
88616
91318
94206
97071
99964
102998
106040
109171
112510
115797
119293
122954
126649
130435
134340
138318
142390
146583
151046
155685
160385
165310
170264
175473
180659
186036
191577
197371
203290
209378
215579
222036
228743
235570
242590
249971
257363
265241
273153
281517
289859
298570
307523
316868
326512
336478
346613
357051
367922
379065
390362
402151
414353
426950
439683
452899
466727
480918
495133
510075
525448
541333
557735
574403
591593
609298
627769
646485
666066
686362
707144
728845
750843
773449
796953
820693
845827
871366
897912
925066
953005
981840
1011631
1042289
1073759
1106243
1139629
1173990
1209203
1245722
1283353
1322020
1361879
1403235
1445668
1489387
1534145
1580380
1628043
1677036
1727644
1779990
1833729
1888944
1945593
2004428
20663
21320
21965
22684
23362
24094
24872
25643
26419
27234
28057
28920
29765
30660
31553
32531
33511
34527
35554
36634
37793
38972
40156
41351
42603
43883
45195
46560
47954
49400
50910
52437
53950
55557
57176
58916
60683
62503
64403
66309
68213
70274
72405
74662
76974
79389
81740
84192
86704
89417
92230
95095
97878
100849
103863
107038
110322
113612
116973
120629
124359
128067
131822
135825
139959
144331
148640
153177
157909
162601
167536
172568
177799
183193
188694
194392
200235
206123
212394
218665
225356
232096
238973
246161
253652
261286
269322
277405
285828
294595
303428
312690
322097
331846
341704
352047
362729
373764
385131
396859
408971
421151
433834
447223
460724
474855
489160
504224
519521
535133
551004
567681
585083
602857
621076
639749
659091
678861
699628
721024
742981
765591
788739
812540
837182
862532
888786
915601
943429
971804
1001348
1031310
1062769
1094992
1127880
1162111
1197394
1233657
1270818
1309447
1348970
1389683
1431634
1474736
1519659
1565609
1613005
1661954
1712334
1764426
1817751
1872895
1929879
1988133
2048480
21148
21773
22451
23127
23846
24531
25251
25980
26775
27570
28426
29232
30116
31074
31980
32896
33879
34892
35941
37043
38161
39341
40573
41817
43079
44322
45629
47000
48378
49802
51334
52861
54466
56070
57732
59527
61329
63149
65038
66975
69002
71163
73315
75519
77829
80196
82639
85107
87717
90383
93061
95899
98758
101658
104680
107928
111017
114342
117707
121173
124796
128594
132427
136354
140522
144786
149123
153658
158268
163032
168028
173040
178314
183780
189274
195104
201174
207208
213422
219875
226584
233514
240627
247925
255492
263146
271282
279331
287729
296445
305591
314912
324376
334265
344404
354880
365545
376479
387990
399690
412117
424706
437386
450690
464097
478201
492730
507643
523087
538980
555317
572088
589546
607282
625754
644855
664334
684643
705429
726773
748824
771513
794885
819102
843845
869452
895501
922519
950805
979807
1009714
1040473
1072118
1105015
1138492
1172800
1208112
1244517
1282308
1321412
1361456
1402765
1445105
1489077
1534442
1580687
1628656
1678033
1729308
1781932
1836133
1891970
1949373
2008426
20772
21441
22061
22760
23408
24105
24838
25593
26326
27176
27999
28829
29702
30574
31513
32401
33347
34368
35391
36441
37515
38678
39816
41028
42247
43554
44831
46132
47541
49035
50555
52084
53668
55291
57009
58663
60490
62332
64165
66145
68138
70198
72392
74614
76847
79208
81635
84104
86612
89189
92006
94726
97641
100674
103628
106781
109942
113386
116865
120428
124099
127830
131580
135646
139905
144046
148418
152914
157512
162292
167259
172399
177636
183236
188880
194585
200438
206540
212885
219443
226275
233243
240457
247700
255176
262988
271043
279315
287819
296387
305275
314320
323812
333679
343706
354112
364963
375889
387337
399032
411119
423686
436541
449820
463356
477544
492214
506911
522369
538024
554048
571225
588363
606118
624655
643545
663196
683593
704403
726073
748319
771070
794585
818521
843097
868787
895311
922599
950452
979235
1008740
1039626
1070957
1103564
1137480
1171616
1207432
1244121
1281565
1320454
1360884
1401967
1444761
1489152
1534417
1580799
1628910
1678671
1729714
1782316
1836357
1891866
1949541
2008801
20519
21158
21827
22519
23211
23903
24615
25340
26118
26973
27795
28654
29489
30396
31305
32239
33222
34214
35234
36330
37448
38603
39765
40966
42267
43529
44905
46266
47625
49079
50568
52127
53730
55372
57035
58774
60611
62369
64301
66315
68285
70320
72475
74659
76905
79276
81651
84168
86826
89452
92176
94966
97827
100888
103889
107139
110431
113833
117162
120802
124448
128462
132387
136451
140536
144899
149304
153877
158566
163396
168283
173433
178703
184157
189628
195497
201306
207437
213879
220421
227063
233967
241120
248543
256070
263682
271600
279815
288317
297026
306047
315445
325033
334973
345208
355584
366261
377370
388838
400695
413064
425769
438804
452214
465832
480044
494713
509914
525489
541546
557915
574863
592475
610571
629191
648040
667518
687747
708787
730460
752849
775526
799056
823616
848971
874806
901497
929094
957136
986153
1016155
1047182
1079024
1111840
1146127
1181169
1216819
1254043
1292026
1331162
1371334
1412786
1455674
1500305
1545918
1592882
1641496
1691491
1743508
1796862
1851625
1907965
1965702
2025576
20867
21510
22140
22776
23507
24190
24928
25687
26505
27306
28097
28974
29835
30767
31693
32696
33710
34690
35756
36823
37872
39016
40148
41428
42710
44002
45341
46708
48164
49615
51141
52652
54307
55922
57612
59382
61218
63079
65046
66976
69018
71120
73346
75622
77908
80396
82929
85454
88097
90737
93449
96196
99145
102211
105387
108589
111915
115222
118704
122270
126076
129969
133930
137960
142107
146370
150936
155557
160217
165129
170094
175409
180881
186285
192094
198100
204022
210244
216607
223284
229947
236976
244212
251634
259333
267259
275432
283759
292505
301472
310439
319942
329693
339678
349971
360587
371439
382896
394507
406524
418900
431622
444672
458159
472147
486536
501361
516733
532445
548545
565137
582143
599861
618090
636919
656245
676277
696719
718016
739919
762281
785377
809168
833753
858961
885157
912252
939894
968742
998226
1028826
1060385
1092476
1125725
1159688
1195108
1231509
1269029
1307290
1347017
1387906
1430236
1473832
1518702
1564810
1612520
1662145
1712891
1764765
1818623
1873625
1931010
1989846
2050521
20928
21580
22316
22975
23696
24439
25175
25952
26710
27528
28366
29202
30122
31053
32029
33020
34061
35114
36188
37279
38411
39560
40776
42069
43358
44709
46040
47447
48907
50428
51942
53592
55259
56976
58748
60544
62371
64349
66313
68361
70457
72543
74769
76977
79321
81734
84324
86834
89361
91967
94841
97696
100684
103682
106865
110108
113396
116933
120574
124228
127969
131792
135754
139802
144140
148559
153173
157852
162606
167544
172708
177957
183410
189177
194984
200912
207050
213293
219808
226483
233461
240536
247951
255620
263346
271355
279627
288187
297038
306108
315413
324979
334955
345322
355899
366802
377965
389433
401218
413532
426061
439077
452585
466587
480662
495199
510197
525751
541931
558269
575384
593005
611109
629565
648788
668668
688970
709878
731516
753802
776667
800121
824355
849699
875538
902228
929976
958322
987574
1017765
1048844
1081040
1114218
1148201
1182936
1218972
1256029
1293805
1333398
1373801
1415665
1459142
1503809
1549817
1597428
1645847
1696115
1748062
1801659
1856915
1913718
1972098
2032008
20977
21617
22247
22858
23535
24268
24978
25771
26570
27364
28144
29032
29905
30852
31776
32748
33744
34759
35782
36894
38035
39151
40422
41660
42907
44209
45578
46948
48392
49821
51272
52857
54452
56158
57866
59596
61423
63219
65090
67112
69146
71204
73388
75616
77934
80300
82662
85168
87782
90501
93243
95958
98951
101978
104999
108240
111676
115095
118734
122360
126051
129808
133751
137761
141952
146318
150858
155455
160254
165071
170030
175176
180470
185966
191703
197623
203703
209886
216320
222897
229734
236679
243940
251415
259184
267048
275272
283620
292220
301153
310316
319698
329392
339317
349552
360266
371362
382707
394213
406201
418451
431241
444340
457817
471780
486291
501200
516445
531948
548032
564910
582179
600053
618440
637446
656804
676783
697436
718908
740586
763395
786749
810677
835113
860644
886921
914043
941580
970410
999808
1030415
1061487
1093615
1126910
1161237
1196662
1233178
1270711
1309244
1349238
1390272
1432733
1476405
1521218
1567684
1615592
1664777
1715435
1767642
1821269
1877078
1934297
1993317
2053602
21263
21933
22609
23254
23925
24678
25386
26215
27024
27847
28667
29516
30424
31357
32361
33360
34360
35441
36518
37645
38827
39996
41205
42457
43661
44966
46327
47711
49208
50677
52225
53827
55489
57208
58940
60756
62660
64644
66613
68647
70756
72874
75109
77364
79676
82136
84595
87165
89864
92636
95414
98369
101322
104310
107502
110809
114290
117885
121431
125226
129117
133069
137174
141263
145523
150009
154577
159253
164211
169190
174397
179654
185104
190771
196550
202560
208679
215046
221578
228273
235313
242453
249769
257369
265424
273591
281934
290440
299252
308480
317872
327627
337457
347677
358254
369158
380323
391748
403776
416022
428839
441835
455465
469447
483865
498648
513563
529432
545639
562174
579445
596875
614843
633766
653186
672963
693478
714780
736588
759040
782067
805813
830500
855925
881999
908863
936726
965121
994554
1024872
1056066
1088468
1121546
1156014
1191301
1227577
1265040
1303545
1343258
1384551
1426875
1470286
1515093
1561167
1609048
1658062
1708493
1760878
1814661
1870103
1927427
1986226
2047150
21325
21926
22607
23309
23997
24775
25497
26255
27079
27894
28719
29570
30502
31527
32495
33510
34572
35625
36709
37841
38990
40139
41395
42653
44009
45368
46749
48144
49611
51140
52772
54317
55984
57683
59450
61295
63199
65102
67033
69013
71126
73271
75532
77801
80261
82638
85194
87812
90416
93207
96024
98991
101980
105072
108194
111511
114883
118417
121947
125736
129465
133532
137633
141751
146121
150552
155123
159889
164695
169711
175054
180471
186067
191638
197578
203751
209969
216328
222882
229756
236668
243808
251165
258928
267016
275214
283447
292059
300903
310121
319564
329455
339595
349762
360490
371536
382884
394569
406800
419053
431596
444907
458486
472556
487028
502038
517519
533157
549558
566123
583377
601328
619834
638843
658075
678181
699175
720251
742315
765124
788476
812441
837300
862922
889171
916007
944198
972958
1002899
1033314
1064504
1097100
1130856
1165694
1201192
1237383
1275130
1314169
1354387
1395616
1438095
1481913
1527610
1573832
1621853
1671032
1721980
1774484
1828483
1884587
1942108
2001328
20372
21020
21676
22357
23043
23731
24487
25214
25974
26802
27590
28411
29270
30185
31088
32065
33035
34053
35138
36208
37336
38446
39621
40817
42129
43458
44767
46042
47454
48869
50392
51861
53489
55133
56818
58564
60381
62154
64116
66068
68040
70096
72178
74417
76719
78973
81389
83867
86456
89053
91791
94548
97534
100389
103478
106674
109792
113076
116499
119993
123657
127455
131419
135401
139622
143830
148289
152840
157378
162228
167172
172212
177492
182969
188554
194272
200223
206331
212665
219122
225887
232873
239875
247151
254581
262415
270607
278964
287538
296322
305266
314449
324119
334082
344299
354942
365748
377108
388705
400515
412564
425159
438096
451709
465589
479705
494423
509686
525278
541661
558033
574943
592587
610536
629008
648198
667996
688397
709403
731015
753301
776449
800200
824575
849781
875706
902266
929841
958582
987969
1018118
1049259
1081349
1114335
1148611
1183681
1219906
1257460
1295738
1335263
1376111
1418462
1461907
1506669
1552453
1599736
1648501
1698836
1750764
1804061
1859043
1916036
1974996
2035383
21115
21771
22463
23172
23872
24586
25342
26112
26877
27695
28591
29529
30441
31352
32346
33315
34272
35311
36387
37483
38631
39734
40939
42218
43491
44816
46161
47562
48965
50467
52027
53565
55139
56818
58588
60352
62243
64233
66145
68094
