102391
104913
107491
110126
112755
115500
118339
121201
124102
127183
130268
133372
136647
140056
143453
146876
150420
154023
157827
161679
165563
169670
173850
178081
182471
186976
191602
196274
201034
205924
210910
216101
221390
226890
232424
238135
244010
249972
256098
262425
268976
275658
282533
289403
296489
303790
311253
319017
326851
334932
343240
351747
360438
369243
378380
387875
397451
407465
417495
427968
438617
449476
460631
472092
483788
495903
508444
521133
534142
547487
561240
575459
589747
604232
619442
635103
651049
667297
684376
701337
719150
737518
755988
774758
794111
814151
834470
855379
876917
899040
921559
944611
968249
992655
1017744
1043125
1069625
1096477
1124088
1152569
1181687
1211433
1241906
1273178
1305226
1338480
1372320
1407106
1442514
1479350
1516425
1554716
1593870
1634350
1675790
1718516
1762131
1806655
1852962
1899916
1948673
1998540
2049434
20951
21464
22012
22577
23138
23725
24331
24958
25613
26264
26933
27623
28354
29084
29817
30609
31392
32166
32988
33808
34682
35581
36488
37405
38333
39363
40376
41384
42485
43581
44749
45852
46999
48209
49470
50777
52084
53485
54887
56277
57731
59188
60627
62177
63757
65369
67200
68870
70636
72502
74439
76324
78285
80392
82461
84574
86695
88959
91335
93785
96209
98736
101348
104037
106822
109601
112385
115362
118350
121400
124529
127828
131179
134647
138211
141737
145407
149211
153153
157235
161455
165638
169982
174376
178955
183615
188389
193420
198428
203764
209087
214537
220229
226019
231935
238082
244347
250642
257198
264010
270864
277939
285356
292790
300645
308543
316772
325195
333760
342498
351400
360580
370095
379691
389776
400225
410767
421408
432601
444100
455773
467900
480480
493108
506220
519522
533399
547513
562127
577167
592500
608202
624375
641133
658208
675609
693551
711928
730915
750438
770430
790938
812114
833644
855926
878730
902257
926345
951282
976685
1003024
1029852
1057390
1085787
1115030
1144889
1175653
1207069
1239655
1273006
1307282
1342117
1378320
1414991
1453103
1492253
1532464
1573454
1615999
1659536
1704046
1749381
1796442
1844450
1894340
1945259
1997890
2051581
21197
21717
22298
22911
23520
24114
24745
25397
26064
26803
27490
28264
29066
29860
30642
31480
32315
33128
34019
34893
35818
36739
37736
38773
39855
40893
42023
43146
44312
45528
46722
47988
49317
50699
52087
53459
54903
56331
57828
59378
60978
62658
64397
66044
67842
69703
71573
73497
75509
77569
79676
81877
84129
86394
88674
91094
93520
96052
98640
101275
104109
106974
109875
112834
115975
119132
122373
125712
129200
132760
136482
140193
144008
147932
151975
156071
160396
164806
169507
174277
179048
184083
189058
194287
199606
205129
210751
216556
222443
228569
234816
241277
247912
254786
261865
269065
276427
283939
291732
299744
307906
316512
325321
334545
343893
353483
363348
373308
383830
394441
405500
416640
428239
440024
452318
464960
477749
490996
504537
518476
532853
547716
562864
578428
594529
610837
627874
645260
663246
681699
700561
720133
739984
760510
781486
802967
825621
848460
872043
896163
920973
946246
972515
999747
1027509
1056046
1085545
1115499
1146473
1178310
1210957
1245087
1279908
1315848
1352904
1390532
1429621
1469196
1509993
1551744
1595231
1639855
1685505
1732483
1781084
1831087
1882088
1934706
1988656
2044616
20848
21428
22040
22618
23269
23935
24581
25279
25958
26614
27363
28092
28858
29726
30560
31412
32310
33227
34178
35123
36117
37166
38175
39215
40320
41512
42715
43978
45210
46493
47813
49208
50545
51972
53385
54874
56374
57989
59566
61240
63002
64757
66533
68394
70363
72349
74390
76519
78658
80762
83018
85438
87889
90352
92823
95403
98075
100868
103755
106624
109677
112762
116089
119393
122673
126205
129868
133542
137360
141275
145221
149322
153436
157832
162362
166985
171744
176592
181587
186696
192057
197421
202939
208638
214594
220565
226770
233147
239824
246484
253547
260807
268140
275700
283333
291381
299661
308140
317032
325949
335139
344598
354395
364525
374977
385616
396495
407829
419602
431472
443752
456240
469016
482322
495839
510026
524663
539533
554841
570701
586892
603823
621050
638455
656854
675692
694734
714545
734954
755858
777442
799578
822421
845910
870217
895031
920727
946675
973901
1001922
1030562
1059926
1090405
1121451
1153467
1186567
1220371
1255346
1291555
1328339
1366052
1405302
1445413
1486412
1529104
1573015
1618162
1664481
1712287
1761199
1811339
1863305
1916944
1972322
2028881
20982
21574
22207
22858
23486
24150
24818
25479
26196
26907
27669
28478
29290
30127
30965
31832
32747
33695
34649
35599
36568
37617
38745
39797
40935
42101
43355
44639
45909
47217
48547
49926
51347
52791
54333
55879
57477
59111
60806
62578
64340
66088
67914
69874
71918
73971
76158
78401
80624
82971
85367
87891
90409
93090
95728
98452
101281
104086
107132
110217
113475
116823
120161
123685
127249
130952
134756
138661
142654
146743
151052
155505
160100
164764
169657
174493
179487
184567
189956
195595
201323
207165
213163
219338
225758
232246
238881
245808
252975
260234
267673
275303
283307
291733
300123
308815
317705
327011
336473
346232
356306
366678
377415
388330
399642
411235
423069
435354
448039
460910
474319
488057
502286
516861
531979
547536
563538
579905
596882
614089
631812
650260
669222
688733
708734
729315
750636
772647
795367
818321
842189
866556
891922
917981
944548
972086
1000365
1029658
1059803
1090669
1122311
1154859
1188396
1223091
1258553
1295526
1333379
1372244
1412317
1453269
1495790
1539544
1584352
1630801
1678053
1726787
1777182
1829038
1882480
1937328
1994170
2052435
21240
21874
22467
23113
23805
24527
25250
26001
26764
27556
28426
29269
30128
30986
31897
32759
33722
34684
35671
36674
37758
38849
40001
41180
42344
43526
44826
46154
47485
48884
50358
51809
53323
54821
56432
58145
59839
61540
63375
65231
67153
69167
71182
73246
75384
77612
79883
82209
84629
87206
89803
92386
95080
97929
100803
103870
106944
110149
113480
116881
120346
123921
127615
131323
135135
139088
143172
147363
151839
156307
160788
165521
170276
175243
180451
185830
191235
196929
202809
208862
215084
221337
227868
234619
241533
248698
256023
263694
271539
279368
287341
295803
304617
313575
322833
332334
342249
352426
362931
373636
384837
396069
407760
419728
432139
444844
457996
471589
485284
499603
514354
529542
545166
561131
577678
594766
612339
630166
648665
667747
687273
707778
728685
750472
772694
795685
819477
843557
868428
894053
920207
947594
975379
1004326
1034092
1064581
1096085
1128246
1161333
1195848
1231399
1267670
1305389
1343564
1383341
1424142
1466078
1509474
1554278
1599591
1646704
1695658
1745872
1797523
1850824
1905686
1962030
2020292
20778
21411
22068
22699
23353
24011
24727
25420
26175
26947
27711
28568
29408
30292
31131
32033
32984
33996
34985
36056
37099
38209
39363
40518
41730
42973
44302
45663
47032
48443
49881
51336
52885
54518
56099
57802
59507
61297
63241
65036
66941
68893
70894
72999
75228
77446
79741
82180
84618
87067
89696
92366
95111
97852
100768
103650
106725
109948
113275
116574
120060
123654
127335
131119
135151
139116
143259
147469
151829
156379
161053
165770
170791
175934
181093
186486
191942
197824
203737
209811
216027
222450
229214
235932
243011
250340
257792
265367
273290
281398
289897
298518
307335
316639
326182
335787
345801
356228
366725
377677
388887
400377
412256
424620
437153
450118
463694
477402
491653
506434
521466
537058
553118
569605
586584
603962
621771
640397
659607
679398
699548
720743
741971
764163
787020
810670
834887
859892
885504
911784
939061
967137
996065
1025646
1056046
1087511
1120010
1153587
1187767
1223387
1260031
1297401
1336349
1376130
1417310
1459517
1502954
1548078
1594674
1642008
1691088
1741831
1793890
1847420
1902772
1959376
2017960
20645
21223
21859
22517
23151
23832
24546
25294
25979
26797
27624
28449
29296
30182
31114
32063
32994
33990
35021
36057
37130
38256
39429
40599
41873
43132
44453
45797
47118
48539
49871
51331
52863
54465
56082
57689
59439
61180
62965
64885
66811
68797
70861
72987
75146
77301
79652
82015
84418
86953
89512
92151
94877
97785
100684
103683
106780
110031
113312
116655
120120
123661
127366
131182
135065
139131
143239
147650
152077
156532
161289
166094
171033
176044
181275
186576
192151
198023
203911
210063
216422
222934
229660
236541
243565
250848
258326
266071
274093
282334
290715
299417
308332
317609
327116
336960
347077
357596
368336
379244
390744
402559
414678
427160
440141
453405
467012
480980
495540
510446
525816
541608
558007
574907
592100
609801
628192
646788
666123
686092
706659
727957
749965
772442
795799
819692
844520
869746
896088
922849
950635
979169
1008765
1039091
1070420
1102640
1135610
1169728
1205109
1241313
1278827
1317220
1357206
1398091
1440197
1483443
1527928
1573875
1621255
1669638
1720070
1772041
1825580
1880041
1936897
1995314
2055037
21119
21767
22397
23046
23689
24374
25071
25781
26562
27377
28185
29032
29955
30821
31742
32690
33632
34626
35628
36713
37880
39087
40286
41514
42773
44083
45417
46749
48165
49608
51121
52723
54255
55859
57508
59321
61171
62984
64916
66834
68791
70838
72947
75039
77297
79678
82072
84488
86933
89543
92280
95064
97957
100969
103985
107099
110399
113742
117194
120632
124286
128077
131923
135921
139920
144122
148411
152952
157568
162323
167160
172025
177084
182250
187763
193418
199247
205219
211423
217871
224423
231142
238098
245273
252477
259991
267764
276008
284205
292707
301566
310617
319919
329519
339474
349715
360168
370926
382244
393858
405931
418145
430733
443706
457105
471064
485275
499997
515088
530584
546546
562948
579835
597314
615252
633879
653018
672529
692802
713749
735158
757312
780008
803441
827482
852450
877982
904469
931437
959647
988640
1018439
1048876
1080434
1113018
1146855
1181304
1217053
1253786
1291762
1331035
1371226
1412613
1455470
1499234
1544808
1591612
1639669
1689075
1740236
1792997
1846802
1902708
1960473
2019528
20685
21317
21989
22644
23299
23988
24709
25480
26308
27102
27973
28807
29691
30627
31518
32427
33417
34425
35451
36514
37630
38786
39953
41157
42417
43818
45232
46501
47924
49367
50864
52410
53936
55526
57201
58889
60615
62469
64306
66199
68086
70083
72143
74333
76609
78926
81249
83732
86262
88817
91419
94121
97054
100026
103071
106278
109390
112706
116128
119656
123264
126976
130867
134728
138887
143095
147366
151799
156347
161074
165888
170904
176115
181382
186760
192349
198155
204178
210362
216619
223200
229937
237027
244329
251735
259274
266972
275119
283416
292112
301098
310231
319583
329231
339168
349622
360208
371076
382280
393757
405668
417872
430545
443466
456818
470691
484756
499540
514587
530212
546438
563084
580183
597908
616088
634845
654024
673883
694353
715697
737261
759628
782399
805895
830373
855499
881622
908246
935794
964362
993607
1023746
1054586
1086263
1119091
1153146
1187970
1223810
1260777
1298775
1338182
1378756
1420627
1463837
1508158
1553863
1600706
1649047
1698535
1749948
1803194
1857724
1913712
1972123
2032027
21147
21810
22498
23208
23880
24629
25352
26105
26869
27690
28545
29432
30297
31254
32183
33137
34142
35219
36282
37351
38422
39557
40733
41950
43229
44507
45851
47271
48675
50176
51759
53335
54878
56564
58197
59918
61769
63637
65474
67425
69475
71633
73754
76058
78340
80693
83168
85647
88253
90780
93575
96387
99288
102320
105410
108599
111945
115253
118687
122245
125983
129834
133749
137782
141991
146307
150762
155357
160029
164925
169844
174977
180385
185911
191501
197196
203346
209421
215666
222166
228870
235768
242936
250432
258011
265791
273752
281821
290228
299112
308330
317539
327094
337004
347176
357870
368703
379839
391408
403211
415375
427968
441108
454342
468028
482247
496834
511699
527252
543388
560127
576913
594469
612355
630812
649851
669377
689711
710500
732080
754034
776938
800410
824449
849541
875560
902179
929471
957469
986846
1016759
1047634
1079198
1111858
1145665
1180440
1216523
1253738
1291726
1331118
1371616
1413120
1455973
1500610
1546140
1593296
1642263
1691950
1743313
1795908
1850468
1907108
1964943
2024336
20573
21186
21841
22499
23196
23934
24635
25393
26158
26991
27800
28670
29575
30491
31458
32430
33377
34378
35400
36488
37603
38757
39881
41094
42357
43649
44947
46300
47743
49211
50689
52232
53865
55495
57204
58949
60773
62596
64506
66442
68468
70522
72664
74847
77199
79535
81923
84397
87006
89618
92372
95187
98189
101223
104249
107392
110617
114001
117432
120971
124738
128480
132455
136443
140598
144939
149506
154085
158722
163490
168380
173531
178645
184108
189827
195699
201668
207819
214233
220829
227447
234378
241652
248997
256581
264319
272453
280692
289290
298349
307371
316830
326429
336340
346559
357067
367733
378892
390461
402227
414323
426851
439872
453164
466935
481094
495709
510816
526420
542381
558762
575866
593644
611776
630387
649673
669567
689874
711044
732839
755120
778552
802121
826701
851663
877399
904191
931941
960183
989180
1019250
1050333
1082466
1115031
1148652
1183546
1219809
1256880
1295106
1334655
1375471
1417682
1461067
1505679
1551238
1598205
1647130
1697580
1749562
1802757
1857756
1913785
1971609
2031342
20816
21461
22145
22822
23505
24214
24931
25719
26491
27294
28159
29021
29894
30791
31759
32731
33665
34729
35796
36907
38060
39237
40462
41683
43014
44322
45670
47047
48527
50006
51435
53028
54692
56348
58107
59817
61587
63374
65279
67179
69195
71322
73579
75724
78049
80455
82854
85368
87957
90653
93358
96292
99237
102327
105393
108468
111799
115180
118686
122285
126067
129819
133687
137799
141907
146262
150630
155243
159965
164816
169756
174906
180176
185550
191241
197031
202952
209139
215562
222153
228986
235940
243099
250440
258021
265825
273865
282308
290907
299843
309004
318242
327943
337931
348191
358706
369540
380866
392454
404499
416858
429432
442393
455912
469882
483920
498677
513863
529585
545812
562588
579731
597362
615662
634360
653705
673411
693704
714950
736858
759569
782440
806433
830967
856381
882330
909163
936834
965352
994548
1024682
1056058
1088090
1120923
1154817
1189777
1226240
1263212
1301791
1341460
1382395
1424349
1467543
1512332
1558224
1605375
1654690
1704901
1756499
1809823
1864932
1922032
1980401
2040458
20969
21622
22258
22939
23614
24359
25090
25850
26615
27417
28244
29088
29949
30843
31811
32800
33799
34833
35904
37013
38087
39256
40484
41777
43070
44354
45701
47107
48533
50036
51594
53109
54804
56391
58089
59901
61683
63565
65508
67565
69641
71788
73958
76215
78498
80876
83319
85940
88601
91220
93963
96865
99826
102793
105882
109122
112429
115864
119436
123017
126798
130751
134671
138796
143164
147666
152095
156833
161644
166531
171571
176795
182125
187620
193316
199239
205284
211569
218014
224733
231513
238538
245849
253306
260985
269196
277425
285817
294506
303373
312520
321908
331680
341747
352328
363142
374127
385467
397274
409266
421837
434795
448075
461794
475789
490324
505085
520233
536217
552594
569448
586826
604609
622916
641781
661465
681543
702271
723708
745686
768077
791527
815707
840788
866627
892786
919784
947637
976484
1006307
1037283
1068930
1101649
1135251
1169808
1205598
1242340
1280038
1318924
1359006
1400535
1442781
1486690
1531869
1578395
1626615
1676282
1727163
1779718
1833886
1889644
1947000
2006632
20756
21396
22037
22744
23432
24134
24906
25612
26398
27174
28001
28797
29638
30536
31417
32384
33384
34394
35416
36529
37681
38813
40039
41282
42457
43755
45041
46399
47808
49202
50707
52264
53771
55415
57062
58743
60514
62306
64182
66078
68059
70112
72298
74499
76660
79048
81466
83986
86490
89092
91874
94674
97568
100589
103637
106769
110058
113364
116836
120449
124102
127844
131620
135726
139914
144144
148497
152954
157606
162343
167186
172292
177771
183164
188882
194646
200445
206672
212911
219466
226130
233009
240077
247429
254917
262634
270658
279063
287632
296267
305395
314807
324309
334297
344496
355087
365982
377262
388796
400688
412660
425276
438191
451611
465248
479468
494094
509134
524682
540558
557019
574017
591498
609724
628189
647582
667165
687522
708407
729871
752208
775058
798597
822814
848169
874202
900976
928214
956797
985962
1015926
1046914
1078878
1111763
1145713
1181019
1217028
1254171
1292310
1331834
1372245
1413920
1456862
1500820
1546254
1593261
1642067
1692328
1744346
1797567
1852310
1908597
1966648
2026922
21113
21754
22421
23163
23819
24532
25267
26014
26775
27618
28427
29262
30161
31071
32018
33002
34053
35104
36191
37357
38503
39722
40952
42165
43506
44766
46149
47559
48983
50506
52093
53665
55318
57043
58745
60542
62430
64320
66321
68376
70498
72726
74930
77264
79597
82018
84466
87068
89623
92314
95114
97882
100781
103820
107023
110162
113473
116951
120559
124231
128150
132113
136160
140256
144557
148963
153481
158237
163052
167987
173054
178219
183542
189089
194877
200778
206819
213032
219564
226364
233169
240184
247564
255096
262870
270919
279174
287660
296459
305557
314880
324389
334424
344630
355014
366025
377067
388686
400546
412833
425377
438288
451663
465575
479794
494225
509357
524994
540889
557395
574163
591713
610087
628872
648090
667695
688056
709049
730772
752938
775957
799803
824355
849694
875414
901694
929152
957398
986519
1017027
1048285
1080430
1113317
1147371
1182362
1218311
1255505
1293600
1333402
1373809
1415698
1459090
1503197
1549352
1596662
1645526
1695572
1747323
1800318
1854864
1911580
1969878
2029604
21112
21734
22396
23093
23794
24481
25250
26021
26810
27659
28471
29367
30307
31214
32176
33214
34218
35297
36367
37531
38702
39952
41160
42451
43744
45061
46493
47934
49377
50876
52481
54026
55651
57320
59089
60870
62739
64720
66680
68652
70774
72897
75021
77269
79621
82122
84540
87211
89897
92660
95528
98372
101464
104579
107853
111124
114561
117987
121597
125300
129177
133080
137139
141357
145691
150067
154610
159343
164337
169434
174623
179997
185540
191095
196925
202848
208961
215402
221969
228861
236024
243158
250651
258243
266013
274156
282429
290909
299897
309040
318602
328370
338362
348720
359266
370177
381429
393138
405143
417798
430593
443680
457190
471090
485390
500237
515662
531524
547903
564519
581769
599515
617699
636252
655814
675763
696384
717465
739189
761681
784941
808547
833475
859009
885298
912313
940179
968957
998611
1028719
1060111
1092480
1125705
1159917
1195563
1232082
1269599
1308582
1348369
1389552
1431934
1475640
1520789
1567427
1615457
1664955
1715926
1768308
1822235
1878000
1935160
1994046
2055086
21181
21863
22549
23227
23998
24782
25521
26277
27088
27926
28759
29631
30538
31450
32369
33408
34505
35531
36586
37671
38770
39940
41121
42345
43597
44945
46312
47668
49111
50619
52146
53760
55410
57123
58941
60733
62638
64570
66602
68656
70710
72952
75176
77479
79883
82281
84775
87310
89974
92730
95584
98508
101488
104580
107762
111084
114444
118069
121582
125192
129079
132958
137045
141187
145473
149841
154469
159205
164076
169058
174185
179534
185008
190678
196572
202553
208670
215054
221643
228331
235292
242365
249796
257445
265413
273531
282120
290573
299381
308436
317692
327411
337423
347777
358523
369421
380672
392370
404412
416841
429580
442784
456570
470540
484909
499781
514833
530741
546698
563464
580597
598369
616535
635469
654814
674775
695359
716801
738831
761257
784361
808168
832862
858107
884396
911515
938950
967931
997527
1028060
1059453
1091794
1125279
1159541
1194863
1231382
1268773
1307387
1347476
1388953
1431583
1475263
1520264
1566641
1614789
1663975
1715219
1767378
1821223
1876653
1934099
1993336
2054088
21054
21699
22352
23021
23680
24426
25209
25988
26764
27554
28449
29358
30294
31121
32118
33103
34102
35128
36269
37406
38557
39797
40957
42179
43470
44815
46187
47603
49093
50644
52252
53750
55419
57018
58761
60580
62416
64346
66290
68350
70421
72637
74812
77029
79404
81927
84366
86881
89443
92071
94850
97716
100743
103846
107008
110233
113559
116975
120653
124293
128161
132018
136070
140247
144454
148916
153448
158177
163020
167931
172922
178137
183504
189115
195064
201059
207151
213375
219845
226515
233518
240549
247962
255411
263170
271191
279560
288232
296943
305968
315369
324952
334721
344989
355484
366344
377410
388928
400769
412905
425404
438455
452031
465939
480179
494903
509969
525581
541754
558429
575532
592906
611132
629698
648822
668656
689089
710016
731540
754078
777220
800871
825222
850179
876444
902875
930293
958850
988189
1018496
1049802
1081893
1114613
1148723
1183867
1220017
1257192
1295981
1335899
1376429
1418369
1461861
1506522
1552444
1599993
1648793
1699277
1751498
1804796
1860034
1916828
1975171
2035355
20843
21475
22164
22848
23569
24286
24993
25759
26547
27427
28230
29034
29916
30823
31741
32685
33673
34638
35672
36799
37948
39105
40296
41574
42839
44105
45464
46886
48321
49776
51300
52879
54522
56143
57879
59621
61407
63313
65276
