102644
105342
108156
111036
113996
116968
120127
123294
126500
129847
133281
136801
140406
144130
148039
151915
155973
160217
164418
168822
173379
178045
182908
187752
192723
197961
203230
208695
214211
219935
225752
231716
237914
244385
250937
257704
264714
271894
279365
286752
294334
302370
310591
318854
327432
336265
345341
354670
364329
374085
384073
394484
405226
416138
427311
438695
450555
462764
475123
488160
501331
515059
528958
543274
557983
573236
588748
604750
621106
637952
655524
673238
691580
710576
729764
749604
769932
790754
812695
834738
857593
880797
904531
929516
954904
980992
1007860
1035349
1063533
1092416
1122240
1152892
1184430
1216639
1249796
1283875
1318874
1354862
1392070
1430115
1469363
1509362
1550970
1593603
1637239
1681994
1728215
1775341
1824016
1874073
1925591
1978271
2032831
20942
21506
22106
22710
23347
23982
24660
25348
25998
26689
27379
28110
28868
29645
30476
31337
32253
33136
34063
35051
36055
37073
38110
39192
40338
41451
42630
43810
45070
46314
47578
48857
50244
51673
53112
54569
56072
57615
59162
60863
62580
64336
66072
67938
69867
71784
73764
75811
77965
80153
82424
84779
87154
89670
92189
94729
97352
100078
102952
105827
108825
111900
114947
118130
121371
124814
128328
131937
135622
139248
143139
147119
151260
155456
159934
164359
168962
173731
178647
183673
188839
194174
199722
205381
211151
217164
223260
229513
236037
242671
249620
256511
263772
271378
278929
286830
294952
303249
311888
320811
330011
339364
348920
358917
369068
379368
390287
401369
412844
424664
436643
449150
462068
475290
488767
502271
516719
531519
546662
562094
578224
594625
611603
629103
647080
665528
684635
704285
724542
745311
766892
788712
811205
834267
858141
882676
907995
933909
960370
987627
1015885
1044953
1074839
1105745
1137734
1170411
1203876
1238333
1273587
1309653
1347318
1385616
1425302
1465852
1507811
1550846
1595682
1641682
1688913
1737216
1786938
1838330
1890705
1945497
2001076
20296
20862
21471
22073
22703
23381
24081
24758
25487
26190
26949
27724
28571
29355
30227
31105
31982
32899
33868
34875
35920
36938
38000
39109
40280
41413
42614
43870
45154
46424
47827
49185
50603
52112
53576
55110
56655
58344
60121
61845
63635
65463
67371
69262
71337
73314
75473
77577
79885
82270
84656
87120
89637
92204
94747
97608
100468
103449
106485
109516
112704
115925
119247
122814
126325
129871
133677
137602
141499
145582
149877
154194
158658
163467
168255
173176
178164
183401
188788
194242
199919
205707
211807
218007
224336
230910
237628
244629
251586
258929
266484
274284
282463
290683
299310
308089
317181
326602
336299
346246
356340
366769
377596
388741
400262
411953
424041
436650
449461
462678
476351
490257
504608
519486
534658
550410
566435
582869
600132
617760
635958
654782
674197
694152
714607
735761
757664
779898
803094
826928
851150
876223
901813
928652
956017
984042
1013410
1043340
1074017
1106044
1139108
1172983
1207845
1243822
1280543
1318272
1357372
1397933
1439301
1482073
1526109
1571525
1618330
1666078
1715857
1766901
1819476
1873728
1929442
1986793
2046186
21007
21651
22293
22949
23632
24341
25055
25804
26598
27407
28189
29013
29827
30698
31627
32563
33504
34486
35551
36653
37740
38822
40046
41251
42540
43856
45132
46492
47851
49288
50739
52237
53766
55402
57084
58828
60582
62374
64280
66287
68289
70279
72311
74449
76660
78905
81295
83645
86164
88717
91410
94070
96998
99915
102989
106145
109386
112667
116130
119572
123163
126863
130695
134531
138539
142615
146959
151358
156032
160708
165612
170615
175746
180989
186412
192130
197784
203714
209798
216262
222736
229483
236253
243407
250725
258301
266028
274264
282546
290891
299692
308815
318220
327783
337710
347799
358474
369319
380617
392026
403892
416299
428795
441752
455127
468953
483194
497797
513128
528697
544870
561433
578449
596023
614084
632380
651542
671299
691601
712314
734160
756338
779592
803550
828030
853371
879363
906174
934012
962415
991486
1022070
1053238
1085134
1118008
1152515
1187754
1224526
1261870
1300257
1339720
1380751
1423025
1466368
1510777
1557195
1604899
1654206
1705296
1757724
1811569
1867267
1924195
1982785
2043451
21192
21863
22505
23190
23914
24689
25440
26250
27047
27867
28732
29566
30495
31464
32411
33410
34432
35495
36612
37766
38899
40065
41263
42630
43934
45295
46716
48125
49650
51205
52738
54347
56065
57843
59709
61516
63479
65433
67433
69554
71749
73913
76178
78449
80844
83375
85982
88553
91318
94159
97028
100033
103061
106160
109467
112897
116349
119948
123584
127307
131165
135198
139421
143844
148372
153003
157762
162675
167662
173052
178526
183982
189683
195593
201684
208004
214580
221330
228006
235063
242387
249922
257684
265679
273776
282277
291129
300077
309633
319269
329178
339320
349882
360855
371993
383337
395512
407651
420347
433583
447048
461200
475657
490311
505944
521820
538259
555335
572608
590488
608901
627783
647399
667439
688361
709737
731868
755025
778384
802598
827586
853585
880279
907861
936538
965874
995845
1027185
1059487
1092818
1127147
1162727
1199166
1236785
1275662
1315788
1357401
1399997
1444085
1489095
1536215
1584276
1634005
1685929
1738948
1793827
1850241
1908177
1968992
2031405
20934
21619
22312
22990
23752
24509
25304
26088
26870
27747
28623
29513
30439
31407
32338
33386
34475
35595
36718
37843
39042
40265
41460
42782
44086
45487
46905
48429
49958
51524
53138
54836
56565
58439
60262
62187
64200
66189
68242
70410
72608
74966
77371
79812
82302
85008
87658
90403
93319
96305
99432
102683
105934
109380
112865
116467
120102
123896
127860
131990
136294
140634
145118
149697
154538
159570
164700
169953
175358
180958
186723
192820
199061
205241
211767
218609
225522
232862
240204
247820
255754
263977
272443
281318
290272
299396
309026
318824
329033
339524
350478
361692
373418
385113
397321
410178
423188
436648
450603
465045
479827
495329
511408
527899
545130
562551
580630
599257
618583
638673
659218
680107
702119
724763
748185
772313
796720
822114
848857
876367
904459
933653
963539
994680
1026745
1059730
1093667
1128705
1165013
1202893
1241801
1281489
1322854
1365969
1410214
1455974
1503412
1551783
1601520
1653419
1706637
1761495
1818388
1877302
1937970
2000690
20802
21444
22169
22888
23615
24358
25163
26018
26841
27729
28627
29558
30521
31509
32497
33534
34606
35645
36771
37947
39191
40514
41825
43127
44529
45978
47501
49021
50600
52185
53803
55496
57286
59159
61120
63184
65148
67272
69480
71687
74034
76403
78880
81495
84104
86831
89685
92526
95512
98731
101890
105282
108676
112137
115705
119440
123419
127300
131471
135635
140199
144831
149488
154278
159238
164443
169852
175361
181142
187065
193253
199516
206092
212869
219572
226694
234059
241623
249394
257570
265971
274682
283704
293047
302516
312346
322478
333121
343984
355233
366607
378638
391108
403680
416639
430259
444336
458748
473910
489477
505240
521791
538846
556560
574750
593504
612796
632925
653497
674852
696877
719802
743315
767711
792968
818845
845699
873675
902395
932326
962678
994076
1026844
1060538
1095439
1131273
1168255
1206393
1245922
1287094
1329457
1373201
1418372
1465217
1513302
1563489
1614998
1667954
1722752
1779363
1837812
1898393
1960590
2025022
20907
21595
22341
23092
23845
24615
25431
26279
27138
28035
28944
29855
30845
31883
32856
33921
35030
36153
37347
38660
39927
41238
42616
44022
45496
47018
48591
50177
51774
53422
55204
57072
58961
60953
62965
65037
67251
69584
71834
74227
76645
79114
81747
84491
87281
90174
93107
96175
99379
102661
106047
109652
113267
117149
120963
124781
129016
133172
137489
142074
146680
151524
156604
161555
166936
172572
178225
184128
190232
196616
203128
209842
216917
224089
231450
239020
246821
254948
263426
272128
281113
290534
300110
310034
320237
330782
341879
353282
364850
377025
389457
402208
415527
429276
443404
458034
473195
488790
504918
521654
538955
556796
575378
594526
614297
634491
655323
677035
699080
722278
746484
771284
796994
823509
850946
879107
908453
938502
969709
1001886
1034853
1069336
1104917
1141543
1179194
1218514
1258946
1300832
1344200
1388609
1435144
1482679
1531975
1582797
1635249
1689646
1745230
1802971
1862892
1925255
1989149
2055259
21167
21841
22572
23289
24042
24841
25683
26510
27400
28261
29203
30177
31211
32272
33362
34547
35775
36957
38234
39470
40782
42070
43461
44882
46404
48044
49703
51369
53050
54880
56658
58509
60444
62538
64632
66738
69040
71360
73695
76083
78651
81214
84014
86839
89749
92890
95907
99051
102266
105624
109163
112749
116568
120502
124552
128703
132884
137263
141845
146606
151460
156452
161523
166955
172526
178307
184478
190696
196958
203551
210355
217283
224432
231920
239578
247622
255834
264266
273150
282257
291765
301487
311535
322110
332981
344279
355688
367607
379791
392543
405785
419458
433443
447783
462700
478073
494141
510645
527573
545080
563394
582123
601476
621498
642473
663887
686325
709191
733184
757775
783179
809089
836328
864480
893248
923217
953948
985529
1018717
1052947
1087993
1124565
1162024
1200861
1241262
1282955
1325719
1370351
1416427
1464100
1512961
1563974
1616247
1670472
1726650
1784524
1844150
1905630
1969589
2035338
20879
21594
22297
23018
23831
24700
25453
26277
27201
28114
29142
30209
31176
32253
33304
34428
35606
36806
38015
39229
40521
41866
43215
44719
46244
47827
49435
51091
52735
54497
56294
58225
60192
62301
64461
66618
68907
71226
73733
76161
78662
81242
84046
86859
89732
92676
95805
98933
102234
105667
109259
112947
116550
120358
124416
128495
132839
137350
141877
146724
151657
156759
162112
167484
173176
179094
185193
191497
197957
204489
211354
218414
225857
233354
241175
249229
257612
266418
275327
284599
294062
303943
314201
324587
335267
346473
358397
370495
382820
395703
408970
422648
436783
451623
466606
482264
498235
514966
532329
550390
568844
588072
607914
628341
649347
671095
693575
716943
741178
766065
792064
818487
846191
874715
904026
934467
965872
998205
1031967
1066607
1102740
1139670
1177825
1217371
1258303
1300995
1344953
1390237
1436818
1485627
1535580
1587384
1640705
1695910
1752845
1812111
1873241
1936401
2001697
20804
21491
22205
22966
23737
24480
25309
26171
27058
27960
28891
29813
30839
31910
32977
34087
35168
36361
37545
38778
40093
41415
42844
44384
45867
47454
49029
50685
52311
54070
55953
57845
59741
61674
63766
65949
68183
70485
72914
75354
77865
80420
83128
85856
88721
91709
94733
97999
101424
104797
108338
112008
115621
119576
123652
127805
132163
136653
141240
146034
151005
156066
161416
166889
172436
178238
184239
190500
196917
203711
210459
217429
224733
232475
240231
248320
256697
265137
274216
283541
293135
302880
313096
323685
334538
345761
357523
369638
382281
395397
408899
422738
436956
451838
467174
482870
499230
516068
533746
551695
570297
589426
609402
630205
651528
673343
695877
719431
743787
768888
794940
821876
849439
878005
907461
938069
969610
1002609
1036509
1071749
1107999
1145698
1184214
1224354
1265455
1308054
1351896
1397604
1444762
1493551
1544041
1595766
1649030
1704815
1762007
1821094
1882517
1946547
2012477
20703
21438
22148
22901
23651
24455
25277
26079
26950
27834
28692
29690
30703
31778
32845
33968
35134
36335
37606
38905
40175
41531
42990
44451
45971
47494
49135
50730
52397
54244
56194
58074
60066
62060
64131
66318
68603
70994
73426
75947
78559
81254
84076
87031
89993
93108
96208
99490
102837
106261
109810
113543
117435
121389
125444
129698
134043
138471
143170
147946
152900
158122
163503
168880
174671
180535
186615
192898
199345
206124
213150
220393
228049
235780
243718
251934
260526
269225
278254
287620
297426
307518
317852
328537
339559
351063
362979
375300
387845
401029
414814
428702
443298
458382
473720
489858
506562
523722
541497
559856
578823
598430
618479
639292
660976
683220
706569
730676
755513
781285
807945
835255
863489
892714
922674
953931
986436
1019901
1054609
1090106
1126816
1164846
1204232
1244885
1286965
1330560
1375614
1422120
1470487
1520152
1571301
1624680
1679625
1736468
1795555
1856157
1919076
1984049
2051090
21383
22130
22864
23643
24463
25319
26136
26990
27899
28877
29841
30827
31912
32983
34110
35271
36439
37706
38943
40285
41646
43068
44556
46043
47619
49303
50877
52669
54447
56291
58161
60109
62127
64215
66407
68668
71068
73504
75970
78592
81231
83987
86855
89731
92807
95850
99080
102480
106032
109587
113336
117158
121118
125240
129537
133862
138308
142981
147908
152901
158049
163344
168791
174519
180445
186559
193002
199367
206235
213225
220359
227831
235680
243594
251883
260416
269322
278587
288029
297823
307838
318224
329062
340016
351546
363540
375795
388697
401691
415246
429230
443816
459054
474687
490681
507347
524340
542112
560664
579787
599397
619657
640518
662320
684601
707608
731586
756712
782485
809051
836285
864770
894176
924636
955762
987893
1021649
1056168
1092148
1129198
1167405
1206826
1247427
1290101
1334237
1379822
1426352
1474237
1524202
1575870
1629503
1684609
1741945
1801194
1862369
1925401
1990807
2058161
21207
21924
22662
23400
24162
25001
25829
26663
27542
28465
29381
30432
31410
32439
33530
34660
35870
37134
38429
39735
41087
42501
43973
45496
47097
48659
50265
52009
53765
55508
57363
59307
61367
63449
65568
67797
70103
72430
74877
77341
79912
82654
85469
88367
91381
94575
97802
101130
104564
108150
111864
115670
119568
123537
127718
131976
136403
141020
145848
150741
155761
161053
166431
172098
177933
183946
190112
196339
203026
209853
217101
224377
232016
239776
247954
256454
265141
274132
283408
292987
302902
313125
323512
334591
345845
357727
369788
382396
395541
408967
422931
437459
452338
467687
483256
499399
516337
533871
551987
570900
590240
610252
631344
652883
675127
697916
721809
746083
771288
797245
824251
852366
881535
911446
942349
974248
1007313
1041304
1076488
1113054
1150960
1189944
1230513
1272516
1315590
1359832
1405932
1453450
1502586
1553291
1606041
1660395
1716829
1774750
1835073
1897464
1961633
2027994
20725
21402
22044
22789
23572
24392
25252
26053
26962
27872
28795
29739
30743
31722
32807
33952
35089
36288
37471
38669
39980
41350
42764
44130
45647
47148
48743
50343
52015
53766
55512
57388
59399
61381
63480
65650
67848
70147
72487
74888
77508
80098
82807
85533
88429
91406
94456
97631
100920
104324
107759
111394
115088
118912
122944
127032
131338
135779
140398
145285
150297
155377
160722
166248
171927
177783
183739
189937
196361
203061
209954
216944
224322
231927
239782
247857
256414
265047
274083
283365
293084
302960
313320
323942
334958
346276
357759
369948
382695
395927
409492
423408
437682
452774
468107
484055
500424
517225
534645
552902
571765
591322
611493
632229
653806
676089
699020
722836
747440
773128
799451
826908
855252
884319
914281
945328
977136
1010140
1044428
1079967
1116738
1154846
1193783
1234347
1276183
1319425
1364000
1409976
1457718
1506912
1557915
1610848
1665428
1722215
1780398
1840745
1903426
1968226
2035159
21292
22020
22684
23437
24263
25059
25907
26791
27725
28692
29674
30678
31746
32850
33980
35070
36222
37411
38709
40047
41411
42756
44200
45674
47194
48810
50506
52226
53909
55818
57732
59643
61520
63663
65866
68082
70432
72822
75373
77902
80469
83261
86162
89173
92211
95410
98621
101852
105250
108839
112547
116340
120356
124506
128603
132999
137601
142321
147127
152223
157360
162818
168245
173917
179755
185883
192362
198842
205627
212550
219726
227166
234797
242716
251188
259737
268565
277826
287241
297036
306925
317519
328352
339482
351301
363200
375682
388625
401740
415457
429593
444331
459744
475397
491610
508226
525538
543382
561699
580805
600263
620829
641944
663601
686141
709548
733556
758388
784091
810929
838243
866386
895719
926009
957429
989741
1023402
1057971
1094141
1131415
1169975
1209741
1250592
1292779
1336835
1382123
1429179
1477347
1527355
1579593
1633207
1688730
1746114
1804916
1866290
1929319
1994884
2062562
21257
21961
22682
23451
24259
25089
25915
26790
27661
28617
29570
30631
31695
32731
33892
35070
36286
37477
38778
40030
41386
42747
44158
45712
47265
48890
50480
52169
53949
55761
57725
59658
61731
63846
66016
68302
70629
73044
75446
78033
80628
83383
86200
89036
92049
95194
98399
101667
104972
108520
112097
115910
119845
124047
128311
132632
137158
141781
146577
151555
156586
161869
167416
173151
178972
185052
191311
197853
204538
211335
218460
226100
233788
241784
250075
258683
267440
276410
285954
295584
305622
315974
326705
337788
349320
361087
373529
385958
398678
412365
426500
440966
455944
471432
487265
503760
520823
538694
556966
575882
595443
615568
636241
657879
680122
703318
727150
751855
777140
803145
830620
858707
887804
918077
949165
981733
1015188
1049483
1085343
1122161
1160392
1199977
1240704
1282635
1326038
1370869
1417381
1465499
1515093
1566496
1619587
1674707
1732010
1791219
1851876
1914932
1979941
2047089
21171
21907
22643
23413
24194
25048
25941
26869
27820
28757
29750
30720
31723
32799
33927
35060
36162
37348
38572
39950
41346
42723
44278
45764
47309
48893
50597
52300
54064
55894
57789
59753
61724
63824
65963
68236
70609
73021
75391
77927
80655
83458
86337
89284
92354
95445
98612
101984
105506
109094
112774
116579
120595
124744
129005
133339
137923
142625
147482
152556
157811
163330
168854
174554
180451
186667
193000
199617
206386
213468
220653
228257
235905
243862
252106
260720
269553
278876
288332
298111
308275
318510
329511
340772
352496
364573
376803
389659
402850
416505
430784
445370
460480
476172
492280
508896
526025
544028
562418
581498
601389
621843
643221
664991
687441
710764
734865
759970
785632
812228
839744
868338
897967
928776
960560
992813
1026513
1061166
1097332
1134486
1172893
1212685
1254203
1297069
1341045
1386735
1433590
1481961
1532290
1584161
1637899
1693383
1750636
1810236
1872216
1935773
2001272
20573
21226
21957
22708
23470
24276
25102
25956
26810
27738
28691
29636
30651
31653
32752
33886
35040
36254
37487
38779
40152
41439
42904
44403
45906
47411
49010
50628
52264
54059
55935
57855
59875
61875
63975
66249
68459
70766
73114
75585
78117
80789
83525
86331
89254
92214
95377
98558
101952
105368
109002
112764
116539
120505
124466
128706
133009
137596
142289
147093
151994
157013
162399
167843
173552
179547
185677
191992
198724
205322
212279
219539
226970
234727
242680
250944
259310
268028
277252
286607
296358
306628
316924
327708
338925
350496
362533
374634
387409
400714
414350
428638
443326
458502
474026
489898
506669
523921
541830
560288
579356
598976
619453
640849
662497
685056
708366
732284
757245
782958
809713
837032
865485
894772
925074
956526
988882
1022679
1057256
1093482
1130482
1168958
1209125
1250383
1292932
1336956
1382339
1429372
1477725
1527979
1579617
1633168
1688825
1745767
1805364
1866510
1929837
1995541
2063301
21261
21998
22728
23527
24331
25199
26051
26866
27766
28681
29656
30709
31783
32869
34019
35142
36281
37489
38781
40085
41434
42850
44256
45698
47220
48887
50550
52203
54008
55879
57810
59722
61677
63707
65890
68116
70472
72880
75409
77911
80625
83312
86118
89037
92033
95185
98365
101657
105112
108775
112472
116226
120166
124283
128432
132810
137287
141941
146747
151777
156972
162268
167729
173341
179251
185291
191605
198018
204690
211591
218770
226104
233769
241561
249865
258172
266988
276043
285443
295285
305328
315643
326444
337530
348958
360853
372946
385485
398807
412267
426316
440508
455354
470604
486428
502888
519976
537672
555995
574785
594491
614337
635214
656877
679084
702331
726069
750799
776369
802651
830089
858182
887291
917373
948539
980995
1014186
1048384
1084012
1121168
1159391
1199053
1239812
1282358
1326375
1371290
1418197
1466335
1516120
1567723
1620883
1675796
1732836
1791594
1852290
1914802
1979720
2046411
21059
21799
22491
23245
24106
24950
25821
26692
27575
28525
29467
30397
31415
32482
33589
34725
35907
37186
38393
39761
41160
42632
44159
45646
47217
48839
50531
52331
54085
55928
57836
59786
61741
63842
66067
68277
70600
72866
75385
77986
80705
83430
86355
89198
92072
95112
98297
101706
105228
108797
112484
116358
120287
124481
128628
133076
137608
142284
147234
152138
157205
162547
168125
173906
179846
185899
192323
198863
205665
212668
219845
227352
234994
242992
251265
259713
268360
277377
286936
296613
306582
316918
327573
338725
350307
362243
374665
387386
400583
413881
427997
442570
457617
473130
489381
506057
523231
540662
559146
578097
597754
618120
639137
660781
683441
706681
730712
756087
781694
808007
835436
863888
893360
923590
955150
987621
1021271
1055945
1091527
1128511
1167208
1207148
1248459
1290792
1334753
1380200
1426911
1475434
1525262
1576913
1630814
1686570
1743876
1802897
1863977
1927406
1993058
2060585
21629
22381
23167
23960
24789
25661
26530
27448
28377
29336
30281
31243
32291
33372
34453
35620
36741
37999
39342
40696
42132
43525
45020
46590
