102425
104878
107428
110012
112731
115516
118275
121190
124182
127213
130328
133473
136709
140043
143509
147010
150690
154287
158144
161989
166077
170027
174141
178362
182746
187143
191789
196425
201357
206318
211299
216446
221749
227149
232755
238355
244150
250079
256317
262747
269294
275862
282743
289803
296979
304334
311883
319529
327495
335569
343830
352396
361086
370153
379399
388797
398665
408640
418757
429113
439753
450792
462055
473592
485338
497404
509852
522649
535926
549217
562812
576850
591278
606022
621280
636861
652844
669091
685924
703261
720848
738889
757250
776291
795917
815972
836462
857565
879477
901530
924150
947470
971164
995924
1021250
1046640
1073210
1100256
1128052
1156453
1185277
1214910
1245597
1276949
1309334
1342750
1376810
1411634
1447321
1484045
1521476
1560308
1599499
1640269
1682035
1724546
1768620
1813563
1859810
1906978
1955288
2005583
20645
21172
21722
22251
22844
23428
24017
24625
25272
25956
26631
27305
28019
28767
29504
30252
31010
31813
32670
33479
34278
35170
36109
37041
38071
39039
40084
41124
42203
43311
44366
45531
46650
47799
49008
50246
51560
52908
54280
55712
57114
58587
60077
61612
63224
64871
66496
68189
69956
71796
73699
75564
77583
79654
81690
83790
85952
88186
90531
92935
95329
97828
100322
102945
105637
108362
111282
114212
117179
120269
123366
126463
129738
133105
136610
140151
143701
147500
151458
155371
159346
163579
167888
172270
176709
181393
186055
191012
195912
201114
206380
211880
217487
223178
229013
235018
241280
247465
254033
260684
267656
274618
281869
289215
296866
304713
312573
320763
329166
337817
346593
355748
364903
374698
384685
394876
405337
416105
426938
438280
450106
462162
474389
487099
500041
513387
526978
540994
555316
569905
584804
600290
616188
632578
649468
666653
684420
702636
721284
740490
760213
780570
801466
822787
844780
867301
890475
914415
938665
963692
989071
1015535
1042859
1070513
1099105
1128510
1158635
1189546
1221276
1253934
1287461
1322132
1357728
1394009
1431556
1469854
1509417
1549842
1591384
1634175
1678066
1722711
1769047
1816971
1865748
1916053
1968101
2020923
20896
21492
22074
22692
23297
23946
24591
25368
26036
26732
27435
28174
28959
29704
30498
31343
32201
33064
33982
34905
35897
36861
37879
38922
39975
41099
42150
43281
44458
45634
46877
48165
49492
50809
52128
53531
54992
56515
58058
59625
61249
62889
64571
66387
68208
70179
72082
74060
76043
78200
80350
82526
84808
87096
89392
91777
94298
96861
99510
102230
104985
107809
110712
113751
116825
120025
123314
126705
130241
133801
137519
141276
145021
149003
152934
157152
161497
165984
170693
175325
180118
185143
190190
195521
200820
206303
211877
217573
223490
229623
236028
242495
249137
256037
263098
270362
277852
285591
293300
301367
309685
318296
327074
336182
345530
355181
365077
375385
385806
396378
407303
418354
429707
441404
453544
466169
479002
492326
506099
519946
534459
549363
564505
580265
596326
612923
629853
647230
665236
683661
702641
722234
742179
762802
784284
806131
828690
851952
875528
899812
924784
950395
976849
1003763
1031990
1060582
1090322
1120848
1151941
1184258
1217428
1251568
1286374
1322221
1359415
1397388
1436781
1476822
1518251
1560739
1603988
1648928
1695052
1742489
1791099
1841036
1892228
1944879
1999467
2055295
21297
21896
22532
23177
23854
24559
25236
25925
26609
27337
28093
28870
29624
30421
31264
32170
33082
33996
34913
35885
36874
37926
38974
40103
41235
42460
43629
44836
46137
47452
48770
50117
51440
52946
54432
55936
57571
59181
60908
62639
64435
66267
68148
70158
72148
74040
76156
78309
80493
82816
85223
87632
90208
92726
95325
98120
100935
103759
106662
109628
112784
115926
119181
122519
125909
129410
133010
136810
140594
144660
148791
152961
157347
161755
166264
171006
175765
180720
185931
191024
196332
201938
207581
213518
219466
225778
232167
238769
245619
252655
260017
267327
275056
282945
290815
299038
307476
316301
325238
334578
344220
354031
363977
374187
384890
395654
406781
418410
430414
442714
455354
468440
481691
495387
509540
524075
538869
554193
570081
586219
603004
619962
637666
655741
674447
693854
713718
733884
754537
776054
798306
820784
844162
868172
892943
918531
944466
971324
999099
1027632
1057166
1087277
1118367
1150245
1183217
1216983
1251940
1287710
1324609
1362434
1401667
1442131
1483632
1525867
1569637
1614922
1661320
1709360
1758374
1808691
1860694
1913875
1968673
2024788
20653
21238
21917
22514
23138
23790
24439
25119
25792
26512
27245
28059
28874
29664
30486
31388
32335
33272
34243
35193
36159
37209
38295
39382
40510
41719
42864
44076
45369
46669
48007
49336
50757
52224
53729
55218
56802
58497
60153
61886
63638
65457
67379
69299
71222
73184
75356
77583
79816
82143
84497
86983
89481
92060
94669
97366
100273
103186
106184
109202
112344
115610
118914
122426
125923
129497
133226
137132
140970
144915
148948
153189
157642
162072
166847
171623
176647
181730
186921
192380
198055
203811
209783
215721
221878
228231
234859
241682
248561
255798
263306
270885
278663
286783
295085
303589
312367
321423
330827
340605
350477
360607
371230
381976
393115
404529
416084
428104
440360
453161
466544
480042
493873
508042
522840
537894
553777
569929
586340
603342
621087
639222
657787
676892
696451
716569
737398
758689
780838
803622
826929
851207
875992
901444
927735
954790
982680
1011378
1040680
1071079
1102711
1134854
1168159
1202373
1237606
1273775
1311043
1349281
1388598
1429278
1471579
1514625
1558567
1604032
1650674
1698977
1748600
1799606
1851934
1905934
1961648
2018805
20708
21311
21955
22620
23298
24002
24667
25408
26171
26944
27772
28617
29455
30302
31190
32104
33011
33967
34954
36030
37112
38224
39412
40631
41778
43007
44298
45577
46876
48282
49716
51207
52683
54305
55909
57579
59299
60950
62795
64632
66545
68546
70546
72688
74796
77024
79295
81597
83944
86393
88934
91536
94232
97009
99867
102785
105824
108965
112164
115321
118763
122240
125742
129426
133218
137205
141182
145347
149590
154076
158443
163112
167954
172870
178035
183267
188535
194119
199834
205709
211559
217719
224225
230873
237651
244476
251832
259364
266995
274855
282984
291383
299953
308825
318012
327330
336999
346794
357009
367522
378265
389362
400955
412696
424717
437228
449908
463182
476676
490882
505378
520298
535702
551371
567665
584164
601466
619124
637267
655983
675242
695261
715829
737022
759040
781512
804607
828438
852792
878043
903995
930603
958216
986274
1015603
1045690
1076632
1108689
1141480
1175431
1210261
1245990
1282811
1320720
1359677
1399774
1441390
1484102
1527500
1572860
1619373
1667320
1716853
1767277
1819513
1873158
1928692
1985635
2044461
21154
21804
22453
23125
23800
24495
25249
25954
26763
27574
28407
29251
30089
30964
31885
32853
33825
34890
35894
36956
38060
39167
40293
41488
42707
43898
45216
46558
47915
49366
50858
52363
53901
55411
57092
58853
60603
62329
64113
65991
67931
69942
72066
74210
76371
78602
80965
83337
85838
88313
90963
93613
96499
99370
102304
105364
108346
111524
114831
118379
121848
125530
129202
133054
136950
140926
145080
149298
153637
158147
162906
167704
172687
177836
182960
188288
193856
199648
205600
211759
218008
224432
231008
237831
244884
252098
259544
267296
275400
283605
292198
300886
309752
318985
328477
338282
348461
358782
369551
380381
391791
403300
415142
427547
440123
453154
466702
480618
494981
509760
524806
540459
556527
572846
590047
607574
625596
644362
663369
683207
703674
724718
746378
768232
790962
814446
838828
863801
889593
915914
943236
971446
1000544
1030537
1061475
1093040
1125755
1159495
1194293
1229939
1266474
1304423
1343224
1383387
1425057
1467902
1511348
1556592
1603089
1650364
1699769
1750885
1803163
1856849
1911902
1968845
2027419
20695
21321
21986
22611
23268
23957
24683
25426
26178
26984
27844
28654
29505
30380
31307
32262
33271
34245
35311
36342
37423
38551
39695
40847
42024
43277
44570
45918
47347
48745
50175
51733
53324
54916
56504
58267
60008
61796
63641
65523
67428
69405
71479
73577
75731
78117
80453
82771
85250
87777
90375
92990
95762
98555
101537
104726
107792
111089
114377
117800
121419
125027
128709
132482
136435
140461
144585
148919
153356
158028
162697
167599
172591
177583
182924
188336
193915
199622
205598
211622
217984
224353
231084
238045
245314
252507
260120
267928
275881
284172
292550
301215
310345
319697
329408
339250
349568
359897
370799
381928
393312
404921
417226
429697
442583
455816
469443
483402
497974
512850
528234
544223
560651
577374
594726
612515
630806
649538
668928
688918
709663
730738
752655
775151
798530
822507
847233
872570
898841
925813
953714
982174
1012206
1042743
1074181
1106230
1139649
1173932
1209323
1245688
1283104
1321808
1361819
1402609
1444562
1488239
1532876
1579172
1626616
1675124
1725481
1776854
1830014
1884504
1941193
1999844
2060366
21308
21944
22592
23258
23933
24662
25435
26238
27013
27847
28704
29587
30546
31444
32390
33354
34377
35401
36503
37546
38683
39805
40928
42152
43398
44699
46053
47399
48845
50334
51802
53322
54868
56535
58275
60042
61931
63773
65713
67679
69635
71771
73930
76069
78308
80742
83147
85716
88407
91098
93827
96698
99700
102712
105868
109085
112409
115811
119303
122902
126591
130390
134317
138310
142436
146728
151207
155665
160209
165028
169944
174988
180334
185880
191437
197156
203010
209097
215308
221829
228441
235289
242335
249663
257206
264948
272752
280977
289559
298458
307418
316648
326203
335993
346239
356658
367431
378313
389718
401538
413705
426071
438882
452031
465650
479823
494120
508844
524087
540010
556274
573182
590350
607965
626290
645255
664786
684780
705313
726577
748740
771586
794614
818511
843439
868830
895152
921994
950131
978747
1008169
1038600
1070069
1102416
1135481
1169414
1204714
1240682
1278501
1317095
1356780
1397599
1439785
1483288
1527875
1573945
1621568
1670435
1720559
1772402
1826105
1881129
1937959
1996689
2057096
20985
21644
22265
22942
23632
24332
25048
25814
26609
27446
28288
29138
30017
30960
31894
32840
33853
34885
35914
37005
38096
39307
40536
41765
43049
44328
45663
47098
48467
49905
51386
53026
54589
56294
57990
59755
61570
63437
65372
67374
69482
71593
73725
76048
78342
80690
83177
85659
88277
91012
93845
96691
99696
102683
105748
108967
112258
115641
118991
122676
126287
130049
133956
138022
142232
146549
150994
155552
160230
165156
170193
175263
180675
186176
191745
197425
203299
209319
215634
222053
228631
235605
242630
250023
257520
265344
273422
281775
290286
299151
308059
317362
327038
336881
347137
357610
368376
379608
391316
403081
415295
427908
440903
454234
467977
482196
496692
511691
527184
543046
559481
576616
594017
612250
630727
649875
669600
689978
710900
732364
754563
777314
800747
825012
850133
875866
902218
929561
957489
986501
1016541
1047146
1079019
1111443
1144823
1179374
1214869
1251683
1289757
1328794
1368924
1410315
1453571
1497467
1542726
1589485
1637960
1687819
1738755
1791241
1845748
1901513
1959091
2018219
20921
21562
22236
22948
23686
24422
25187
25960
26748
27564
28414
29289
30198
31147
32120
33083
34057
35154
36215
37294
38398
39591
40766
42048
43347
44646
45969
47393
48823
50272
51721
53246
54877
56570
58296
60003
61775
63583
65540
67511
69570
71727
74003
76274
78529
80907
83366
85784
88324
90999
93786
96584
99544
102578
105713
108992
112248
115721
119190
122777
126594
130377
134268
138320
142529
146872
151330
155933
160737
165586
170558
175711
181115
186742
192379
198133
204214
210336
216572
222926
229782
236744
243991
251319
258868
266687
274905
283266
291680
300364
309484
318779
328554
338570
348874
359394
370152
381463
392950
404918
417184
429690
442720
455968
469713
484024
498547
513666
529261
545458
561884
578893
596394
614713
633426
652550
672319
692707
713615
735135
757632
780178
803987
828181
853653
879406
906114
933510
961836
991294
1021267
1052207
1084166
1116910
1150578
1185412
1221314
1258141
1296286
1335626
1375953
1417643
1460465
1504709
1549914
1596516
1645283
1695233
1746643
1799930
1854471
1910940
1968712
2029010
20859
21505
22094
22770
23411
24130
24888
25642
26434
27212
28016
28865
29746
30621
31591
32534
33466
34509
35580
36712
37778
38908
40098
41279
42520
43811
45088
46443
47796
49181
50661
52228
53772
55391
57056
58734
60470
62256
64052
66014
68000
70138
72302
74469
76687
79041
81463
83974
86466
89123
91777
94637
97600
100561
103633
106874
110168
113488
116956
120537
124130
127898
131843
135844
139963
144239
148730
153227
157828
162585
167467
172633
177748
183070
188552
194283
200191
206307
212604
219046
225710
232631
239590
246993
254435
262236
270245
278294
286653
295203
304109
313308
322726
332546
342800
353274
364090
375292
386633
398374
410316
422636
435665
448785
462361
476511
490845
505557
521150
536883
553200
570270
587670
605536
624000
642949
662540
682804
703571
725007
747061
769882
793291
817487
842600
868329
894984
922338
949980
978764
1008470
1039137
1070524
1103065
1136752
1171709
1207188
1243811
1281665
1320548
1360984
1402570
1445456
1489152
1534528
1581152
1629391
1678802
1729866
1782481
1836685
1892401
1949717
2008465
20877
21504
22158
22809
23493
24215
24931
25682
26469
27275
28077
28967
29848
30798
31726
32761
33737
34723
35806
36919
38066
39213
40409
41670
42983
44269
45625
47062
48473
49997
51538
53047
54639
56293
58106
59831
61673
63523
65407
67343
69396
71589
73810
76104
78410
80776
83174
85652
88312
91052
93812
96747
99686
102662
105723
108950
112265
115753
119289
123034
126710
130561
134450
138512
142735
146870
151270
155838
160584
165512
170490
175665
180994
186429
192158
198010
204017
210160
216520
223207
229897
236945
244117
251521
259251
267141
275355
283725
292417
301297
310575
320110
329917
339943
350285
360989
372056
383217
395003
407007
419434
432250
445506
458984
472996
487428
502142
517476
533131
549594
566241
583609
601340
619644
638570
658129
678319
699215
720638
742742
765474
788694
812845
837501
862834
889162
916158
943862
972563
1002219
1032910
1064318
1096741
1130076
1164600
1199796
1236159
1273863
1312565
1352235
1393520
1435864
1479331
1524433
1570760
1618523
1667955
1718765
1771131
1825268
1880654
1938106
1997037
2058051
21168
21814
22473
23177
23883
24616
25359
26168
26997
27853
28707
29569
30444
31423
32361
33348
34377
35440
36508
37666
38799
39936
41157
42382
43718
45046
46425
47870
49286
50789
52368
53982
55669
57398
59191
60914
62798
64663
66650
68624
70754
72764
74942
77277
79615
82044
84572
87063
89688
92405
95202
98119
101158
104147
107410
110615
114120
117626
121222
124876
128559
132503
136560
140777
145005
149417
154070
158690
163418
168333
173515
178781
184141
189737
195534
201525
207796
214395
220956
227786
234870
242123
249354
257074
264942
273020
281393
290087
299060
308198
317580
327208
337129
347585
357961
368913
380120
391571
403421
415600
428092
441008
454311
468268
482428
497278
512384
527978
544094
560766
577765
595264
613610
632190
651376
671038
691639
712700
734291
756699
780006
803733
828109
853153
878992
905748
933534
961872
991260
1021338
1052436
1084581
1117808
1151935
1187191
1223178
1260191
1298826
1338379
1379079
1421332
1464760
1509406
1555151
1602599
1651505
1701853
1753644
1807567
1863172
1920000
1978481
2038930
21023
21672
22346
22990
23731
24484
25211
25971
26761
27548
28393
29304
30197
31084
32037
33006
34010
35054
36086
37178
38332
39559
40772
41985
43208
44559
45903
47270
48701
50171
51631
53197
54859
56553
58224
59994
61850
63727
65646
67607
69659
71816
73985
76298
78656
81066
83480
86075
88718
91315
94036
96868
99802
102800
105940
109096
112347
115789
119411
123045
126629
130589
134515
138503
142695
147000
151568
156297
161097
166000
171090
176353
181717
187313
192942
198672
204666
211023
217360
224060
230877
237977
245310
252640
260290
268209
276384
284935
293645
302506
311843
321405
331109
341239
351705
362535
373497
384853
396784
408769
421338
434122
447172
460780
474682
489223
504148
519535
535437
551897
568880
586209
604124
622489
641817
661464
681748
702621
724017
746139
768861
792208
816304
841110
866746
892857
919782
947892
976922
1006764
1037516
1069229
1101786
1135553
1170082
1205921
1242482
1280194
1319265
1359209
1400620
1443984
1487898
1533511
1579949
1627979
1677397
1728413
1781232
1835514
1891352
1949340
2008739
20553
21149
21766
22437
23111
23827
24547
25311
26062
26868
27646
28477
29341
30229
31170
32114
33105
34086
35142
36203
37319
38447
39599
40764
42065
43363
44687
46028
47430
48938
50380
51845
53446
55089
56788
58475
60185
62060
63952
65895
67926
69981
72136
74351
76646
78987
81388
84005
86558
89191
91896
94722
97531
100541
103535
106746
109980
113320
116903
120503
124195
127930
131865
135823
139958
144240
148565
153064
157766
162511
167344
172444
177731
183111
188835
194612
200613
206582
212810
219295
226070
233048
240187
247598
255295
263127
271057
279396
287863
296493
305438
314728
324156
334080
344339
354992
365778
376882
388364
400151
412335
424880
438018
451378
465263
479319
493859
508930
524474
540535
557039
573729
591297
609258
627952
647166
666932
687280
708067
729908
752055
774964
798500
822883
848247
873848
900378
928034
956429
986021
1016237
1047206
1079047
1111965
1145975
1181066
1216983
1253779
1291966
1330951
1371495
1413490
1456911
1501847
1547242
1594455
1642936
1693542
1745372
1798559
1853391
1910174
1968249
2027997
20761
21389
22021
22748
23436
24151
24929
25705
26466
27264
28091
28961
29850
30742
31673
32665
33693
34731
35848
36958
38109
39272
40482
41679
42920
44223
45545
46933
48419
49844
51348
52880
54470
56147
57942
59702
61446
63331
65304
67349
69449
71583
73701
75934
78127
80525
83007
85549
88229
91022
93814
96672
99597
102655
105767
108936
112254
115672
119131
122759
126487
130375
134299
138329
142617
147025
151535
156066
160814
165587
170609
175932
181408
187009
192696
198522
204466
210699
217286
223977
230899
237777
245043
252739
260399
268467
276611
285019
293783
302742
311862
321375
331189
341223
351698
362437
373464
384832
396640
408583
420909
433772
446923
460575
474481
488889
503911
519300
535390
551951
568894
586232
603964
622253
641353
661168
681302
701866
723243
745208
767801
791102
815202
839965
865506
892198
919205
947272
976031
1005957
1036503
1068130
1100874
1134576
1168963
1204516
1241321
1278910
1318036
1358013
1399365
1441774
1485933
1531403
1578152
1626543
1676296
1727454
1780048
1834754
1891100
1948887
2008015
20940
21573
22269
22968
23652
24352
25070
25834
26624
27400
28234
29134
30005
30872
31783
32784
33778
34779
35874
36982
38099
39251
40496
41704
42959
44245
45546
46954
48399
49867
51381
52960
54571
56268
57967
59735
61583
63505
65441
67408
69450
71575
73689
75932
78232
80562
83119
85670
88353
91068
93915
96785
99743
102769
105943
109178
112489
115881
119423
123209
127005
130910
134859
138970
143196
147498
152031
156610
161449
166434
171505
176797
182196
187657
193235
199051
205193
211569
217880
224527
231269
238406
245703
253185
260839
268755
276807
285293
294024
302994
312357
321688
331384
341407
351979
362695
373593
384860
396518
408658
421258
434032
447251
461098
475188
489711
504730
520187
536108
552424
569400
586765
604720
623185
642055
661502
681711
702869
724328
746380
769020
792607
816948
841854
867860
894408
921653
950013
978905
1008984
1039679
1071374
1103719
1137535
1172179
1207857
1244806
1283001
1321959
1362448
1403934
1446618
1491018
1536459
1583045
1631851
1681666
1733194
1785886
1840439
1896623
1954679
2014439
20982
21607
22330
23030
23729
24490
25249
26050
26839
27649
28504
29301
30255
31183
32107
33080
34051
35103
36173
37324
38389
39575
40784
42026
43313
44597
45959
47391
48929
50374
51926
53526
55096
56673
58414
60287
62143
64038
65951
67947
70076
72198
74350
76577
78838
81267
83665
86248
88892
91625
94489
97370
100375
103409
106509
109869
113304
116771
120370
123962
127734
131665
135691
139795
144025
148459
152942
157540
162340
167342
172392
177676
183171
188848
194638
200568
206703
213042
219354
226066
232930
240021
247464
254985
262743
270808
279150
287698
296540
305704
314955
324518
334684
344914
355402
366258
377301
388851
400737
412917
425598
438536
451890
465718
479980
494769
509762
525408
541433
557950
575210
592736
610908
629502
648639
668509
688870
710052
731981
754211
777233
800986
825285
850750
876512
903602
931022
959390
988903
1019090
1049924
1082015
1115234
1149365
1184435
1220508
1257481
1295795
1335904
1376692
1418841
1462089
1507055
1552972
1600586
1649505
1699917
1751965
1805179
1860087
1917070
1975576
2036054
20866
21502
22134
22797
23448
24156
24911
25673
26449
27263
28089
28938
29799
30688
31635
32617
33623
34662
35730
36819
37928
39076
40286
41507
42800
44129
45468
46809
48245
49743
51267
52802
54397
56080
57772
59494
61295
63241
65135
67124
69136
