102439
104955
107492
110124
112819
115635
118523
121486
124371
127325
130498
133631
136755
140125
143654
147152
150822
154628
158505
162427
166378
170363
174577
178945
183353
187874
192410
197128
201935
206872
211948
217203
222532
228138
233769
239557
245471
251493
257662
263977
270564
277285
284262
291353
298601
305866
313334
320990
328949
337097
345513
354032
362879
371767
381046
390430
400088
410091
420302
430833
441486
452496
463946
475576
487407
499453
512159
524920
538057
551423
565251
579508
594126
608817
624158
639851
655962
672517
689485
706793
724450
742560
761122
780194
799819
820002
840555
861847
883547
905717
928475
952023
976098
1000704
1026005
1051886
1078630
1105987
1133995
1162480
1191819
1222262
1253040
1284776
1317166
1350599
1384756
1419887
1455932
1493009
1530829
1569912
1609430
1650457
1692707
1735834
1780210
1825844
1872105
1919705
1968478
2018611
20600
21104
21639
22164
22739
23337
23906
24526
25153
25773
26420
27132
27816
28522
29219
29948
30686
31492
32224
33021
33866
34745
35592
36557
37474
38394
39416
40383
41411
42404
43508
44651
45752
46907
48155
49439
50681
51947
53336
54724
56128
57601
59095
60677
62233
63828
65402
67110
68765
70534
72443
74272
76235
78141
80130
82250
84404
86535
88748
91030
93350
95706
98184
100715
103295
106011
108820
111776
114696
117819
120891
124007
127359
130641
134064
137508
141110
144716
148376
152258
156249
160310
164478
168803
173298
177838
182584
187321
192311
197248
202272
207577
212989
218549
224412
230279
236385
242587
248826
255397
262143
269113
276283
283611
291108
298672
306679
314682
323023
331741
340361
349469
358805
368249
378032
388014
398512
408921
419674
430757
442190
453835
466063
478518
491236
504294
517748
531637
545835
560190
575190
590466
606034
622289
638918
655840
673455
691226
709758
728783
748243
768644
789011
810189
831702
853977
876588
900146
924159
948944
974304
1000150
1026934
1054560
1082902
1112079
1141530
1172318
1203573
1236040
1269371
1303178
1338130
1373824
1410483
1448519
1487216
1527046
1567967
1610343
1653448
1697878
1743285
1789921
1837852
1887580
1938429
1990617
2044240
20762
21293
21871
22412
23049
23675
24354
25000
25676
26395
27142
27868
28619
29385
30141
31012
31853
32750
33625
34502
35446
36414
37359
38377
39406
40499
41630
42704
43885
45035
46227
47479
48709
50045
51424
52833
54230
55717
57255
58800
60431
62160
63843
65561
67387
69223
71034
72990
75035
77040
79135
81357
83539
85840
88162
90580
93043
95604
98291
101009
103807
106593
109467
112445
115569
118723
122047
125292
128733
132279
135977
139697
143545
147455
151437
155562
159753
164232
168645
173352
178075
182968
187974
193107
198414
203817
209509
215290
221231
227442
233707
240143
246718
253532
260652
267803
275288
282840
290683
298616
306920
315370
323986
332797
342011
351532
361341
371296
381672
392231
403025
414130
425600
437372
449518
462162
474854
487911
501495
515443
529750
544246
559473
574842
590689
607252
624034
641472
659335
677724
696616
715838
735821
756283
777239
798564
820623
843518
867194
891375
916190
941710
968085
995238
1023305
1051886
1081115
1111272
1142275
1174288
1207247
1240909
1275028
1310802
1347398
1385138
1423454
1463239
1504175
1545776
1589038
1632977
1678559
1725778
1773826
1823366
1874250
1926530
1980016
2035068
21151
21715
22336
22948
23579
24230
24905
25627
26338
27044
27850
28638
29410
30251
31095
31969
32831
33770
34713
35696
36654
37701
38787
39889
41007
42242
43411
44615
45890
47163
48465
49839
51257
52672
54159
55648
57184
58789
60430
62149
63916
65692
67486
69353
71323
73338
75349
77428
79610
81903
84187
86582
89030
91477
94113
96877
99657
102477
105413
108351
111409
114560
117717
121039
124538
128038
131637
135403
139313
143242
147318
151507
155840
160248
164764
169453
174267
179225
184296
189580
194915
200384
206099
211972
217978
224108
230593
237062
243779
250706
257853
265248
272776
280531
288596
296801
305355
314139
322796
331983
341354
350894
360893
371156
381773
392575
403674
415230
427176
439336
451838
464709
477896
491532
505555
520201
535008
550024
565570
581635
598256
615349
632780
650763
669388
688706
708485
728571
749352
770629
792652
815161
838309
862105
886572
912087
938213
964830
992618
1020985
1049791
1079990
1110925
1142817
1175597
1209336
1244019
1279649
1316376
1353834
1392558
1432121
1473307
1515329
1558548
1602968
1649042
1696460
1745232
1795450
1846766
1899900
1954498
2010368
20594
21239
21865
22483
23132
23824
24521
25265
25950
26692
27443
28237
28944
29741
30573
31453
32319
33248
34224
35183
36212
37225
38290
39352
40431
41572
42790
44071
45339
46691
48017
49341
50737
52237
53729
55338
56956
58674
60321
62073
63813
65602
67429
69276
71272
73328
75433
77576
79773
82115
84436
86930
89412
91955
94613
97316
100111
102982
106134
109139
112313
115539
118839
122200
125554
129224
133018
136700
140653
144666
148820
153040
157362
161968
166656
171490
176404
181543
186758
192154
197714
203404
209238
215195
221487
227914
234502
241394
248493
255483
262917
270762
278658
286610
295100
303650
312570
321536
330755
340306
350287
360639
371167
381750
392718
404181
415986
428030
440630
453567
466670
480094
494052
508424
523232
538513
554303
570458
587024
604120
621512
639604
658335
677225
697043
717430
738187
759419
781413
804203
827574
851506
876464
902002
928287
955445
983005
1011558
1040961
1071212
1102499
1134362
1167379
1201199
1236006
1272065
1309312
1347141
1386318
1426459
1467975
1511065
1555320
1600671
1647590
1695728
1745403
1796401
1848978
1903272
1958743
2016062
20860
21464
22064
22711
23369
24029
24748
25562
26267
27012
27811
28643
29549
30351
31261
32151
33031
33998
34975
35954
37000
38058
39185
40347
41469
42646
43909
45202
46513
47887
49302
50794
52226
53719
55356
57027
58651
60326
62042
63922
65835
67756
69733
71795
73922
76044
78293
80577
82944
85352
87811
90457
93092
95804
98602
101537
104453
107547
110684
113862
117196
120659
124314
127942
131683
135536
139506
143626
147718
152167
156655
161224
166065
170974
176045
181212
186510
191974
197645
203473
209495
215694
222108
228635
235449
242343
249393
256662
264322
272200
280298
288590
297014
305813
314789
324005
333409
343176
353175
363439
374230
385292
396621
408428
420473
432797
445311
458610
472186
486164
500563
515114
530494
545968
561944
578457
595453
613024
631067
649686
668772
688356
708745
729600
751264
773465
796102
819156
843187
868169
893851
920349
947421
975382
1004084
1033707
1064225
1095608
1127979
1161363
1195504
1230767
1267251
1304361
1343131
1382581
1423078
1465488
1508508
1552925
1599011
1645980
1694715
1744497
1795839
1849346
1903415
1959612
2016974
20806
21413
22044
22668
23366
24034
24750
25504
26254
27032
27809
28718
29571
30428
31347
32210
33167
34148
35152
36212
37297
38397
39549
40708
41901
43122
44410
45723
47052
48465
49910
51440
52984
54608
56238
57931
59670
61523
63387
65244
67237
69256
71303
73434
75650
77884
80193
82576
84997
87479
90140
92809
95612
98439
101434
104500
107531
110771
114049
117599
121088
124650
128287
131998
135976
140006
144156
148360
152784
157259
161988
166864
171726
176936
182240
187781
193196
198922
204767
210895
217052
223631
230099
236976
243912
251054
258668
266253
274332
282601
291054
299768
308715
317788
327225
337010
347069
357507
368309
379183
390766
402501
414500
427024
439825
452740
466256
480345
494571
509167
524451
540080
556162
572991
590177
607568
625634
644338
663734
683341
703714
724945
746545
768871
791875
815559
839706
864618
890481
917045
944156
972466
1001451
1031223
1062040
1093847
1126134
1159785
1194553
1230137
1266931
1304966
1343710
1383680
1424996
1467421
1511046
1556415
1603152
1650810
1700002
1750574
1802821
1856522
1911869
1969225
2028130
20734
21339
21963
22621
23347
24119
24848
25624
26409
27181
27966
28807
29678
30558
31453
32400
33319
34244
35297
36363
37481
38658
39793
40960
42173
43379
44643
45923
47271
48686
50171
51723
53257
54851
56479
58157
59825
61572
63390
65294
67226
69241
71337
73452
75585
77838
80182
82602
85181
87782
90531
93256
96022
98893
101815
104836
108002
111244
114491
117950
121508
125171
128866
132676
136776
140852
145024
149393
153853
158563
163376
168336
173371
178512
183863
189206
194884
200536
206475
212694
219005
225569
232228
239233
246490
253821
261461
269430
277538
285845
294584
303520
312600
322032
331727
341580
351849
362284
373096
384193
395611
407734
419967
432632
445750
459225
472907
487197
501889
516898
532607
548341
564575
581739
599428
617479
636143
655460
674979
695311
716194
737669
759661
782510
806101
830386
855346
881049
907326
934391
962622
991109
1021031
1051757
1083361
1115613
1149087
1183592
1219415
1256381
1294209
1333063
1372757
1413542
1456214
1499855
1544876
1591205
1638516
1687605
1738415
1790921
1844104
1899315
1955980
2014576
20703
21283
21906
22551
23209
23933
24653
25392
26144
26925
27757
28552
29422
30321
31239
32225
33212
34232
35280
36323
37444
38509
39660
40865
42039
43306
44657
45964
47379
48746
50157
51695
53215
54838
56469
58243
60022
61836
63624
65529
67489
69511
71628
73786
76016
78302
80634
83031
85499
88043
90604
93403
96201
99130
102189
105223
108404
111591
114942
118409
122018
125644
129335
133223
137310
141397
145554
150061
154517
159074
163942
169134
174243
179498
185028
190607
196400
202302
208404
214603
221082
227593
234462
241430
248671
256179
263973
271919
279922
288377
297201
306156
315603
324990
334903
344894
355292
365976
377039
388395
400080
412111
424404
437133
450470
463940
477679
492159
507109
522272
537951
554301
570915
588133
605767
623919
642676
661884
681909
702562
723692
745533
768158
791440
815236
839660
865102
891217
918240
945799
974279
1003549
1034135
1065467
1097637
1130868
1164877
1199997
1236005
1273193
1311695
1350945
1391472
1433620
1477060
1521754
1567696
1614943
1663756
1714024
1765971
1819371
1874591
1930843
1989035
2049171
21163
21750
22434
23151
23829
24530
25255
26066
26859
27681
28455
29346
30250
31173
32106
33056
34030
35039
36127
37165
38280
39423
40621
41907
43223
44562
46031
47409
48864
50322
51913
53525
55129
56796
58477
60269
62064
63912
65861
67848
69835
72029
74216
76418
78703
81119
83561
86149
88829
91407
94204
97009
99827
102798
105886
109126
112370
115740
119232
122816
126504
130352
134292
138372
142640
146990
151414
156005
160689
165505
170555
175743
181061
186550
192301
198006
203865
210025
216351
222967
229627
236555
243596
251023
258605
266466
274469
282594
291136
299941
309095
318517
328187
338034
348176
358670
369608
380584
392052
403829
415931
428609
441530
454752
468497
482688
497327
512464
528005
544027
560247
577034
594368
612399
630759
649925
669698
689732
710632
732384
754554
777471
801224
825397
850436
876235
902581
929796
958075
986921
1016785
1047530
1078981
1111637
1145372
1180106
1215947
1252816
1290717
1329818
1369969
1411501
1454170
1498563
1543955
1590558
1638959
1688711
1739989
1792986
1847003
1903348
1961073
2020505
20591
21177
21827
22507
23170
23812
24522
25257
26028
26801
27621
28485
29325
30257
31179
32159
33098
34062
35046
36103
37175
38312
39466
40617
41844
43097
44390
45668
47032
48454
49862
51321
52872
54449
56080
57776
59531
61343
63234
65093
67047
69052
71116
73149
75353
77613
80019
82471
85041
87670
90340
93121
95969
98798
101824
104939
108098
111434
114810
118344
121984
125611
129544
133517
137597
141636
146028
150463
155122
159896
164622
169759
174859
180179
185656
191382
197152
203101
209345
215704
222166
229050
236014
243369
250799
258393
266284
274515
282735
291303
299989
308979
318324
327940
337735
347745
358259
369182
380335
392047
403661
416143
428809
442103
455474
469382
483431
497979
513021
528451
544602
561167
578354
595545
613584
632227
651338
670887
691192
712088
733848
756104
779006
802479
826667
851959
877894
904643
932164
960629
989573
1019576
1050728
1082812
1115617
1149490
1184245
1220423
1257535
1295560
1334989
1375844
1418101
1461257
1505457
1551348
1598515
1646949
1696648
1748010
1801415
1856153
1912902
1971102
2031056
20995
21587
22235
22886
23548
24290
25025
25776
26545
27333
28178
29056
29951
30921
31862
32837
33862
34907
35951
37030
38158
39321
40511
41780
43025
44363
45715
47125
48545
50036
51553
53143
54779
56399
58094
59802
61519
63392
65222
67252
69203
71300
73481
75707
77963
80283
82762
85251
87864
90514
93270
96157
99145
102127
105217
108344
111664
115129
118653
122205
125908
129624
133585
137512
141640
146033
150554
155212
159888
164729
169940
175161
180448
185827
191434
197211
203329
209535
215998
222609
229265
236375
243658
250990
258692
266462
274483
282845
291309
300168
309214
318493
328227
338135
348410
359044
370042
381179
392631
404536
416870
429440
442575
456000
469831
484055
498813
514017
529649
545899
562552
579694
597297
615329
634237
653475
673559
694003
715049
736923
759371
782240
805682
830142
855646
881611
908650
936324
964631
993656
1024076
1055071
1087275
1120252
1154243
1189316
1225654
1262781
1301112
1340520
1380905
1422625
1466245
1511151
1556947
1604513
1653234
1703735
1755544
1808584
1863774
1920119
1978399
2038481
20933
21591
22327
22998
23734
24468
25235
25957
26755
27590
28464
29378
30265
31190
32099
33046
34005
35003
36106
37194
38317
39446
40629
41952
43154
44504
45893
47313
48779
50243
51827
53477
55078
56779
58514
60284
62114
64018
66029
68023
70142
72265
74535
76794
79181
81593
84114
86613
89220
91918
94693
97702
100747
103891
107126
110316
113617
117131
120735
124529
128336
132248
136264
140381
144613
149006
153415
158056
162821
167817
172911
178227
183564
189101
195005
200996
206980
213440
220046
226762
233719
240885
248258
255602
263366
271319
279676
288338
297066
305898
315390
325208
335086
345254
355729
366421
377526
389203
401203
413470
426012
438809
452106
465701
479865
494520
509561
524932
540906
557443
574327
591719
609553
628140
647144
666863
687086
708144
729572
751720
774743
798375
822512
847786
873699
900436
927707
956162
984996
1015116
1045803
1077310
1110012
1144023
1178722
1214316
1251058
1289063
1328201
1368594
1410357
1453279
1497370
1543090
1589851
1637974
1688019
1739398
1792373
1846990
1903546
1961721
2021496
20548
21164
21796
22448
23132
23789
24505
25194
25960
26741
27556
28400
29304
30234
31238
32196
33146
34164
35208
36266
37388
38488
39634
40899
42148
43411
44722
46143
47548
48986
50543
52021
53572
55202
56883
58644
60420
62268
64217
66175
68183
70197
72352
74477
76720
79016
81361
83912
86458
89081
91781
94608
97455
100433
103478
106604
109922
113285
116865
120409
124155
127985
131887
135919
140020
144261
148576
153087
157721
162562
167428
172440
177629
183026
188689
194475
200415
206594
212818
219316
226084
233045
240261
247389
254981
262640
270565
278898
287559
296315
305540
314677
324271
334075
344248
354968
365727
376886
388341
400177
412439
424956
437911
451199
464953
478920
493173
508264
523893
539639
556274
573253
590734
608661
627017
646172
665892
686123
706838
728251
750282
773174
796943
821336
846269
872192
898727
926178
954282
983496
1013405
1044276
1075996
1108930
1142585
1177102
1212700
1250207
1288184
1327572
1367636
1409291
1452519
1496860
1542519
1589261
1637405
1687268
1738726
1791865
1846560
1902786
1960758
2020505
20719
21365
22034
22647
23338
23979
24729
25510
26267
27052
27859
28723
29585
30480
31372
32293
33265
34279
35361
36435
37536
38675
39816
41051
42348
43693
45028
46442
47828
49232
50709
52295
53915
55539
57243
59093
60854
62689
64598
66456
68492
70592
72713
74893
77141
79471
81945
84481
87062
89753
92444
95175
97957
101046
104115
107259
110561
113969
117531
120997
124621
128407
132422
136557
140711
145037
149459
154007
158759
163562
168546
173711
178851
184460
190081
195824
201843
207935
214336
220854
227632
234600
241745
249172
256781
264646
272781
281085
289699
298325
307468
316896
326487
336339
346585
357003
367806
378977
390258
402382
414519
427300
440274
453734
467609
481770
496513
511739
527392
543470
560068
577105
594519
612462
631242
650512
670317
690850
711874
733417
755864
778646
802273
826687
851964
878085
905102
932731
961232
990161
1020660
1051557
1083192
1116332
1150180
1185192
1221024
1258044
1296276
1335598
1376096
1418274
1461459
1506165
1551817
1599149
1647656
1697657
1749627
1803040
1857801
1914179
1972426
2032429
20880
21491
22124
22802
23513
24226
25001
25775
26547
27328
28184
29006
29915
30874
31751
32726
33695
34689
35730
36846
38012
39188
40394
41696
42966
44283
45581
46928
48363
49866
51380
52995
54532
56142
57808
59601
61410
63261
65105
67131
69163
71182
73369
75601
77935
80407
82940
85388
87986
90671
93456
96322
99253
102394
105569
108705
111953
115371
118905
122620
126290
130157
134087
138179
142343
146688
151157
155758
160571
165389
170509
175699
181152
186608
192379
198263
204269
210411
216950
223552
230299
237268
244373
251833
259433
267353
275436
283814
292638
301508
310679
320183
330066
340144
350506
361144
372167
383576
395232
407255
419771
432520
445731
459453
473411
487850
502520
517884
533652
549874
566642
583829
601589
619823
638859
658220
678373
698919
720041
741852
764492
787700
811766
836462
862135
888507
915545
943127
971864
1001302
1031721
1063375
1095917
1129355
1163791
1199447
1235944
1273198
1311537
1351454
1392839
1435297
1479020
1523690
1569886
1617846
1667460
1718050
1770552
1824451
1879933
1937136
1996192
2057382
21139
21792
22440
23127
23837
24553
25281
26053
26868
27639
28524
29400
30289
31204
32183
33145
34192
35250
36349
37404
38485
39694
40893
42126
43404
44661
46062
47508
48981
50473
51950
53566
55135
56819
58584
60410
62294
64177
66161
68121
70231
72348
74551
76954
79275
81764
84315
86842
89464
92285
95065
97962
100970
103956
107135
110326
113699
117096
120619
124280
128032
131869
136061
140228
144532
148902
153395
158074
162813
167661
172773
178050
183379
188844
194603
200476
206727
213044
219640
226488
233403
240517
247862
255462
263348
271509
279767
288325
297052
306319
315667
325324
335438
345686
356336
367097
378405
390086
401919
414108
426744
439846
453143
466871
481098
495888
511219
526818
542918
559314
576383
593883
611912
630543
649603
669501
689769
710768
732298
754698
777646
801588
826015
851245
876994
903625
931335
959667
988745
1019102
1050114
1082094
1114630
1148541
1183590
1219758
1256550
1294899
1334420
1375230
1417719
1461091
1505567
1551890
1599784
1648866
1699223
1750590
1804211
1859345
1916082
1974177
2034394
21106
21785
22489
23219
23937
24732
25480
26257
27058
27865
28697
29553
30475
31385
32352
33367
34387
35440
36511
37634
38764
39924
41146
42396
43630
44986
46370
47741
49200
50709
52241
53827
55462
57179
58911
60719
62568
64517
66468
68503
70550
72740
74905
77216
79531
81901
84375
86945
89707
92468
95278
98182
101191
104302
107341
110565
113970
117383
120800
124466
128308
132159
136159
140301
144603
148968
153521
158215
163230
168221
173360
178516
183848
189458
195185
201011
207145
213460
219985
226659
233590
240703
247944
255452
263257
271300
279594
288062
296647
305746
315083
324736
334706
344819
355637
366391
377586
389121
401004
413211
425864
438739
452097
466119
480030
494736
509813
525582
541589
558064
575254
592843
610902
629576
648491
668557
688992
709964
731610
753938
776860
800835
825324
850448
876395
903146
930798
959103
988500
1018674
1049671
1081500
1114336
1148422
1183669
1219683
1256854
1295191
1334645
1375427
1417122
1459986
1504392
1549996
1597494
1645904
1695924
1747482
1800660
1855875
1912323
1970563
2030566
20807
21438
22077
22726
23352
24046
24776
25508
26322
27126
27941
28785
29709
30621
31552
32507
33516
34534
35618
36682
37791
38925
40093
41278
42518
43807
45064
46474
47831
49294
50809
52362
53995
55601
57323
59085
60931
62748
64710
66651
68701
70838
72983
75240
77562
79914
82349
84894
87380
90057
92899
95686
98600
101628
104750
107923
111177
114561
117959
121469
125179
129114
133080
137141
141290
145626
150076
154666
159441
164224
169158
174374
179674
185124
190746
196509
202583
208801
215183
221604
228480
235314
242497
249866
257556
265270
273461
281790
290425
299183
308197
317763
327586
337493
347938
358476
369466
380912
392617
404379
416680
429524
442345
455745
469661
483908
498673
513900
529633
545923
562436
579780
597489
615893
634651
654188
673859
694179
714963
736729
759421
782839
806723
831266
856589
882529
909697
937551
966130
995491
1025770
1057191
1089503
1122783
1157083
1192501
1229368
1266925
1305350
1345639
1386658
1428846
1472488
1517467
1563683
1611411
1660487
1711169
1763327
1816670
1872059
1929366
1988294
2049047
21212
21833
22501
23242
23926
24678
25450
26205
26944
27803
28662
29550
30439
31350
32298
33232
34163
35150
36218
37326
38531
39668
40888
42145
43437
44735
46084
47494
48845
50308
51820
53470
55102
56773
58508
60190
62037
