102585
105341
108144
111010
113895
116903
120050
123237
126457
129872
133429
137056
140654
144407
148174
152206
156237
160350
164648
169130
173695
178324
183106
188133
193266
198431
203690
209107
214758
220441
226404
232372
238603
244925
251564
258474
265482
272644
279750
287246
294905
302885
311258
319518
328108
336902
346074
355362
365012
374881
384966
395375
405942
416990
428244
439780
451637
463911
476358
489180
502541
516107
530027
544209
559053
574060
589370
605123
621788
638383
655588
673328
691462
710306
729907
749793
770335
791202
812463
834386
856950
880552
904501
928836
954252
980212
1007109
1034751
1063035
1092033
1121993
1152291
1183639
1215895
1249214
1282889
1317585
1353438
1390344
1428600
1467572
1507757
1549147
1591531
1635572
1680532
1726881
1774067
1822401
1872377
1923818
1976626
2030812
20606
21182
21758
22319
22955
23562
24202
24843
25537
26274
26984
27719
28472
29269
30068
30881
31766
32617
33479
34359
35337
36364
37370
38421
39491
40592
41713
42886
44064
45235
46497
47757
49089
50450
51847
53263
54699
56174
57696
59306
60969
62655
64387
66139
68047
69884
71795
73810
75824
78027
80145
82430
84718
87057
89521
92051
94564
97160
99807
102651
105408
108247
111232
114379
117605
120931
124325
127738
131314
134905
138663
142504
146474
150564
154775
159129
163594
168224
173006
177820
182745
187849
193094
198510
204158
209884
215877
221842
228069
234473
240874
247722
254850
261882
269300
276961
284924
292890
301117
309613
318418
327319
336651
346377
356094
366130
376306
387014
397996
409115
420700
432684
444980
457826
470735
484055
497838
511987
526374
541243
556581
572395
588711
605282
622520
640217
658270
676626
695699
715224
735726
756699
778324
800340
822951
846444
870341
895172
920696
947281
974327
1002095
1030656
1059979
1090265
1121078
1152842
1185723
1219599
1254335
1290332
1327386
1365281
1404276
1444441
1485686
1528297
1572322
1617538
1664110
1711643
1760887
1811437
1863472
1916497
1971782
2028147
20993
21580
22182
22752
23385
24049
24756
25465
26158
26890
27682
28399
29245
30136
30966
31844
32748
33733
34727
35764
36749
37764
38834
39970
41135
42326
43553
44788
46047
47330
48697
50120
51614
53125
54648
56214
57788
59430
61171
62932
64794
66649
68569
70617
72764
74868
77011
79256
81489
83803
86338
88826
91372
94103
96788
99598
102447
105512
108600
111680
114909
118231
121749
125292
128889
132644
136469
140484
144521
148742
153127
157650
162305
167045
171999
177035
182327
187626
193078
198678
204535
210497
216555
222982
229413
236258
243046
250203
257526
265173
273102
281122
289393
297866
306512
315481
324758
334437
344317
354332
364866
375636
386670
398087
410113
421997
434473
447221
460511
474171
488053
502486
517426
532730
548203
564388
580995
598224
615818
633884
652939
672171
691976
712211
733324
755161
777316
800093
823891
848411
873865
899470
926129
953425
981629
1010741
1040977
1071641
1103280
1136137
1169713
1204238
1239996
1276863
1314868
1353981
1394038
1435655
1477780
1521845
1567193
1613614
1661652
1710947
1761967
1814298
1868326
1923856
1981206
2040782
21105
21710
22354
23011
23687
24386
25112
25805
26542
27320
28121
29009
29923
30775
31697
32672
33633
34620
35624
36696
37785
38950
40110
41302
42533
43828
45117
46549
47947
49394
50834
52355
53897
55590
57301
58966
60694
62459
64307
66289
68324
70388
72473
74657
76862
79227
81520
83962
86542
89226
91922
94670
97484
100364
103354
106338
109479
112736
116092
119614
123196
126812
130566
134459
138563
142700
147020
151429
155966
160642
165667
170649
175791
181049
186580
192243
197979
204012
210096
216426
222974
229841
236776
243874
251256
259038
266835
275111
283503
292112
300950
309845
319197
328997
338985
349208
359854
370813
381794
393376
405290
417559
430513
443459
457097
471005
485440
500229
515317
530984
546996
563722
580909
598425
616763
635401
654522
674364
694731
715915
737774
760533
783497
807378
831779
857150
883429
910637
938649
967278
997002
1027346
1058517
1090889
1124023
1158281
1194037
1230318
1268248
1306849
1346744
1388064
1430398
1474543
1519970
1566232
1614027
1663616
1714747
1767599
1821703
1877088
1934654
1994047
2055233
21087
21711
22344
23057
23794
24490
25223
26001
26757
27564
28399
29301
30237
31114
32079
33078
34135
35155
36279
37356
38511
39628
40768
42053
43306
44658
46034
47542
48978
50392
51920
53489
55117
56813
58584
60390
62290
64211
66136
68150
70210
72419
74606
76924
79299
81664
84251
86838
89560
92395
95322
98248
101302
104477
107638
110898
114355
117931
121542
125288
129164
133303
137419
141748
146142
150648
155351
160190
165142
170325
175583
181150
186650
192243
198162
204341
210841
217419
224202
231182
238494
245799
253355
261281
269333
277656
286166
295036
304175
313637
323469
333645
344025
354802
365883
377429
389007
401159
413813
426757
440136
453807
467942
482486
497458
513158
529254
546012
563133
580859
599135
617797
637123
657115
677522
699067
720815
743090
766444
790403
815197
840686
867088
894212
922407
951570
981130
1012230
1044064
1077191
1111005
1146237
1182279
1219278
1257906
1297604
1338168
1380260
1423712
1468607
1514910
1563075
1612599
1663069
1715262
1769023
1824847
1882453
1941996
2003079
20596
21242
21937
22655
23418
24165
24937
25734
26533
27406
28257
29109
30034
31006
32026
33082
34151
35259
36333
37493
38669
39932
41220
42482
43850
45275
46720
48210
49784
51380
53041
54747
56566
58340
60232
62161
64110
66127
68199
70430
72756
75099
77540
80020
82578
85143
87879
90650
93450
96422
99482
102576
105856
109380
112884
116467
120202
124053
128012
132255
136424
140763
145297
149938
154742
159783
164976
170262
175701
181329
187102
193104
199368
205842
212413
219213
226303
233436
240896
248704
256754
264867
273377
282235
291282
300746
310371
320263
330492
341196
352186
363804
375434
387249
399615
412451
425520
439054
453240
467753
482788
498248
513892
530574
547690
565310
583563
602477
621988
642092
662915
684199
706114
729019
752758
776727
801716
827391
854065
881574
910130
939403
969564
1000607
1033001
1065892
1100268
1135917
1172453
1210019
1249167
1289244
1330522
1373597
1417925
1463613
1511041
1559903
1610371
1662177
1715639
1771176
1828383
1887781
1948636
2011442
20767
21465
22146
22872
23653
24398
25191
26004
26866
27718
28604
29536
30485
31481
32467
33489
34547
35673
36780
37975
39143
40410
41728
43032
44434
45970
47482
48938
50502
52179
53844
55597
57481
59306
61200
63128
65151
67333
69565
71802
74110
76517
79014
81539
84203
86892
89661
92622
95611
98761
101888
105247
108710
112200
115837
119583
123372
127434
131695
135888
140302
144949
149862
154746
159784
165028
170438
175974
181582
187601
193823
199980
206440
213137
220182
227416
234883
242532
250418
258693
267125
275810
284744
293989
303600
313611
323813
334463
345645
357029
368601
380757
393172
406099
419514
433234
447432
462180
477143
492790
509060
525951
543356
561119
579334
598397
618028
638032
658751
680107
702332
725262
748752
773355
798428
824505
851675
879764
908571
938300
969097
1001318
1034113
1067897
1103049
1139171
1176229
1214774
1254760
1296286
1338609
1383113
1428567
1475527
1523653
1574136
1626091
1679652
1734540
1791583
1850509
1911717
1974115
2039436
21305
22070
22833
23585
24359
25154
25971
26809
27728
28655
29601
30573
31627
32670
33722
34805
35906
37084
38271
39594
40993
42320
43697
45170
46653
48193
49774
51399
53143
54946
56795
58639
60495
62462
64435
66570
68822
71148
73438
75909
78496
81131
83768
86526
89416
92351
95352
98492
101804
105160
108716
112238
115880
119649
123552
127642
131991
136398
140998
145714
150553
155571
160779
166033
171571
177168
182949
189073
195309
201928
208638
215627
222873
230317
238040
245895
254004
262361
271002
279996
289363
298793
308795
319218
329815
340764
351799
363512
375713
388137
400996
414339
428052
442371
456971
472164
487632
503618
520345
537511
555162
573700
592887
612259
632683
653865
675831
698444
721613
745198
770029
795805
822146
849419
877496
906630
936786
967838
999990
1033073
1067568
1103039
1139697
1177788
1216980
1257356
1299197
1342424
1387264
1433277
1480488
1530048
1581023
1633692
1688519
1744979
1803146
1863181
1925280
1989185
2055479
21146
21861
22590
23346
24106
24923
25724
26580
27461
28371
29357
30282
31287
32317
33406
34477
35724
36908
38131
39389
40745
42159
43560
45029
46576
48118
49762
51461
53182
55013
56806
58770
60772
62798
64819
67027
69268
71601
73991
76401
79019
81691
84406
87167
90044
93043
96200
99360
102749
106083
109476
113238
117086
121029
125062
129256
133560
138153
142738
147403
152355
157456
162670
168131
173791
179708
185678
191974
198468
205225
211952
218956
226351
233897
241688
249596
258122
266804
275872
285201
294726
304587
314853
325350
335996
347209
358939
371044
383472
396288
409631
423432
437427
451965
467064
482642
498846
515620
532848
550902
569397
588136
607931
628433
649572
671380
693848
717177
741342
766126
791747
818336
846078
874588
903942
934007
964979
997286
1030829
1065230
1100971
1137925
1176159
1215345
1256447
1298760
1342322
1387454
1433792
1482117
1531761
1583017
1636149
1690957
1747245
1805772
1866241
1928346
1993148
2059983
21524
22267
23005
23776
24532
25375
26237
27091
28018
28986
29952
30906
31941
33022
34116
35245
36471
37677
38933
40189
41534
42949
44437
45931
47490
49117
50815
52551
54262
56135
58024
59886
61939
63931
66121
68299
70594
72986
75380
77872
80495
83215
86007
88961
92005
95146
98375
101744
105104
108567
112156
115934
119751
123804
127924
132157
136619
141103
145822
150653
155730
160952
166314
171891
177639
183624
189806
196159
202679
209549
216711
223908
231544
239214
247351
255596
264306
272983
282092
291471
301280
311616
321939
332683
343906
355551
367644
380123
392986
406371
420081
434187
448532
463688
479276
495373
512236
529614
547209
565714
584990
604838
625251
646206
668161
690500
713919
737985
762745
788511
815075
842476
871170
900421
931052
962315
994742
1027977
1062806
1098541
1135445
1173496
1213381
1254621
1297100
1340613
1385612
1432176
1480527
1530044
1581719
1634894
1689877
1746492
1805272
1866298
1928883
1994358
2061824
21312
22015
22708
23470
24261
25045
25906
26774
27711
28678
29644
30644
31659
32716
33769
34886
36036
37252
38546
39858
41185
42541
43966
45527
47087
48671
50368
52115
53909
55706
57571
59567
61470
63556
65710
67894
70231
72586
75083
77645
80321
83151
85932
88820
91793
94887
98127
101577
104968
108595
112252
116069
120025
124074
128358
132706
137221
141855
146673
151798
156930
162273
167842
173518
179309
185375
191559
198030
204858
211732
218866
226122
233800
241580
249798
258128
266831
275775
285082
294634
304616
314853
325326
336437
347610
359238
371298
383819
396734
410443
424283
438743
453453
468710
484647
501054
517844
535313
553571
572311
591679
611478
631951
653360
675425
698381
721939
745909
771127
797301
824004
851952
880871
910799
941616
973529
1006678
1040555
1075726
1111712
1149311
1187918
1228001
1269882
1312958
1357179
1403255
1450568
1499272
1550043
1602498
1656769
1712653
1770294
1829907
1891866
1955610
2021729
20729
21449
22151
22909
23680
24506
25373
26214
27057
27979
28924
29876
30890
31995
33020
34124
35229
36459
37719
38988
40264
41704
43070
44518
46032
47590
49197
50823
52552
54307
56161
58072
60034
61999
64123
66222
68397
70802
73205
75691
78132
80695
83447
86285
89135
92184
95402
98607
101925
105285
108881
112461
116261
120246
124309
128519
132908
137426
142090
147058
152045
157243
162663
168204
173843
179689
185821
192118
198637
205365
212204
219395
226809
234602
242510
250643
259219
268024
277078
286603
296348
306345
316726
327468
338535
350058
362073
374317
386923
400217
413909
427729
442251
457386
472727
488573
505049
521990
539649
558061
577040
596417
616595
637526
659080
681310
704346
728196
752911
778296
804892
831914
859980
888988
918955
950285
982429
1015749
1050145
1085813
1122796
1160537
1199731
1240035
1281800
1324716
1369464
1415510
1463451
1513088
1564894
1617506
1672177
1729084
1787553
1848007
1910551
1975207
2042054
20898
21619
22393
23186
23933
24814
25673
26551
27460
28373
29324
30280
31348
32448
33525
34688
35805
36993
38231
39458
40812
42238
43598
45082
46620
48299
49940
51591
53371
55153
57063
58956
60946
62976
65109
67263
69645
72022
74376
76944
79538
82241
84920
87760
90802
93844
97022
100333
103742
107292
110830
114481
118426
122314
126425
130662
135203
139927
144665
149638
154752
160002
165372
170941
176733
182774
189088
195514
202064
208908
216038
223218
230746
238452
246297
254633
263344
272339
281520
291063
301099
311322
322189
332949
344155
355893
368026
380596
393606
406917
420568
434674
449378
464853
480598
497074
513890
531123
549265
567846
586935
607077
627814
649177
671398
694013
717647
742179
767564
793760
820748
848375
877086
906557
937167
968878
1001630
1035551
1070451
1106433
1144301
1183472
1224142
1265562
1308584
1353584
1399615
1447093
1496000
1547074
1599612
1654218
1710670
1768686
1828728
1890689
1955108
2021429
20806
21450
22171
22940
23727
24564
25444
26264
27183
28051
28959
29907
30958
31977
33073
34202
35351
36575
37849
39231
40534
41910
43311
44742
46304
47865
49477
51142
52771
54517
56420
58390
60396
62484
64579
66716
68944
71304
73755
76281
78814
81387
84181
87026
89973
92986
96156
99490
102832
106285
109768
113586
117404
121417
125490
129605
134016
138639
143333
148040
153034
158200
163628
169026
174724
180621
186742
192982
199579
206291
213457
220603
228037
235638
243516
251914
260578
269279
278372
287908
297665
307939
318610
329510
340670
352140
364057
376331
389063
402453
416208
430245
444815
459803
475588
491492
508237
525413
543053
561611
580666
600560
620868
641895
663823
686443
710025
734284
759261
784941
811302
838708
866999
896319
926773
958388
990890
1024809
1059560
1095688
1133034
1171473
1211198
1252374
1294909
1338629
1383993
1431178
1479530
1529998
1581784
1635652
1691590
1749254
1808421
1869585
1932974
1998477
2066836
21404
22129
22871
23642
24434
25300
26160
27067
27959
28856
29882
30975
32053
33113
34251
35418
36596
37772
39020
40326
41674
43131
44593
46092
47632
49255
50990
52810
54536
56306
58268
60234
62326
64531
66707
69012
71424
73871
76439
79010
81694
84539
87396
90333
93262
96462
99833
103197
106795
110534
114341
118253
122243
126369
130741
135304
139900
144649
149601
154662
159872
165336
170926
176761
182608
188866
195216
201819
208591
215723
223143
230808
238588
246596
255105
263817
272859
282114
291688
301902
312288
322681
333696
345091
356848
369022
381585
394493
408039
421834
436194
451033
466311
482320
498938
515764
533289
551410
570089
589442
609408
629800
651072
673322
696209
719878
744204
769479
795322
822286
850164
878893
908552
939335
971288
1004240
1038463
1073879
1110550
1148368
1187306
1227362
1268998
1312029
1356667
1402875
1450286
1499814
1550908
1603827
1658556
1715066
1773560
1833849
1895887
1960535
2026810
21037
21732
22459
23218
24041
24891
25724
26636
27550
28476
29427
30422
31428
32514
33684
34807
36009
37195
38467
39806
41157
42551
43923
45474
46987
48564
50223
51911
53621
55440
57351
59403
61423
63579
65749
67927
70261
72644
75074
77639
80300
83110
85929
88862
91838
95059
98290
101599
105090
108607
112253
116061
120003
124047
128169
132500
136871
141570
146248
151153
156219
161466
166907
172692
178542
184488
190693
197213
204004
210796
217987
225456
233210
241220
249460
258060
266814
275846
285155
294695
304741
314820
325582
336584
347887
359442
371569
384258
397254
410424
424620
439181
454186
469663
485643
502313
519485
537083
555098
573568
592963
613241
633860
655463
677711
700985
724996
749745
775439
801443
828500
856588
885759
915703
946730
979043
1012460
1046897
1082631
1119649
1157220
1196538
1237207
1279497
1322911
1368017
1414572
1462479
1511925
1563235
1616497
1671730
1728636
1787539
1848404
1911499
1977006
2043918
21097
21818
22579
23359
24159
25000
25903
26770
27643
28588
29515
30517
31547
32608
33696
34863
36086
37245
38492
39697
41095
42486
43934
45469
46985
48576
50215
51946
53721
55596
57525
59427
61438
63516
65684
67880
70233
72595
74975
77548
80244
82968
85834
88762
91785
94974
98174
101454
104895
108472
112181
116015
120088
124209
128505
132967
137458
142108
146879
151851
157050
162417
167887
173530
179558
185729
191952
198394
205237
212195
219339
226895
234622
242668
250987
259555
268296
277385
286904
296471
306502
316786
327526
338651
350259
362101
374506
387473
400697
414259
428365
442744
457904
473405
489401
506235
523476
541381
559843
578782
598750
619104
640325
662431
685163
708392
732577
757571
783493
810251
837938
866415
895849
926515
958347
990709
1024514
1059516
1095792
1133076
1171428
1211250
1252635
1295335
1339295
1385114
1432159
1480885
1531009
1582754
1636498
1692445
1749793
1809449
1870736
1934128
1999284
2067327
21642
22338
23081
23846
24661
25527
26405
27294
28220
29251
30219
31285
32347
33368
34440
35559
36806
38085
39456
40792
42150
43590
45065
46570
48151
49750
51374
53175
54944
56854
58764
60829
62918
65049
67271
69578
71948
74388
76960
79552
82242
85033
87956
90879
93891
96993
100229
103646
107185
110791
114615
118439
122470
126658
130798
135228
139832
144545
149584
154539
159687
165194
170734
176515
182469
188619
195054
201697
208393
215499
222853
230437
238124
246048
254496
263217
272049
281539
291161
301042
311381
322055
332934
344339
355990
367920
380489
393510
406673
420632
434946
449716
464949
480769
497103
513773
531276
549280
568042
587369
607361
627958
649494
671820
694665
718336
742904
768190
794545
821815
849661
878395
908169
939064
970958
1003941
1037972
1073108
1109810
1147554
1186221
1226676
1268576
1311707
1356232
1402539
1449946
1499157
1549723
1602269
1657088
1713156
1770801
1830691
1893056
1957859
2024486
20987
21696
22450
23194
23997
24836
25684
26607
27503
28434
29388
30414
31456
32520
33590
34787
35948
37152
38425
39770
41209
42621
44095
45596
47193
48816
50493
52187
53979
55836
57738
59692
61723
63792
65919
68132
70457
72943
75480
77995
80671
83368
86235
89199
92234
95536
98730
102052
105539
109144
112826
116694
120522
124623
128808
133118
137628
142286
147246
152268
157348
162737
168296
173991
179897
186032
192382
198898
205646
212721
219862
227450
235226
243145
251443
260127
269117
278294
287732
297629
307750
318395
329130
340352
351851
363748
376239
389125
402216
415899
429938
444556
459635
475443
491636
508216
525288
543063
561812
580890
600598
621155
642238
664271
686941
710146
734175
759222
784833
811309
838915
867701
897125
928008
959607
992563
1026109
1061049
1097090
1134432
1172977
1212747
1254319
1296875
1341249
1386509
1433967
1482619
1533033
1584635
1638358
1693956
1751423
1810956
1872554
1936577
2002057
20517
21241
21961
22780
23506
24312
25171
26024
26941
27891
28810
29734
30686
31717
32814
33907
35067
36224
37440
38768
40092
41416
42775
44251
45810
47376
49045
50649
52391
54194
56125
58073
60030
62014
64135
66287
68596
70916
73343
75887
78431
81018
83732
86610
89526
92641
95783
98988
102444
105904
109504
113358
117104
121038
125172
129479
133831
138260
142904
147843
152801
157921
163249
168915
174689
180550
186646
193020
199491
206287
213313
220579
228174
235743
243751
252025
260630
269540
278659
288250
298270
308564
319083
329981
341184
352962
364959
377247
390145
403531
417249
431333
445806
461128
476844
493126
509721
526901
544832
563411
582546
602333
622751
644020
666015
688749
711942
736124
761008
786897
813690
841606
870143
899826
930357
962017
994663
1028638
1063472
1099536
1136783
1175885
1215916
1257266
1300195
1344417
1390477
1437790
1486360
1536998
1589812
1643827
1699673
1757598
1817207
1879687
1943522
2009802
20956
21714
22446
23172
23925
24748
25606
26487
27345
28240
29172
30138
31166
32256
33372
34528
35697
36923
38127
39378
40716
42095
43478
45022
46590
48167
49795
51474
53273
55134
56988
58910
60942
63020
65193
67418
69698
72068
74469
76968
79640
82303
85085
87998
91066
94157
97429
100756
104218
107721
111255
115076
118931
122939
127024
131303
135708
140423
145146
150125
155292
160601
165937
171616
177433
183485
189707
196149
202826
209772
216887
224361
231975
239855
247805
256176
264836
273815
283255
292767
302761
313099
323711
334724
346247
357881
370123
382768
395906
409321
423061
437459
452319
467664
483720
500126
517184
535012
553204
571913
591472
611660
632384
653974
676308
699656
723579
748570
773939
800174
827431
855736
884841
915009
946206
978367
1011807
1045975
1081644
1118345
1156500
1196024
1237010
1279018
1322203
1367246
1413645
1461713
1511088
1562525
1615669
1670128
1727778
1786124
1846794
1909279
1974494
2041463
20968
21660
22422
23175
23918
24748
25642
26510
27441
28313
29297
30364
31374
32404
33531
34693
35851
37054
38294
39611
41001
42393
43852
45374
46893
48500
50194
51888
