102661
105283
108140
110994
113888
116938
120021
123221
126522
129768
133199
136647
140327
144058
147848
151755
155756
159894
164066
168478
172899
177474
182109
186928
191910
196983
202204
207547
213034
218637
224543
230571
236671
243022
249552
256161
262942
270058
277334
284894
292249
300162
308325
316556
325062
333851
342768
351979
361577
371168
381169
391374
401943
412848
424141
435531
447119
459280
471659
484414
497595
511021
524853
539168
553566
568636
584263
600104
616620
633281
650398
668195
686260
705044
724221
744011
764019
784793
806081
828015
850494
873820
897579
922216
947339
973340
999892
1027209
1055355
1083935
1113682
1144015
1175274
1207652
1240873
1275082
1310085
1346280
1383312
1421331
1460603
1500496
1541675
1584099
1627420
1672333
1717987
1765714
1814154
1863941
1915001
1967697
2021806
20745
21342
21895
22553
23199
23802
24456
25132
25844
26560
27293
28032
28785
29615
30458
31257
32102
33003
33853
34823
35761
36771
37720
38815
39914
41087
42212
43366
44587
45827
47094
48434
49764
51138
52571
54004
55500
57041
58600
60210
61922
63724
65477
67315
69174
71054
72914
74949
77117
79274
81501
83824
86088
88502
90905
93513
96084
98795
101602
104415
107355
110391
113465
116657
119926
123284
126756
130351
134063
137925
141872
145743
149812
154101
158510
163000
167507
172289
177091
182111
187129
192286
197664
203212
208856
214762
220852
227157
233484
240061
246875
253852
260947
268448
275935
283666
291796
300084
308735
317508
326679
335860
345409
355130
365141
375341
385987
397118
408502
420139
432125
444343
457012
470122
483199
496907
511154
525675
540632
556153
572011
588253
604662
622020
639912
658154
676930
696402
716302
736851
757976
779765
802151
825135
848632
873171
898258
924167
950860
978124
1005967
1034798
1064434
1095240
1126173
1158391
1191294
1225158
1260545
1296632
1334029
1372297
1411476
1452139
1493843
1536893
1580939
1626237
1673046
1721237
1770938
1821701
1873792
1927422
1982711
2039652
21225
21797
22388
22999
23642
24371
25050
25782
26523
27292
28115
28949
29830
30718
31626
32579
33497
34448
35432
36452
37517
38616
39688
40848
42051
43253
44516
45775
47190
48606
50037
51443
52885
54460
56073
57658
59310
60977
62738
64503
66385
68387
70356
72444
74541
76678
78868
81128
83481
85865
88378
91006
93623
96361
99153
102045
105015
108054
111372
114533
117882
121357
124980
128581
132448
136269
140093
144205
148404
152727
157273
161840
166558
171555
176542
181676
186852
192348
197875
203721
209671
215911
222222
228650
235369
242250
249428
256672
264295
272136
280156
288277
296580
305222
314134
323570
333130
342790
352997
363338
374070
385121
396359
408151
420281
432653
445229
458311
471701
485350
499796
514449
529749
545384
561579
578213
595435
613086
631116
649868
668982
688709
709019
729891
751513
773874
796712
820287
844689
869509
895107
921850
949272
977369
1006191
1036337
1067148
1098940
1131519
1165128
1199871
1235460
1272076
1309311
1348240
1388299
1429270
1471724
1515393
1560327
1606460
1654414
1703481
1754122
1806219
1860351
1915514
1972171
2030679
20702
21305
21945
22567
23248
23923
24685
25459
26185
26949
27762
28588
29427
30289
31222
32137
33096
34092
35145
36161
37292
38368
39491
40697
41889
43149
44467
45759
47070
48474
49964
51456
53025
54652
56386
58037
59804
61617
63486
65440
67432
69484
71565
73818
76083
78311
80656
83017
85483
88075
90803
93587
96359
99301
102254
105243
108397
111681
115089
118459
122042
125749
129541
133493
137593
141578
145955
150276
154784
159453
164275
169323
174332
179510
184977
190756
196415
202327
208440
214806
221401
227992
234875
242061
249346
256781
264636
272507
280657
289048
297875
306879
316129
325819
335882
346139
356593
367623
378657
390240
401918
414112
426622
439633
452974
466866
480950
495676
510814
526458
542423
558971
575935
593656
611752
630271
649573
669236
689523
710494
732176
754443
777425
801271
825936
851143
877054
903727
931267
959746
989142
1019354
1050325
1082551
1115654
1150169
1185440
1221692
1259024
1297912
1337262
1377913
1420064
1463420
1508620
1554466
1601838
1650790
1701302
1753368
1806753
1862183
1919114
1977576
2038288
20885
21530
22240
22934
23635
24365
25162
25911
26715
27547
28386
29241
30172
31115
32102
33085
34134
35204
36318
37484
38662
39865
41147
42340
43660
44922
46350
47811
49288
50825
52369
53934
55604
57401
59066
60909
62745
64761
66752
68819
71038
73233
75513
77830
80320
82791
85390
88077
90822
93681
96529
99485
102493
105742
109035
112388
115763
119363
123070
126871
130842
134924
138974
143284
147791
152393
157046
162045
166992
172297
177617
183054
188678
194576
200660
206872
213297
219905
226767
233701
241128
248726
256525
264621
272832
281277
289975
298939
308031
317520
327346
337650
348103
359149
370424
381962
393563
405954
418621
431887
445369
459171
473543
488383
503749
519384
535615
552332
569421
587282
605718
624670
644537
664579
685605
706973
729061
751960
775694
800186
825216
851181
877700
905464
934119
963386
993730
1024853
1057262
1090602
1124788
1160313
1196986
1234764
1273604
1314029
1355429
1397804
1441890
1487374
1534386
1582976
1633091
1684913
1737774
1792719
1848880
1907107
1967756
2029689
20962
21611
22304
22999
23761
24580
25358
26186
26986
27808
28654
29575
30576
31583
32553
33535
34593
35704
36790
37981
39175
40379
41679
42933
44335
45738
47186
48682
50202
51784
53507
55221
56942
58631
60523
62519
64529
66597
68705
70897
73218
75516
77983
80458
82997
85631
88330
91111
94036
97120
100168
103398
106696
110144
113539
117186
120940
124803
128731
132770
137032
141416
145941
150653
155423
160371
165507
170783
176185
181823
187702
193669
199695
206113
212740
219472
226430
233636
241112
248737
256703
264884
273246
281955
290802
300306
309893
319805
329976
340422
351391
362577
374056
386155
398487
411065
424380
437924
451913
466130
481137
496588
512470
528923
545711
563019
581237
599934
619285
639165
659856
681104
703183
725898
749311
773668
798297
824042
850837
878047
906480
935806
966006
997058
1029291
1062675
1096884
1132408
1168607
1206101
1244670
1284789
1326155
1368962
1412936
1458593
1505916
1554329
1604706
1656512
1709808
1764936
1821651
1880291
1940953
2003707
20442
21098
21783
22504
23211
23963
24752
25568
26391
27244
28103
29015
29927
30869
31870
32904
33972
35088
36139
37286
38468
39711
40945
42246
43610
45014
46482
48021
49567
51184
52861
54585
56375
58177
60075
62031
64003
66041
68201
70420
72738
75046
77569
80077
82617
85313
88048
90946
93868
96981
100099
103348
106675
110076
113650
117431
121248
125236
129322
133519
137917
142493
147164
151923
156906
161996
167224
172732
178459
184153
190156
196453
202842
209507
216308
223444
230734
238296
246102
254118
262566
271115
279818
289082
298570
308558
318531
329044
339637
350729
362343
374280
386733
399278
412187
425474
439464
453942
468567
484210
500222
516377
533264
550765
568888
587855
607019
626964
647592
668516
690221
712623
736136
760346
785167
810924
837481
864997
893241
922851
953228
984724
1016951
1050215
1084306
1120019
1156941
1195384
1234673
1275177
1316927
1360514
1405286
1451437
1499294
1548476
1599426
1651954
1706279
1762561
1820360
1880462
1942391
2006194
20837
21564
22279
23007
23775
24519
25316
26088
26935
27850
28748
29669
30632
31638
32699
33715
34790
35969
37161
38347
39621
40895
42253
43662
45147
46620
48097
49643
51262
52964
54714
56506
58374
60273
62210
64274
66436
68653
70934
73237
75741
78229
80849
83530
86288
89071
92099
95133
98196
101448
104763
108275
111841
115472
119256
123224
127308
131615
136025
140440
145161
149982
154909
160229
165542
170987
176620
182368
188394
194671
201072
207761
214682
221809
229134
236811
244642
252812
261257
269821
278678
287925
297381
307341
317701
328245
339289
350656
362300
374363
386767
399681
412910
426688
440901
455800
470649
486210
502518
519289
536595
554374
572758
591966
611453
631872
652582
674362
696868
719914
744010
768949
794354
821013
848378
876725
905660
935768
967129
999203
1032293
1066610
1101911
1138282
1176409
1215676
1256231
1297820
1340993
1385841
1431929
1479743
1529117
1580478
1632979
1687271
1743265
1800729
1860630
1922666
1986972
2053550
21188
21914
22632
23438
24222
25045
25865
26710
27531
28487
29412
30340
31389
32393
33420
34543
35725
36932
38161
39360
40667
42083
43473
44938
46511
48097
49690
51357
53063
54814
56717
58596
60535
62578
64697
66855
69248
71589
73951
76360
78843
81474
84273
87044
89954
92924
96005
99140
102451
105956
109491
113138
116854
120741
124637
128832
133183
137677
142185
146850
151804
156910
162106
167462
173090
178715
184705
190892
197189
203778
210646
217701
225017
232578
240367
248235
256586
265027
274005
283186
292527
302440
312564
322915
333818
344897
356565
368517
380861
393698
406646
420182
434111
448564
463751
479394
495300
512023
529296
547019
565172
584071
603598
623876
644681
666340
688575
711618
735498
760198
785788
811985
839129
866965
896276
926094
957299
989189
1022368
1056808
1092361
1128987
1166970
1205752
1246396
1288253
1331628
1376031
1422154
1469620
1519093
1570020
1622543
1676917
1732883
1790844
1851249
1913556
1977824
2043980
21111
21835
22528
23298
24079
24860
25702
26581
27517
28469
29393
30349
31333
32398
33463
34563
35656
36814
38001
39279
40590
41928
43310
44734
46265
47886
49502
51230
52923
54722
56514
58386
60363
62377
64552
66754
68976
71224
73629
76126
78697
81341
84038
86900
89813
92853
95942
99128
102470
105850
109408
113035
116843
120774
124787
128915
133211
137769
142377
147109
151985
157076
162195
167696
173474
179229
185116
191474
197929
204780
211821
219013
226441
233995
241704
249722
258075
266771
275810
285065
294572
304418
314628
325038
336042
347448
359127
371033
383605
396430
409803
423761
437848
452582
467756
483496
499705
516446
533748
551761
570351
589458
609208
629767
650908
672880
695783
719069
743232
768595
794561
821338
848859
877549
906879
937874
969592
1002046
1035726
1070543
1106851
1144228
1182615
1222528
1263869
1306465
1350471
1395866
1442931
1491704
1541678
1593893
1647694
1703308
1760901
1819904
1881110
1944590
2010107
20721
21382
22092
22840
23585
24414
25157
25986
26850
27780
28687
29675
30636
31646
32679
33824
34940
36107
37283
38560
39874
41235
42659
44151
45567
47067
48639
50274
51985
53743
55630
57477
59431
61410
63498
65623
67814
70165
72583
75066
77689
80256
82956
85728
88693
91642
94716
97967
101206
104699
108182
111764
115515
119496
123487
127781
132035
136356
140787
145737
150580
155512
160828
166301
171910
177743
183790
189983
196489
203116
209994
216968
224164
231654
239476
247762
256057
264554
273549
282724
292347
302064
312372
322892
333769
345237
357080
369125
381681
394517
407811
421519
435806
450502
465518
481193
497429
514305
531430
549518
568278
587579
607632
628031
649317
671053
693952
717441
741889
767106
792838
819368
847014
875772
905449
935996
967677
1000393
1034268
1069231
1105454
1142778
1181347
1221369
1262194
1304795
1348836
1394458
1441642
1490670
1541360
1593453
1647360
1702858
1760532
1820058
1881697
1945175
2011228
20818
21511
22196
22966
23756
24528
25334
26197
27048
27938
28883
29854
30903
31967
33044
34133
35241
36396
37679
38942
40260
41598
43014
44524
46038
47608
49236
50875
52601
54381
56274
58203
60149
62173
64299
66527
68790
71136
73561
76041
78623
81272
84015
86948
89881
92987
96071
99333
102738
106196
109809
113564
117379
121391
125553
129790
134153
138612
143224
148084
153105
158255
163682
169152
174941
180910
187044
193418
200133
207022
213974
221165
228676
236394
244435
252663
261247
270222
279520
289036
298945
309061
319457
330270
341468
352954
364851
377229
389826
403005
416641
430684
445358
460447
475844
491946
508579
525998
543792
562287
581496
601067
621399
642388
664127
686677
709830
733863
758512
784336
810833
838140
866237
895546
925974
957260
989553
1023092
1057973
1093753
1130708
1169313
1208875
1249607
1291951
1335893
1380861
1427837
1475889
1525848
1577142
1630396
1685439
1742900
1801881
1862559
1925987
1991203
2058879
21322
22069
22797
23600
24406
25209
26072
26974
27874
28824
29829
30797
31885
32932
34081
35230
36444
37675
38999
40290
41660
43057
44481
46005
47585
49193
50912
52610
54343
56221
58137
60111
62141
64254
66427
68732
71054
73396
75889
78534
81173
83905
86717
89664
92572
95839
99138
102434
105805
109306
112880
116745
120544
124781
129032
133397
138007
142744
147477
152385
157536
163020
168594
174434
180440
186475
192832
199258
205937
212891
220175
227547
235269
243407
251647
260234
269020
277954
287349
297007
307033
317372
328147
339127
350626
362624
374831
387450
400590
414249
428374
442827
457741
473322
489502
506135
523202
540621
558766
577527
597279
617570
638580
659932
682480
705630
729271
753896
779350
806119
833072
861450
890757
921094
952467
984742
1018281
1052494
1088303
1125149
1163124
1202228
1243061
1285036
1328652
1373512
1420252
1468231
1517503
1568666
1621662
1676139
1732625
1791319
1851807
1914727
1979227
2046326
20974
21725
22491
23277
24058
24858
25716
26570
27517
28426
29403
30395
31398
32449
33527
34683
35916
37131
38445
39816
41149
42502
43888
45334
46836
48430
50059
51752
53540
55368
57214
59137
61136
63215
65454
67692
70046
72434
74883
77346
79957
82652
85401
88216
91203
94228
97438
100883
104325
107800
111494
115244
119203
123249
127604
131906
136366
140998
145764
150710
155840
161150
166737
172500
178607
184672
190954
197366
204017
210911
218092
225452
233287
241268
249538
258091
266878
275880
285404
295050
305160
315595
326212
337456
348866
360581
372980
385793
398781
412235
426187
440729
455732
471163
487239
503861
521107
538862
557231
576195
595749
615873
636697
658408
680690
703646
727554
752199
777879
804544
831765
860126
889434
919959
951225
983658
1016992
1051648
1087357
1124300
1162617
1201956
1242973
1285175
1329056
1374255
1420582
1469138
1518890
1570271
1623347
1678540
1735317
1794058
1855443
1918304
1983561
2050317
21064
21784
22570
23321
24097
24907
25785
26636
27516
28453
29428
30415
31468
32573
33744
34862
36051
37279
38538
39875
41254
42624
44147
45701
47314
48898
50560
52261
54054
55904
57852
59789
61854
63889
66008
68211
70542
72965
75449
78082
80745
83504
86342
89315
92404
95580
98788
102076
105546
109149
112886
116686
120682
124632
128910
133288
137794
142470
147446
152295
157518
162904
168474
174044
179986
186070
192438
199028
205725
212571
219825
227183
234883
242883
251222
259725
268408
277418
286767
296593
306730
317179
328055
339253
350775
362736
374995
387726
400911
414252
428322
442766
457678
473213
489284
505862
523299
541130
559579
578400
597781
618155
639007
660789
683205
706525
730557
755330
781094
807622
834992
863560
893063
923304
954809
987204
1020740
1055308
1090995
1128449
1166801
1206478
1247408
1289892
1333598
1378694
1425569
1473846
1523698
1575218
1628339
1683606
1740920
1799811
1860860
1923858
1989097
2056553
21145
21884
22617
23350
24103
24903
25764
26667
27588
28510
29475
30504
31552
32593
33679
34812
35991
37210
38528
39809
41182
42568
44079
45582
47064
48659
50267
51944
53714
55524
57287
59284
61239
63363
65603
67854
70211
72589
75101
77676
80304
82976
85771
88630
91703
94765
98069
101404
104923
108616
112267
116087
119899
123931
128109
132448
136915
141542
146467
151335
156485
161744
167254
172936
178740
184698
190962
197303
203968
210854
218054
225372
233206
241139
249399
258082
266737
275777
285095
295010
305001
315485
326198
337189
348421
360287
372592
385171
398291
411616
425531
439806
454622
470182
486122
502545
519572
537255
555592
574442
593892
614022
634884
656613
678861
701908
725836
750587
776187
802710
829933
858344
887588
918002
949448
981718
1014935
1049453
1085178
1122272
1160557
1199920
1240602
1282888
1326710
1371465
1417801
1465611
1515424
1567051
1620164
1675304
1732545
1791547
1851941
1914695
1979729
2046691
20928
21613
22392
23149
23981
24783
25587
26461
27349
28342
29341
30334
31337
32413
33488
34646
35774
36973
38201
39484
40826
42264
43732
45261
46820
48444
50100
51853
53609
55410
57308
59252
61231
63392
65521
67729
70060
72473
74957
77484
80156
82942
85778
88630
91579
94641
97791
101111
104480
107975
111625
115430
119284
123202
127376
131680
136162
140776
145430
150269
155305
160645
165979
171588
177371
183304
189571
195976
202660
209578
216695
224073
231588
239633
247892
256212
264755
273757
283163
292635
302619
313048
323668
334470
345844
357489
369546
382035
394885
408243
422016
436416
451284
466903
482822
499231
516148
533657
551723
570565
590054
610049
630570
652211
674517
697521
720955
745104
770488
796673
823964
851708
880383
910376
941506
973551
1006526
1040485
1076021
1112281
1149795
1189144
1229049
1270394
1313812
1358427
1404616
1452206
1501577
1552519
1605999
1660702
1717105
1775500
1835990
1898567
1963058
2029673
20741
21446
22157
22874
23655
24460
25283
26168
27091
28036
29033
30040
31063
32108
33217
34309
35482
36667
37889
39162
40491
41869
43246
44734
46251
47819
49451
51181
52919
54688
56565
58436
60403
62542
64600
66796
69080
71448
73943
76449
79068
81786
84550
87449
90470
93488
96524
99817
103240
106722
110382
114094
117876
121829
125988
130306
134688
139409
144160
149126
154195
159435
164785
170317
176100
181986
188112
194414
201039
207883
214912
222157
229707
237439
245542
253880
262557
271469
280545
289957
299739
309898
320400
331133
342288
353896
365944
378365
391059
404716
418266
432447
447026
462302
478013
494191
510696
528238
546244
564856
584232
604116
624722
645918
667768
690471
713992
738344
763350
789280
816364
844059
872671
902401
932753
964690
997170
1030733
1066102
1102502
1140016
1178856
1218695
1259796
1302828
1347031
1392771
1440060
1488713
1539350
1591683
1645707
1701766
1759936
1819746
1881350
1945264
2011143
20631
21336
22090
22847
23621
24399
25285
26184
27068
28012
28959
29962
30974
31976
33051
34204
35377
36593
37895
39256
40505
41848
43308
44754
46219
47786
49476
51210
52897
54731
56590
58474
60537
62601
64748
67020
69342
71653
74091
76616
79295
81910
84529
87461
90378
93436
96651
100045
103489
106900
110542
114283
118163
122206
126345
130727
135126
139661
144441
149270
154296
159559
165074
170665
176428
182433
188590
195184
201814
208692
215773
223105
230830
238808
246877
255276
263872
272936
282192
291798
301636
311810
322439
333377
344656
356244
368408
380916
393806
406980
420925
435149
450025
465182
480881
497123
513993
531384
549588
568330
587579
607123
627714
649279
671240
694232
718190
742515
767638
793643
820635
848662
877584
907657
938421
970377
1003335
1037468
1073013
1110000
1147646
1186626
1226964
1268707
1311820
1356318
1402687
1450505
1499484
1550327
1603112
1657238
1713311
1771970
1832157
1894529
1958914
2026113
21182
21897
22597
23385
24169
24977
25879
26734
27660
28601
29594
30569
31609
32707
33865
35063
36289
37523
38776
40067
41440
42909
44412
45858
47458
49025
50797
52528
54377
56184
58116
60101
62220
64319
66621
68893
71302
73653
76203
78898
81526
84342
87229
90214
93314
96476
99743
103112
106709
110334
114151
117921
121941
126109
130321
134696
139312
144085
148883
153923
159118
164537
170255
176057
182067
188183
194727
201423
208185
215252
222476
229899
237647
245822
254212
262848
271632
280945
290523
300465
310656
321178
332050
343363
354951
366975
379485
392449
405587
419355
433521
448399
463518
479315
495702
512660
530093
548224
566855
586485
606343
626795
648148
670019
692669
716359
740631
766002
792069
819066
847007
875682
905444
935938
967335
1000004
1034090
1069216
1105561
1142811
1181848
1222050
1263308
1306059
1350500
1396501
1444254
1493691
1544453
1596848
1651138
1707544
1765487
1825061
1887219
1950930
2017284
20687
21423
22109
22833
23625
24422
25229
26082
26949
27856
28841
29811
30761
31891
32899
34013
35071
36246
37471
38744
40039
41472
42903
44351
45872
47399
48958
50650
52475
54353
56168
58025
59964
62082
64324
66415
68687
71013
73520
76016
78632
81410
84197
87101
90109
93140
96334
99646
102982
106514
110097
113841
117624
121738
125931
130052
134526
139097
143782
148655
153598
158835
164199
169856
175760
181681
187827
194213
200772
207627
214792
221954
229473
237407
245518
254027
262606
271388
280650
290008
299752
310015
320696
331654
342924
354699
366523
379108
391975
405283
419098
433205
447964
463232
479154
495418
512173
529719
547907
566654
585875
605733
626370
647587
669739
692288
715745
740192
765496
791409
818101
845877
874236
903779
934273
966064
998901
1032744
1067896
1104159
1141726
1180235
1220139
1261485
1304496
1348916
1394626
1442257
1491043
1541724
1594326
1648589
1704584
1762582
1822325
1884378
1948275
2014509
20705
21419
22154
22931
23694
24483
25351
26180
27063
27979
28945
29925
30913
31928
33055
34177
35333
36550
37771
39077
40324
41733
43136
44594
46137
47660
49284
