102499
105127
107698
110374
113131
115982
118941
121874
124923
127956
131254
134616
138096
141535
145059
148778
152526
156339
160224
164247
168324
172510
176860
181308
185932
190568
195480
200388
205416
210588
215923
221406
227016
232758
238757
244771
250979
257467
263928
270744
277627
284691
291808
299323
307113
314840
322859
331096
339511
348232
357021
366039
375373
384849
394631
404965
415186
425688
436585
448101
459455
471255
483321
495640
508374
521374
534806
548559
562710
577292
592240
607449
623089
639114
655592
672496
689747
707383
725679
744299
763523
783186
803561
824498
846037
867987
890396
913543
937200
961540
986394
1011997
1038245
1065281
1092995
1121514
1150782
1180656
1211372
1243114
1275737
1308945
1342978
1378312
1414552
1451569
1489276
1528482
1568595
1609748
1652202
1695446
1739722
1785423
1831949
1880358
1929782
1980694
2032964
20816
21358
21938
22497
23060
23668
24271
24894
25532
26209
26869
27544
28232
28972
29712
30441
31255
32085
32927
33814
34677
35624
36522
37502
38476
39440
40428
41459
42537
43714
44897
46058
47302
48560
49871
51147
52510
53889
55299
56765
58284
59887
61410
63057
64704
66406
68187
70068
71982
73893
75845
77911
79995
82096
84302
86520
88884
91285
93664
96229
98752
101419
104094
106829
109681
112593
115682
118778
121948
125209
128570
132022
135536
139149
142851
146707
150779
154923
159023
163402
167678
172162
176781
181623
186531
191725
196863
202160
207528
213209
219027
225070
231191
237376
243647
250115
256928
264025
271073
278403
286016
293675
301782
310142
318505
327202
336337
345419
354712
364400
374434
384773
395295
405929
417022
428435
440189
452050
464339
476854
489755
503224
517001
531184
545583
560497
575666
591640
607775
624448
641475
658962
676924
695530
714513
733819
754023
774792
796020
817604
839758
862811
886466
910876
935904
961282
987733
1014787
1042544
1071092
1100355
1130376
1161287
1193421
1226167
1259618
1294207
1329729
1366219
1404117
1442673
1482318
1523109
1565162
1608106
1652375
1697932
1745039
1793017
1842474
1893183
1945896
1999443
2054655
20766
21295
21911
22527
23189
23844
24559
25272
25980
26726
27510
28243
29035
29831
30677
31515
32373
33266
34245
35118
36110
37149
38197
39283
40401
41567
42739
43976
45207
46461
47691
49015
50388
51793
53191
54641
56183
57738
59327
61016
62776
64550
66389
68232
70171
72182
74136
76200
78286
80481
82707
85088
87385
89813
92233
94787
97472
100199
103049
105875
108843
111821
114897
118124
121500
124876
128455
132075
135756
139589
143444
147438
151609
155846
160187
164789
169478
174270
179152
184166
189335
194812
200427
206111
211862
217858
223994
230277
236765
243510
250219
257284
264499
271874
279522
287445
295408
303954
312612
321585
330642
339984
349538
359317
369484
379921
390735
401905
413186
424874
436903
449417
462089
475317
488633
502302
516493
531180
545988
561330
577412
593793
610531
627796
645612
663885
682760
702188
721914
742314
763687
785170
807607
830555
854329
878753
903934
929554
955943
983203
1011361
1039987
1069416
1099602
1130537
1162605
1195887
1230201
1265175
1301230
1338148
1376133
1415637
1455999
1497490
1540056
1583958
1629002
1675717
1723842
1772929
1823301
1874955
1928278
1983387
2039843
21031
21626
22264
22886
23526
24232
24884
25598
26325
27065
27837
28610
29384
30266
31130
32049
32975
33946
34915
35878
36953
38009
39116
40221
41348
42542
43774
44990
46270
47611
49012
50441
51875
53333
54827
56395
58049
59689
61412
63168
64963
66798
68717
70638
72654
74690
76848
79032
81317
83676
86033
88491
90992
93570
96193
98938
101745
104635
107632
110767
113924
117280
120712
124291
128002
131675
135487
139442
143480
147641
151905
156365
160915
165548
170257
175409
180474
185738
190923
196499
202162
207948
213824
219859
226184
232802
239498
246421
253632
260884
268414
276177
284225
292486
300899
309597
318485
327820
337283
347069
357186
367522
378189
389118
400453
411984
424043
436454
449101
461992
475616
489579
503908
518659
533836
549449
565502
581989
599044
616604
634540
653110
672186
691834
712231
733106
754452
776281
798972
822501
847034
871652
897193
923382
950290
977996
1006661
1036184
1066321
1097394
1129497
1162445
1196581
1231422
1267548
1304629
1342707
1382196
1422497
1464468
1507220
1551232
1596639
1643261
1691273
1740505
1791540
1843664
1897783
1953359
2010716
20633
21214
21859
22510
23193
23824
24495
25163
25886
26640
27388
28171
29007
29824
30735
31656
32576
33541
34488
35535
36579
37656
38790
39922
41162
42401
43670
44927
46238
47622
48991
50423
51857
53384
55021
56661
58266
59999
61737
63615
65451
67351
69358
71426
73500
75576
77807
80082
82458
84879
87401
89930
92667
95439
98283
101230
104167
107188
110333
113537
116887
120290
123785
127513
131280
135270
139327
143454
147580
151931
156391
160994
165837
170691
175771
180833
186085
191564
197275
203171
209297
215551
222023
228532
235303
242161
249378
256737
264453
272390
280420
288745
297254
306123
315036
324434
334148
344041
354131
364718
375389
386514
398037
409927
422242
434793
447981
461433
475120
489132
503644
518705
534281
550447
566913
583742
601112
619066
637482
656493
675699
696197
717134
738745
760621
783432
806664
830880
855575
881315
907700
935079
963246
992109
1022026
1052802
1084355
1116928
1150317
1184837
1220191
1256873
1294330
1333054
1373142
1414471
1456603
1500325
1545189
1591694
1639506
1689019
1739463
1791973
1845905
1901248
1958113
2016888
20690
21284
21923
22614
23303
24016
24715
25432
26165
26904
27700
28534
29422
30311
31191
32138
33165
34149
35214
36319
37425
38547
39740
40980
42147
43405
44714
46072
47461
48871
50409
51911
53480
55124
56769
58500
60267
62065
63893
65771
67684
69722
71865
74091
76297
78600
80966
83317
85800
88450
91075
93775
96621
99578
102630
105780
109023
112317
115646
119249
122858
126630
130455
134429
138618
142775
147244
151770
156346
161176
166068
171172
176410
181836
187302
193119
198996
204970
211193
217525
224104
230936
237935
245223
252579
260284
268341
276391
284910
293583
302460
311627
321131
330931
341033
351452
362298
373177
384608
396305
408335
420907
433682
446999
460802
474936
489414
504340
519656
535688
552101
568943
586289
604187
622758
641848
661592
681795
702539
723890
745821
768651
792167
816553
841399
867363
893983
921617
949813
978507
1008433
1039405
1071171
1104039
1137945
1173204
1209069
1246064
1284433
1323615
1364320
1406347
1449443
1493956
1539819
1587185
1635948
1686263
1738070
1791675
1846378
1903202
1961597
2021869
21042
21703
22358
23038
23761
24485
25221
26008
26815
27685
28569
29474
30454
31345
32304
33305
34312
35355
36383
37536
38715
39890
41069
42296
43625
44998
46329
47726
49221
50719
52339
53965
55645
57370
59173
60970
62871
64866
66933
68977
71082
73328
75588
77928
80366
82873
85374
88017
90779
93546
96417
99367
102387
105484
108873
112280
115766
119351
123045
126963
130865
134903
139098
143384
147923
152393
157047
161883
167002
172079
177507
182930
188621
194418
200440
206583
212941
219669
226565
233551
240758
248127
255913
263943
272275
280826
289282
298418
307732
317232
326998
337033
347431
358134
369200
380660
392425
404523
416964
430041
443621
457691
471830
486490
501547
517182
533418
550082
567016
584750
602728
621618
640792
660655
681483
702722
724556
747342
770809
794992
819694
845259
872034
899262
927264
956269
985912
1016724
1048493
1081587
1115102
1150197
1186062
1222950
1261540
1300995
1341719
1383773
1427086
1471536
1517791
1565168
1614058
1664946
1716704
1770435
1825977
1883318
1942868
2003879
20576
21195
21819
22507
23174
23934
24676
25418
26193
27061
27896
28751
29683
30615
31607
32577
33634
34665
35785
36969
38126
39312
40537
41812
43065
44395
45788
47201
48674
50219
51841
53506
55180
56875
58652
60493
62338
64320
66280
68308
70488
72711
74975
77275
79681
82184
84766
87476
90154
93081
95988
98958
102093
105244
108455
111895
115458
119099
122904
126740
130825
134964
139171
143667
148263
152982
157794
162681
167724
173048
178533
184106
189899
195967
201998
208428
214934
221528
228533
235591
243138
250760
258569
266803
275262
284086
293086
302324
311837
321610
331699
342138
353017
364192
375931
387616
399847
412365
425464
438972
452834
467184
482116
497445
513289
529514
546095
563270
581139
599426
618320
637995
658145
679192
700602
722612
745482
769212
793447
818638
844683
871553
899118
927261
956437
986313
1017324
1049659
1082862
1117078
1152566
1188848
1226837
1265801
1306241
1347544
1390015
1434450
1479890
1526619
1574819
1624481
1675731
1729200
1783820
1840499
1898811
1959050
2021405
20639
21297
21954
22671
23380
24149
24894
25669
26478
27257
28200
29089
30107
31098
32096
33187
34203
35283
36388
37548
38716
39974
41198
42539
43899
45264
46641
48150
49701
51284
52910
54599
56387
58203
60062
62034
63987
65984
68102
70285
72523
74815
77248
79795
82231
84812
87455
90252
93133
96136
99075
102245
105455
108804
112364
115918
119633
123530
127406
131464
135579
139852
144381
148985
153855
158735
163812
169061
174528
180079
185802
191747
197704
203982
210345
216987
223935
230908
238221
245769
253850
261930
270188
278651
287549
296650
306058
315868
325855
336159
346820
357811
369167
381059
393289
405651
418388
431647
445378
459693
474492
489625
505501
521652
538192
555332
573073
591489
610289
629833
649786
670493
691775
713814
736577
760074
784480
809508
835376
862137
889593
918386
948081
978415
1009383
1041640
1074909
1109130
1144527
1181024
1218930
1258084
1298169
1339405
1381950
1425897
1471074
1518208
1566733
1616464
1668280
1721415
1776281
1833210
1892210
1952746
2015431
20616
21283
21972
22665
23352
24105
24914
25731
26615
27466
28311
29241
30164
31140
32112
33171
34222
35275
36470
37576
38761
40042
41331
42617
43973
45354
46812
48352
49828
51445
53079
54771
56500
58351
60283
62242
64254
66279
68453
70628
72992
75428
77840
80332
82941
85674
88513
91302
94271
97321
100480
103839
107107
110508
114139
117731
121406
125317
129333
133514
137716
142078
146430
151198
156023
160998
166107
171457
177080
182872
188813
194956
201330
207754
214492
221370
228520
235842
243502
251197
259494
267788
276394
285279
294328
303767
313442
323639
333759
344111
355166
366561
378323
390336
402867
415761
429099
442733
456722
471169
486210
501698
517953
534552
551458
569435
587679
606568
626160
646003
667028
688714
710752
733441
756771
781093
806037
831856
858667
886295
914872
944586
974893
1006177
1038524
1071751
1106260
1141883
1178593
1216572
1255627
1295996
1337491
1380146
1424432
1470445
1517597
1565945
1616409
1668066
1721790
1776940
1833778
1892577
1953326
2015971
20862
21492
22199
22927
23639
24370
25148
25995
26826
27731
28616
29524
30508
31480
32524
33565
34629
35715
36882
38128
39363
40603
41823
43161
44560
45983
47448
48946
50564
52286
53914
55649
57463
59284
61229
63233
65300
67441
69569
71757
74069
76375
78771
81287
83980
86616
89476
92395
95270
98308
101450
104663
108041
111493
115102
118853
122771
126815
130904
135049
139430
143990
148602
153347
158327
163456
168645
174002
179625
185418
191384
197469
204039
210573
217318
224424
231816
239168
246801
254853
262957
271370
280078
289246
298433
307953
317772
327945
338604
349514
360754
372312
384301
396676
409194
422330
435727
449663
464256
479361
494704
510463
526942
543886
561336
579436
597873
617267
637121
657618
678758
700562
722974
746146
770184
794769
820464
847084
874541
902612
931613
961354
992333
1024492
1057516
1091631
1126802
1163247
1200730
1239433
1279321
1320715
1363199
1406901
1452268
1499107
1547290
1597006
1648798
1701926
1756872
1813196
1871603
1931812
1993566
2058085
21257
21915
22654
23343
24065
24845
25681
26472
27342
28230
29156
30073
31043
32045
33102
34160
35267
36381
37632
38800
40006
41277
42527
43903
45304
46716
48237
49777
51335
52941
54628
56389
58227
60127
62142
64188
66246
68418
70627
72917
75307
77708
80290
82797
85436
88257
91076
93950
96951
100129
103359
106638
110096
113744
117471
121347
125256
129325
133579
137768
142095
146719
151422
156289
161276
166522
171758
177536
183281
189110
195146
201453
207924
214634
221687
228814
236185
243873
251731
259914
268387
277058
285994
295382
304914
314607
324825
335417
346110
357262
368606
380570
392811
405482
418438
431946
445896
460363
475063
490409
506152
522542
539330
556818
574771
593307
612701
632494
652951
674219
696064
718594
741864
765690
790510
816097
842320
869524
897559
926197
955958
987073
1018762
1051478
1085738
1120989
1157074
1194366
1232973
1273109
1314307
1357000
1400824
1446040
1492693
1540785
1590650
1641962
1695358
1749930
1806243
1864493
1924690
1986730
2050987
21053
21780
22487
23231
24000
24782
25611
26464
27347
28224
29161
30101
31071
32084
33138
34271
35400
36532
37739
38968
40253
41583
42890
44275
45692
47244
48745
50336
52014
53681
55435
57232
59048
61005
62980
65086
67259
69383
71575
73829
76241
78714
81284
83912
86700
89519
92423
95460
98570
101910
105159
108620
112249
115968
119705
123548
127548
131658
135934
140455
144838
149526
154355
159444
164477
169834
175287
180990
186845
193074
199350
205869
212424
219214
226290
233581
241263
249041
257112
265504
274045
283078
292248
301811
311539
321466
331829
342452
353505
365045
376940
389370
402013
414922
428428
442306
456719
471486
486745
502524
518839
535743
553093
570975
589246
608435
628173
648399
669400
691079
713521
736501
760256
784794
810131
836251
863260
891509
920479
950430
980911
1012926
1045797
1079691
1114390
1150192
1187114
1225383
1265180
1306284
1348784
1391807
1436992
1483315
1531207
1580680
1631893
1684860
1739445
1795939
1853651
1913271
1975528
2039277
21117
21810
22532
23269
23988
24791
25655
26450
27303
28202
29136
30122
31113
32143
33221
34220
35289
36402
37594
38778
40035
41284
42607
43989
45378
46828
48388
49986
51588
53303
55029
56847
58670
60494
62376
64440
66555
68670
70930
73119
75550
77946
80406
83065
85839
88683
91461
94446
97536
100775
104015
107347
110733
114322
117983
121807
125700
129743
133933
138242
142696
147343
152090
157001
161988
167284
172704
178353
184056
190003
196088
202473
208989
215733
222730
229934
237349
245079
253145
261309
269578
278282
287104
296252
305646
315423
325817
336280
347234
358383
370106
382048
394472
406970
420155
433722
447961
462519
477461
492816
508696
525285
542376
559843
577769
596135
615545
635595
656140
677314
699247
721900
745462
769640
794399
820182
846840
874228
902598
932054
962365
993571
1025808
1059049
1093316
1128578
1165321
1203152
1242075
1282369
1324413
1367229
1411141
1457005
1504436
1552619
1602944
1655089
1708612
1763596
1820349
1879289
1940518
2003264
20809
21471
22146
22879
23613
24396
25215
26029
26914
27858
28729
29704
30646
31655
32668
33713
34741
35838
37003
38198
39419
40632
41936
43277
44686
46136
47626
49112
50675
52335
54077
55783
57538
59385
61302
63261
65355
67521
69709
71960
74339
76780
79222
81785
84509
87267
90128
92928
95984
99114
102239
105639
109134
112618
116193
120013
123873
127944
132213
136515
141020
145460
150292
155136
160328
165452
170764
176183
181887
187785
193811
200090
206599
213237
220164
227477
234911
242514
250285
258509
266825
275546
284306
293496
302806
312763
322908
333510
344256
355489
367071
378825
391149
404107
417094
430509
444357
458635
473622
488915
504752
521325
538050
555669
573701
592379
611426
631316
651746
672796
694631
717315
740570
764314
789126
814569
841151
868051
896226
924918
954651
985733
1017575
1050339
1084239
1119435
1155849
1192994
1231659
1271569
1312688
1354898
1398482
1443848
1490582
1539088
1588807
1640650
1693583
1748228
1805033
1863323
1923663
1985833
2050186
21160
21922
22672
23361
24075
24856
25710
26535
27365
28271
29175
30149
31107
32123
33137
34253
35374
36502
37664
38894
40152
41471
42802
44189
45616
47037
48529
50100
51805
53388
55160
56916
58748
60697
62720
64877
66938
69078
71371
73659
76036
78416
80928
83532
86184
89044
91970
94965
98074
101233
104441
107758
111264
114960
118595
122526
126491
130569
134779
139085
143669
148298
153147
158095
163290
168610
173942
179585
185303
191246
197518
203905
210381
217274
224295
231505
239115
246877
255074
263334
271808
280649
289768
299106
308740
318577
328892
339395
350367
361649
373286
385464
398037
411158
424581
438348
452579
467137
482066
497596
513619
530250
547538
565287
583374
602318
621765
642020
662873
684318
706381
729377
753117
777436
802712
828973
855745
883468
911958
941507
971855
1003485
1036105
1069989
1104472
1140065
1177195
1215548
1254980
1295352
1337433
1380801
1425308
1471611
1519293
1568595
1619426
1671834
1725996
1781938
1839649
1899474
1961086
2024453
20802
21499
22234
22903
23622
24369
25184
25980
26838
27706
28603
29577
30518
31504
32525
33620
34705
35805
36983
38255
39528
40843
42143
43557
44914
46434
47898
49447
51098
52713
54467
56145
58005
59878
61898
63913
65944
68057
70265
72489
74770
77273
79706
82342
85109
87884
90744
93652
96780
99882
103104
106458
109905
113474
117130
120876
124879
128895
133043
137481
141948
146482
151252
156106
161134
166331
171816
177332
183074
188986
195083
201421
207988
214785
221814
229035
236435
244113
252032
260167
268658
277371
286332
295616
305075
315118
325274
335821
346746
357955
369638
381474
393672
406361
419562
433245
447448
462120
477046
492766
508769
525428
542348
560123
578385
597106
616095
636086
656705
678054
700116
722845
746186
770368
795019
820878
847593
874966
903121
932509
962988
993953
1026069
1059385
1093434
1128851
1165162
1202644
1241716
1281887
1323234
1366152
1410575
1456372
1503379
1552328
1602672
1654580
1708438
1763702
1820881
1879998
1940946
2003824
20659
21279
22010
22730
23460
24227
24990
25805
26593
27423
28289
29227
30185
31165
32129
33203
34292
35387
36528
37683
38908
40135
41425
42802
44149
45587
47044
48558
50095
51701
53351
55078
56818
58592
60434
62365
64440
66463
68601
70829
73153
75514
77869
80394
82923
85636
88380
91242
94211
97253
100388
103639
106966
110401
114032
117792
121557
125436
129485
133699
137963
142310
146837
151592
156553
161634
166868
172340
177883
183759
189713
195877
202172
208604
215382
222441
229469
236776
244543
252483
260676
269172
277952
286971
296242
305862
315744
326232
336613
347594
358894
370505
382474
395039
407947
421218
434720
448955
463487
478521
493925
510003
526389
543457
561224
579569
598354
617845
638051
658715
680094
702418
725145
748443
772449
797631
823579
850256
877575
906438
935582
965961
997607
1029881
1063357
1098099
1133897
1170702
1208607
1247921
1288424
1329843
1373177
1417450
1463872
1511270
1560589
1610630
1662812
1716336
1772055
1829320
1888766
1949878
2012754
20699
21407
22098
22806
23524
24302
25056
25897
26733
27595
28462
29418
30335
31339
32321
33372
34469
35634
36768
37930
39129
40412
41770
43195
44588
46101
47569
49147
50739
52355
54057
55814
57623
59511
61474
63461
65505
67654
69857
72122
74519
77020
79524
82156
84769
87510
90378
93256
96314
99497
102720
106081
109531
113064
116702
120438
124357
128393
132560
136998
141609
146305
150948
155769
160806
166067
171385
177002
182827
188854
194899
201246
207788
214550
221564
228706
236137
243844
251750
259893
268234
276887
285950
295073
304536
314492
324763
335226
345904
357264
368870
380990
393308
405903
419048
432599
446709
461319
476168
491433
507520
524080
540948
558352
576484
595179
614449
634468
654871
675932
697942
720504
743879
767639
792608
818456
844726
872091
900260
929737
959951
991089
1023352
1056313
1090592
1126156
1162532
1200129
1238911
1278894
1320143
1362818
1406752
1452579
1500304
1548821
1599043
1650979
1704224
1759493
1816921
1875541
1936329
1999053
2064193
21276
21983
22701
23391
24133
24903
25676
26522
27403
28275
29188
30149
31143
32112
33149
34235
35304
36376
37556
38739
40004
41295
42596
43991
45349
46820
48352
49951
51554
53233
54919
56717
58602
60566
62549
64676
66779
68977
71178
73556
75934
78390
81001
83662
86325
89114
92014
94959
98073
101253
104501
107784
111296
115018
118858
122750
126732
130916
135126
139594
144207
148938
153826
158802
164003
169286
174760
180450
186326
192444
198648
205122
211951
218869
225852
233228
240725
248513
256594
265015
273882
282712
292042
301458
311363
321489
331970
342787
353900
365315
377179
389421
402134
415269
428714
442476
456820
471877
487220
503116
519366
536206
553722
571635
590310
609385
629058
649355
670487
692203
714671
738172
762097
787045
812234
838341
865650
893960
922839
952995
984303
1016524
1049624
1083627
1118216
1154827
1192037
1230804
1270572
1311721
1354041
1397723
1443118
1489989
1538384
1588296
1639788
1693035
1747667
1804235
1862881
1923375
1985924
2050440
21408
22123
22850
23531
24350
25087
25848
26645
27533
28433
29361
30291
31241
32225
33206
34269
35319
36469
37641
38806
40050
41408
42768
44157
45572
47028
48580
50108
51792
53411
