102474
104984
107654
110381
113154
116068
118980
122058
125114
128165
131384
134721
138155
141604
145232
148854
152719
156497
160394
164450
168646
173000
177368
181930
186586
191357
196101
200960
205876
211039
216446
222015
227694
233490
239485
245415
251758
258108
264616
271222
278165
285210
292466
299850
307378
315218
323161
331330
339874
348746
357591
366747
376250
385711
395489
405674
416218
427021
438046
449111
460696
472508
484655
497098
509904
523073
536563
550554
564773
579304
594077
609421
624949
641051
657683
674708
692167
710044
728588
747464
766830
786687
806910
827770
849135
870976
893410
916307
940230
964593
989953
1015507
1042007
1069068
1097078
1125469
1154842
1184854
1215808
1247398
1280398
1313932
1348274
1383620
1419724
1456587
1494675
1533508
1573415
1614651
1656975
1700398
1745126
1790933
1838076
1886384
1935957
1986942
2039085
20646
21180
21710
22261
22888
23497
24188
24816
25447
26102
26791
27542
28231
28996
29760
30586
31417
32249
33086
33949
34868
35805
36759
37799
38791
39855
40925
42037
43113
44251
45411
46632
47871
49081
50301
51641
53023
54464
55934
57426
59027
60538
62213
63867
65598
67373
69180
71050
72981
74928
76942
79014
81099
83210
85409
87743
90038
92442
95003
97531
100118
102781
105494
108358
111240
114179
117214
120383
123634
126877
130332
133790
137391
141139
144909
148747
152646
156812
161165
165454
169926
174525
179232
184078
189042
194178
199427
204843
210386
216101
221824
227895
233927
240298
246615
253204
260022
266984
274234
281650
289322
297264
305319
313630
322084
330888
339918
349018
358435
368248
378360
388584
399179
410116
421121
432512
444392
456393
468756
481427
494601
508007
521849
536130
550834
566074
581633
597412
613604
630409
647553
665182
683419
701991
721217
740931
761532
782498
804101
826332
848829
871904
895535
920328
945798
971923
998628
1026247
1054376
1083175
1113032
1143651
1175364
1207476
1240770
1274997
1310103
1346053
1383539
1421735
1460985
1501264
1542618
1585147
1629202
1674054
1720025
1767364
1816102
1866226
1917984
1970760
2025481
20926
21504
22107
22704
23332
24001
24666
25323
26011
26735
27455
28245
29039
29808
30666
31509
32387
33318
34229
35149
36112
37134
38186
39259
40357
41478
42628
43817
45053
46314
47565
48896
50241
51546
53018
54509
56058
57594
59251
60871
62558
64344
66110
67935
69801
71687
73713
75790
77934
80079
82344
84679
87062
89425
91989
94587
97161
99956
102728
105570
108492
111564
114687
117921
121207
124599
128147
131716
135327
139087
143038
147066
151062
155334
159710
164151
168760
173434
178249
183287
188450
193723
199272
205001
210724
216727
222840
229185
235563
242259
249002
255957
263269
270844
278602
286424
294348
302513
310928
319650
328290
337401
346789
356534
366508
376812
387455
398406
409714
421400
433359
445538
458390
471472
484824
498568
512516
527084
541958
557151
572750
589015
605570
623032
640659
658602
677114
696378
716213
736486
757541
779071
801361
824093
847597
871566
896066
921357
947753
974847
1002672
1031100
1060689
1090592
1121538
1153565
1186135
1219682
1254564
1290390
1326876
1364717
1403526
1443524
1484594
1527044
1570766
1615413
1661287
1708658
1757801
1808055
1859947
1913067
1967950
2024308
20746
21322
21939
22555
23239
23880
24564
25281
25995
26768
27569
28352
29157
30038
30866
31713
32596
33545
34520
35557
36579
37677
38746
39833
41014
42147
43372
44607
45886
47239
48615
50028
51462
52982
54595
56113
57667
59321
61060
62837
64649
66528
68414
70494
72470
74574
76737
78931
81160
83484
85915
88435
91020
93654
96333
99135
101991
105023
108012
111111
114282
117674
121088
124480
127949
131605
135333
139221
143257
147452
151806
156223
160805
165412
170130
175150
180196
185411
190837
196409
202014
208009
213883
220036
226503
232954
239610
246464
253464
260837
268290
276031
283876
292082
300625
309253
318194
327407
336803
346419
356420
366642
377563
388465
399867
411479
423217
435304
447985
460936
474488
488424
502729
517446
532545
548234
564289
580864
597658
615130
633186
651660
670570
690108
710133
730932
752269
774326
796842
820018
844095
868771
893986
920111
947034
974448
1002809
1032222
1062141
1092953
1124840
1157601
1191603
1226434
1262322
1299619
1337378
1376486
1416881
1458512
1501077
1545057
1590273
1636667
1685251
1734690
1785216
1837626
1890976
1946464
2003307
20647
21271
21897
22505
23178
23892
24605
25297
25997
26788
27558
28360
29209
30050
30941
31837
32831
33774
34752
35786
36815
37884
38926
40062
41298
42550
43843
45114
46452
47829
49255
50679
52210
53727
55291
56975
58629
60353
62112
64003
65949
67930
69938
72043
74132
76370
78639
80898
83346
85709
88260
90878
93521
96270
99068
102060
105105
108138
111259
114520
117913
121367
124895
128522
132347
136319
140278
144242
148543
152931
157515
162103
166883
171733
176845
182070
187581
193143
198882
204700
210685
216884
223305
229868
236788
243895
251152
258681
266447
274379
282506
290895
299517
308414
317681
327239
336936
346916
357190
367840
378669
389850
401238
413012
425202
437653
450616
464016
477568
491805
506417
521716
537199
553222
569812
586687
604338
622390
640865
659765
679411
699791
720596
742133
764129
786783
810263
834344
859388
885014
911284
938673
966818
995724
1025435
1056155
1087435
1119760
1152885
1187029
1222684
1259029
1296388
1335332
1375514
1416794
1459224
1502957
1548340
1594919
1642769
1692026
1742663
1794902
1848474
1904002
1961114
2020099
20904
21508
22176
22840
23525
24243
24968
25731
26541
27344
28156
28970
29856
30747
31679
32613
33665
34668
35717
36767
37848
38978
40103
41331
42536
43843
45097
46565
47988
49394
50893
52440
54034
55638
57365
59052
60821
62600
64470
66454
68461
70600
72789
74940
77207
79541
81944
84500
86995
89661
92323
95144
98071
101081
104154
107306
110547
113867
117397
121004
124555
128326
132142
136241
140415
144680
149174
153774
158406
163141
168186
173228
178605
184030
189636
195339
201315
207429
213749
220247
226917
233880
240998
248454
256112
264046
272104
280315
288774
297517
306553
315790
325242
335022
345149
355771
366563
377815
389493
401525
413508
426134
439239
452561
466441
480691
495394
510394
525937
541999
558407
575618
593235
611305
629991
649186
669300
689659
710629
732308
754702
777621
801494
826120
851439
877363
904152
931609
960253
989680
1020311
1051303
1083608
1116393
1150490
1185578
1221777
1259009
1297374
1337155
1378061
1420502
1464186
1508944
1555222
1602566
1652142
1703125
1755177
1808973
1864421
1921489
1980722
2041862
21142
21836
22507
23180
23924
24636
25408
26186
27004
27829
28726
29612
30524
31458
32448
33479
34438
35487
36567
37642
38749
39946
41209
42467
43868
45184
46577
47996
49487
51038
52627
54231
55964
57653
59412
61237
63083
65026
67032
69091
71188
73344
75574
77893
80352
82875
85389
88039
90771
93556
96406
99435
102522
105690
109000
112290
115737
119332
122995
126850
130757
134853
139066
143338
147896
152441
157043
161965
166972
172187
177614
183162
188912
194782
200786
207113
213419
220182
226972
234145
241269
248781
256496
264586
272774
281404
290387
299415
308538
318226
328101
338215
348622
359421
370470
381870
393736
406186
418739
431772
445090
459045
473201
487922
503213
518714
535123
551917
569099
586755
604865
623881
643180
663253
683514
704880
726651
749220
772531
796312
821048
846601
872758
899913
927908
956789
986590
1017011
1048839
1081167
1115244
1149949
1186162
1223136
1261296
1300798
1341561
1383299
1426341
1470849
1516935
1564032
1612828
1663522
1715799
1769390
1824480
1881363
1940728
2001837
20784
21400
22082
22758
23460
24222
25004
25800
26632
27460
28301
29171
30084
31024
32001
32979
34034
35074
36183
37267
38500
39705
40936
42224
43545
44972
46350
47813
49279
50861
52368
54024
55780
57528
59280
61166
63165
65144
67177
69261
71377
73537
75904
78284
80731
83239
85863
88609
91440
94340
97270
100358
103378
106717
110101
113467
117110
120773
124532
128326
132377
136565
140904
145269
149823
154506
159293
164368
169578
174821
180297
185850
191667
197708
204122
210422
217155
224046
231366
238630
246092
253805
261769
270036
278669
287443
296355
305692
315337
325218
335302
345774
356782
368029
379737
391601
403823
416545
429592
443225
457029
471595
486402
501739
517747
534031
550852
568259
585980
604584
623685
643479
663844
684667
706270
728337
751463
775161
799641
825043
851065
878020
905533
934364
963893
994729
1026379
1058858
1092300
1126701
1162234
1199131
1236955
1276339
1316579
1357802
1400643
1444701
1490335
1537432
1586050
1636141
1687867
1741146
1796058
1852815
1911472
1972145
2034408
20947
21605
22327
23047
23745
24489
25246
26084
26909
27776
28652
29546
30440
31370
32370
33368
34453
35515
36694
37850
39066
40294
41577
42863
44261
45691
47129
48673
50217
51807
53432
55041
56814
58655
60563
62481
64509
66629
68747
70896
73200
75489
77887
80320
82879
85524
88250
91162
94000
97025
100123
103343
106638
109998
113473
116952
120667
124641
128579
132653
136875
141335
145775
150468
155223
160080
165177
170406
175918
181594
187408
193409
199523
205941
212313
219052
225875
233020
240495
248280
256105
264309
272573
281286
290268
299338
308979
318788
328919
339351
350171
361327
372765
384712
397188
409898
423097
436680
450484
464765
479559
494795
510520
526904
543946
561119
579000
597479
616279
635968
656176
676903
698354
720479
743589
767245
792030
817168
843310
870234
898174
926978
956727
987680
1019044
1051713
1085278
1119860
1155621
1192536
1230387
1269572
1310317
1352328
1395718
1440197
1486276
1534076
1582986
1633363
1685711
1739857
1795339
1852516
1911826
1973204
2036441
21052
21750
22449
23141
23880
24659
25427
26281
27161
27984
28909
29795
30778
31775
32770
33824
34895
35973
37071
38241
39472
40756
42035
43401
44801
46246
47761
49297
50830
52463
54162
55922
57739
59622
61508
63450
65485
67558
69711
71949
74212
76628
79038
81634
84255
86958
89663
92462
95502
98507
101640
104823
108203
111755
115345
119116
122993
126920
131072
135281
139724
144175
148751
153445
158391
163521
168689
174084
179788
185458
191354
197482
203901
210468
217227
224183
231426
238795
246264
254255
262475
270887
279559
288447
297875
307429
317281
327335
337843
348496
359607
371188
383102
395439
407979
420939
434501
448300
462696
477768
493034
508978
525401
542218
559782
577941
596378
615619
635246
655655
676786
698254
720544
743522
767320
792166
817598
843982
871136
899080
927850
957661
988193
1019985
1053099
1086673
1121237
1157265
1194503
1232891
1272442
1313433
1355957
1399733
1444350
1490205
1537984
1587634
1638510
1690852
1744929
1801002
1858700
1918124
1979863
2043301
21179
21871
22613
23356
24088
24840
25667
26515
27312
28224
29123
30052
31029
32053
33096
34242
35333
36467
37597
38766
40011
41385
42755
44183
45692
47091
48638
50240
51813
53470
55204
56904
58718
60538
62510
64450
66437
68567
70739
73001
75359
77829
80317
82867
85521
88290
91188
94104
97154
100279
103498
106924
110298
113917
117570
121418
125394
129371
133497
137738
142145
146666
151256
156222
161263
166396
171705
177143
182876
188769
194813
201082
207572
214201
221116
228181
235587
242983
250682
258750
267078
275721
284767
293843
303314
313141
323191
333686
344455
355536
367130
379029
391300
403788
416928
430331
444172
458418
473100
488443
504052
520282
537001
554499
572434
590863
609783
629481
649926
670715
692330
714676
737863
761399
786011
811440
837578
864315
892170
920817
950650
980779
1012280
1044955
1078459
1113000
1148760
1185428
1223408
1262679
1303506
1345333
1388526
1433223
1479568
1527459
1576633
1627564
1680136
1734545
1790200
1848220
1907555
1969079
2032722
20926
21626
22300
23032
23764
24528
25313
26098
26930
27797
28677
29591
30574
31586
32654
33619
34704
35853
37048
38223
39395
40686
42018
43315
44625
46079
47501
49050
50622
52302
54047
55796
57624
59475
61411
63422
65414
67526
69727
71968
74238
76536
78952
81564
84173
86836
89670
92568
95415
98549
101735
105038
108372
111853
115458
119113
123057
127023
131135
135441
139844
144364
149097
153993
158912
164082
169266
174788
180450
186340
192340
198740
205062
211622
218593
225665
232963
240458
248162
256169
264205
272604
281471
290536
300057
309764
319707
329861
340725
351677
363079
374900
386956
399666
412705
426330
440078
454226
468943
484230
499881
515970
532586
549627
567549
585706
604582
624093
644402
665201
686901
708987
732022
755783
780332
805669
831726
858489
886162
915021
944620
975008
1006530
1038941
1072402
1106706
1142527
1179465
1217573
1256749
1297541
1339176
1382712
1427503
1473517
1520916
1569869
1620333
1672336
1726385
1782059
1839338
1898614
1959680
2023150
20905
21612
22321
23004
23755
24545
25304
26075
26908
27808
28687
29639
30625
31560
32609
33622
34778
35924
37104
38305
39580
40798
42102
43460
44889
46381
47855
49360
50967
52583
54296
56139
57967
59879
61811
63710
65679
67752
69923
72129
74450
76809
79250
81840
84509
87262
90064
92960
95894
98980
102189
105532
109050
112649
116250
120004
123949
127926
132037
136279
140589
145089
149843
154608
159630
164925
170286
175727
181502
187448
193485
199772
206180
212946
219825
226851
234093
241685
249579
257699
266118
274844
283600
292789
302231
312077
322173
332519
343579
354636
366117
377948
390143
402732
415653
429084
443077
457347
471841
487039
502813
519124
535772
553241
571167
589550
608542
628154
648542
669446
691166
713591
736583
760378
785078
810344
836703
863521
891570
920181
949848
980524
1012382
1045240
1079181
1113931
1150050
1187244
1225908
1266007
1307137
1349167
1392933
1438162
1484450
1532906
1582677
1633872
1687120
1741657
1798108
1856464
1915951
1978169
2042292
21139
21852
22529
23247
24035
24777
25617
26401
27248
28149
29052
29996
30916
31911
32943
34056
35168
36279
37431
38623
39884
41123
42454
43794
45166
46607
48062
49570
51186
52879
54579
56441
58216
60148
62049
64086
66120
68268
70512
72861
75209
77622
80093
82731
85518
88243
91059
93845
96845
100064
103383
106663
110074
113593
117270
121065
125014
129080
133314
137629
141959
146619
151357
156272
161382
166503
171868
177320
183120
188969
194850
201208
207831
214391
221389
228657
236132
243847
251819
260026
268258
276833
285720
294980
304499
314465
324760
335326
346274
357671
369245
381114
393255
405935
418987
432436
446520
460766
475795
491402
507116
523752
540536
558053
576120
594845
613954
633738
654384
675478
697188
719706
742918
766857
791479
817045
843839
870758
899051
928110
957962
989133
1021329
1054479
1088473
1123489
1159832
1197351
1235919
1275898
1317705
1360309
1404801
1450110
1497114
1545227
1595440
1646937
1700208
1755054
1812092
1870372
1931178
1993663
2058013
21221
21927
22636
23341
24103
24906
25754
26600
27433
28335
29245
30160
31089
32098
33111
34185
35340
36530
37667
38901
40186
41500
42818
44215
45672
47186
48698
50221
51819
53482
55169
56991
58784
60669
62652
64705
66731
68901
71087
73373
75722
78081
80561
83160
85842
88588
91435
94358
97300
100403
103593
106922
110305
113805
117460
121261
125231
129196
133419
137716
142077
146636
151479
156251
161320
166566
172001
177577
183178
189031
195213
201580
208197
214911
221817
229012
236303
243990
251901
260219
268810
277430
286177
295486
305123
314912
325166
335756
346648
357901
369400
381312
393571
406087
419157
432749
446805
461261
476252
491698
507671
524109
541251
558664
576596
595287
614704
634751
655112
676324
698520
721260
744362
768287
793273
819051
845708
873031
901454
930763
960989
992006
1024103
1057409
1091588
1126861
1162939
1200325
1239216
1279526
1321226
1363969
1407901
1453591
1500650
1549265
1599546
1651208
1704572
1759718
1816602
1875229
1935897
1998441
2063047
21398
22076
22758
23500
24285
25035
25829
26657
27469
28336
29282
30199
31205
32180
33205
34320
35384
36585
37823
39018
40339
41659
43055
44388
45789
47251
48788
50345
51971
53594
55357
57166
58987
60925
62921
64972
67056
69231
71499
73856
76251
78622
81156
83743
86510
89316
92048
94968
98038
101194
104467
107814
111346
114947
118615
122514
126544
130608
134768
139123
143541
148092
152870
157808
162990
168334
173909
179580
185411
191518
197751
204095
210624
217466
224396
231515
239000
246892
254707
262960
271439
280071
289180
298468
308116
318121
328461
339070
350167
361917
373611
385699
398169
410906
424221
438159
452449
466968
482077
497836
513832
530676
547989
565575
583883
602862
622368
642553
663304
684775
707119
730122
753827
778224
803469
829601
856407
883899
912402
941814
972590
1004198
1036705
1070283
1105108
1140912
1177802
1215879
1254934
1295582
1337516
1381073
1425810
1471885
1519287
1568550
1619497
1672069
1726211
1782469
1840398
1900306
1961577
2024895
21081
21772
22455
23207
23941
24718
25514
26361
27254
28149
29122
30035
31002
32009
33003
34062
35150
36301
37482
38775
40008
41288
42638
44037
45396
46807
48355
49984
51535
53158
54796
56616
58409
60289
62205
64297
66351
68549
70870
73186
75500
77928
80515
83138
85881
88682
91574
94464
97440
100547
103982
107266
110582
114118
117805
121630
125611
129816
134011
138360
142931
147605
152476
157392
162587
167778
172998
178668
184499
190578
196800
203330
210015
216756
223791
231037
238496
246147
254196
262471
271049
279860
288891
298297
308076
318190
328625
339273
350448
361905
373749
385828
398299
411112
424375
438105
452478
467145
482126
497780
513975
530704
547870
565771
584079
603078
622512
642773
663341
684543
706715
729746
753319
777666
802862
828912
856128
883922
912394
942282
972754
1004362
1036662
1070576
1105098
1141085
1178275
1216607
1256026
1297047
1339220
1382412
1427075
1473286
1521074
1570207
1621440
1673720
1727979
1783964
1841575
1901328
1963316
2026662
21010
21719
22421
23154
23917
24696
25524
26380
27277
28193
29102
30020
31013
32012
33064
34085
35110
36271
37498
38760
40010
41351
42744
44174
45610
47148
48670
50221
51812
53475
55218
57075
58943
60857
62828
64894
66933
69170
71421
73774
76181
78648
81191
83815
86547
89459
92396
95458
98543
101696
104928
108284
111783
115387
119104
123022
126944
131145
135324
139740
144275
148887
153677
158609
163743
169141
174590
180299
186140
192209
198486
204820
211456
218206
225378
232646
240147
247878
255885
264104
272621
281423
290615
300210
310110
320117
330398
340936
352065
363436
375197
387328
399921
412837
426190
440044
454115
468861
483798
499562
515886
532613
549962
567914
586425
605400
624957
645260
666117
687753
710159
733167
756912
781551
806860
832750
859530
887495
916216
945993
976518
1008388
1041264
1075028
1109796
1146009
1182947
1220938
1260547
1301333
1343766
1387428
1432629
1479100
1527146
1576778
1627857
1680746
1734974
1791157
1849020
1909067
1971079
2035232
21255
21859
22599
23343
24117
24859
25609
26505
27365
28233
29124
30151
31123
32220
33229
34350
35431
36559
37707
38937
40201
41527
42896
44308
45744
47267
48757
50316
51930
53565
55270
57010
58864
60745
62714
64736
66830
68952
71158
73461
75820
78334
80866
83437
86139
88863
91769
94697
97797
100931
104167
107513
111082
114743
118386
122265
126274
130335
134522
138904
143387
148069
152896
157829
162986
168346
173830
179320
185093
191075
197225
203639
210249
217061
224116
231358
238816
246521
254519
262783
271114
279885
288773
297927
307554
317455
327925
338652
349513
360937
372636
384654
397278
409860
423137
437102
451260
465961
481104
496808
512917
529505
546732
564403
582881
601908
621342
641530
662352
683790
706069
729032
752881
777402
802668
828803
855883
883615
912216
942013
972608
1004044
1036497
1069918
1104819
1140453
1177236
1214977
1254562
1295411
1337354
1380794
1425677
1472069
1519974
1568638
1619825
1672868
1727463
1783054
1840893
1900823
1962609
2026245
20792
21463
22166
22852
23578
24312
25125
25905
26772
27642
28523
29437
30338
31287
32329
33379
34463
35575
36738
37884
39099
40357
41626
42967
44356
45744
47194
48818
50402
52050
53737
55442
57205
59077
60983
63018
65036
67186
69303
71519
73909
76305
78795
81375
84014
86759
89568
92516
95516
98640
101850
105133
108560
111961
115572
119418
123375
127334
131461
135742
140107
144706
149394
154290
159271
164409
169771
175168
180924
186773
192843
199151
205603
212277
219112
226241
233751
241458
249221
257139
265381
273873
282820
291905
301283
311013
320997
331367
342035
353291
364817
376570
388601
401256
414083
427455
441429
455842
470731
486018
501659
518153
535133
552336
570167
588771
607780
627420
647727
668896
690383
712456
735549
759677
784343
809687
836078
863042
890947
919806
949672
980421
1012128
1044863
1078771
1113524
1149626
1187096
1225430
1265168
1306188
1348351
1392134
1436907
1483193
1531065
1580582
1631408
1684569
1738852
1794975
1853390
1913223
1975633
2039843
21080
21790
22518
23297
24018
24812
25627
26416
27306
28154
29050
30007
31021
31988
33034
34090
35167
36358
37568
38807
39997
41271
42552
43890
45295
46761
48235
49906
51588
53264
55042
