102521
105024
107724
110329
113099
115904
118843
121822
124944
128053
131268
134513
137901
141273
144844
148519
152299
156117
160079
164122
168331
172559
176897
181334
185872
190452
195411
200405
205537
210700
215927
221365
226921
232610
238480
244430
250688
257157
263779
270329
277321
284183
291404
298740
306405
314162
322111
330221
338683
347383
356274
365313
374570
384137
393896
403872
414300
425040
435856
447004
458539
470283
482382
494845
507551
520671
533886
547624
561680
576122
591028
606243
621746
637737
654248
671081
688226
706103
724276
743094
762379
782056
802178
822949
844483
866271
889057
912074
935944
960155
985099
1010919
1037137
1064007
1091652
1120480
1149595
1179543
1210331
1241959
1274273
1307659
1341570
1376616
1412366
1449232
1486791
1525885
1565629
1606553
1648507
1691514
1736051
1781358
1828219
1876295
1925817
1976112
2027565
21050
21556
22145
22747
23365
23999
24678
25302
25965
26680
27393
28115
28882
29625
30427
31190
32057
32913
33819
34686
35651
36556
37475
38481
39495
40498
41554
42649
43773
44927
46083
47313
48546
49833
51099
52504
53919
55376
56839
58349
59921
61459
63110
64781
66451
68206
70059
71954
73977
75958
78026
80071
82253
84405
86637
89000
91424
93768
96311
98834
101465
104071
106784
109582
112513
115606
118695
121870
125084
128433
131788
135396
139124
142840
146720
150678
154716
158923
163073
167586
172096
176772
181607
186575
191703
197020
202276
207752
213364
219076
225027
231201
237368
243856
250540
257412
264487
271496
278808
286426
294213
302113
310268
318701
327431
336313
345307
354683
364403
374357
384463
394831
405623
416755
428020
439756
451472
463787
476382
489409
502812
516478
530576
545219
560187
575314
590956
607223
623662
640685
658181
675972
694495
713585
733055
753116
773878
795019
816944
839332
862122
885675
909870
934819
960551
987197
1014159
1042238
1070999
1100435
1130668
1161682
1193546
1225930
1259710
1294439
1330291
1366939
1404778
1443458
1483186
1524178
1566011
1609295
1653355
1698938
1745770
1794064
1843847
1895064
1947469
2001004
20545
21114
21737
22373
23035
23662
24342
25022
25730
26413
27184
27943
28745
29527
30342
31156
32027
32973
33867
34778
35735
36719
37735
38764
39856
40938
42135
43398
44587
45856
47146
48480
49795
51222
52630
54165
55630
57168
58698
60372
61938
63613
65329
67122
68955
70885
72892
74802
76919
79137
81412
83740
86043
88503
90964
93577
96154
98806
101553
104375
107211
110169
113242
116404
119666
122991
126448
129887
133542
137360
141261
145218
149305
153570
158077
162488
167172
171826
176726
181741
186808
191991
197413
202902
208603
214529
220665
226864
233299
239787
246587
253632
260784
268113
275629
283275
291363
299496
307890
316761
325785
335138
344655
354416
364478
374908
385498
396385
407550
419119
430983
443285
455828
468825
482165
495731
509751
524211
539078
554349
569995
586279
603185
620276
638039
656112
674779
694036
713589
733958
754847
776087
798122
820819
844106
868063
892740
918290
944393
970981
998627
1027155
1056585
1086434
1117226
1149040
1181749
1215569
1250419
1286146
1322730
1360379
1399554
1439670
1480873
1523236
1566944
1611768
1658292
1705875
1754895
1805313
1856965
1910054
1964931
2020546
20677
21269
21897
22497
23119
23768
24462
25169
25904
26650
27456
28253
29077
29890
30748
31634
32573
33531
34539
35553
36609
37662
38733
39808
41033
42198
43396
44653
45931
47243
48650
50094
51518
52986
54565
56165
57723
59395
61101
62808
64566
66466
68357
70339
72358
74468
76605
78805
81039
83294
85750
88185
90671
93357
96017
98799
101585
104511
107580
110761
113922
117290
120572
123967
127488
131300
135219
139073
143132
147153
151400
155720
160319
164926
169703
174644
179561
184764
190019
195631
201243
207239
213166
219329
225712
232148
238992
245968
253079
260404
267967
275836
283805
292157
300655
309314
318282
327796
337300
347028
357169
367557
378303
389454
400954
412574
424577
436959
449667
462853
476404
490326
504731
519380
534360
549889
566005
582561
599524
616866
634914
653595
672461
692167
712412
733403
754816
776888
799410
822981
846952
871796
897188
923725
950706
978577
1007393
1036763
1067219
1098568
1130548
1163916
1197791
1233212
1269210
1306288
1344431
1384075
1424528
1466687
1509678
1554029
1599426
1646080
1694285
1744331
1795657
1848480
1902455
1958714
2015769
20905
21487
22064
22739
23403
24122
24877
25620
26308
27101
27920
28749
29596
30469
31370
32320
33244
34231
35227
36310
37416
38509
39639
40804
42023
43236
44479
45784
47170
48558
50048
51472
53036
54534
56145
57740
59402
61123
62815
64702
66629
68570
70571
72643
74836
76994
79261
81634
83975
86387
89003
91611
94405
97196
99996
102991
106029
109175
112411
115696
119192
122683
126340
130052
133908
137954
141993
146159
150451
154946
159581
164304
169149
174235
179228
184437
189973
195678
201360
207341
213535
219951
226415
233109
239895
247116
254415
262143
269896
278057
286135
294742
303434
312534
321878
331536
341516
351676
361936
372786
383806
395136
407176
419288
431870
444906
458209
472023
486041
500508
515471
530968
546896
563197
579838
597238
615374
633765
652702
672288
692526
713341
734994
756998
779633
802758
826767
851493
877076
903432
930354
958249
987223
1016949
1047509
1079192
1111660
1145034
1179398
1214811
1251371
1288817
1327455
1367442
1408769
1451284
1494761
1539721
1586349
1634185
1683423
1734008
1785800
1839378
1894870
1952054
2010451
20671
21283
21928
22607
23308
24067
24767
25546
26304
27132
27927
28778
29628
30501
31453
32429
33432
34444
35524
36645
37758
38894
40087
41279
42529
43780
45173
46543
47889
49215
50711
52235
53899
55462
57160
58849
60627
62415
64305
66265
68306
70456
72597
74739
77102
79316
81708
84194
86762
89491
92221
94993
97913
100927
104005
107212
110540
113967
117403
120976
124629
128559
132505
136602
140812
145209
149601
154103
158726
163537
168448
173568
178897
184394
189941
195724
201736
207978
214373
220911
227541
234583
241896
249172
256800
264712
272680
280998
289492
298284
307351
316782
326450
336472
346736
357235
368345
379689
391117
403225
415547
428305
441418
454940
468823
483053
497820
513024
528522
544943
561473
578542
596049
614212
633215
652571
672431
693051
713974
735895
758416
781971
805860
830415
855965
882051
909202
936916
965764
995612
1026141
1057366
1089526
1122858
1157293
1192664
1229309
1267032
1306149
1346146
1387462
1430156
1474030
1519500
1566306
1614499
1663853
1714776
1767533
1821839
1877861
1935478
1995525
2056931
20912
21556
22198
22871
23552
24283
25032
25764
26574
27387
28192
29058
29914
30844
31822
32862
33893
34967
36043
37160
38289
39408
40643
41876
43163
44540
45878
47255
48659
50147
51659
53289
54932
56552
58342
60162
62061
63945
65810
67832
69870
72019
74214
76530
78891
81311
83858
86456
89142
91984
94806
97657
100628
103887
107158
110485
113941
117499
121144
124924
128909
132904
137104
141385
145722
150095
154699
159437
164448
169562
174888
180316
185879
191507
197528
203747
209902
216358
223153
230161
237433
244884
252689
260543
268636
277069
285588
294648
304120
313516
323369
333373
343734
354536
365505
376979
388603
400676
413255
426213
439590
453154
467131
481518
496327
511647
527748
544490
561616
579380
597459
616061
635399
655175
675703
696859
718379
741047
764315
788337
813201
838508
864708
891776
919867
948627
978019
1008535
1040033
1072695
1106181
1140920
1177066
1213421
1251317
1290111
1330504
1372246
1415149
1459518
1505357
1552446
1601219
1651733
1703250
1756387
1811681
1868410
1926937
1987486
2049416
21121
21807
22518
23193
23954
24708
25430
26197
27068
27891
28817
29770
30673
31645
32680
33688
34733
35799
36983
38186
39424
40643
41932
43225
44549
45899
47371
48908
50477
52113
53735
55417
57107
58814
60665
62621
64621
66615
68710
70792
73005
75310
77675
80114
82653
85273
88038
90775
93657
96647
99632
102731
105990
109356
112814
116514
120237
124101
128000
131960
136090
140345
144810
149357
154077
158910
163899
169005
174258
179669
185290
190959
197043
203314
209743
216377
223082
229945
237128
244522
252138
260138
268430
276883
285622
294648
303914
313536
323447
333830
344209
355115
366249
377797
389635
401970
414766
427666
441058
454861
469115
484118
499366
515378
531606
548356
565447
583217
601872
621011
640479
660736
681738
703313
725658
748784
772102
796416
821619
847489
874521
902309
930938
960390
990918
1022083
1054551
1088178
1122434
1157738
1194604
1232380
1271540
1311719
1353406
1395813
1440328
1486112
1532883
1581387
1631603
1683152
1736718
1791553
1848099
1906506
1967435
2029941
20854
21487
22170
22876
23585
24296
25054
25881
26706
27558
28436
29290
30229
31230
32190
33206
34315
35411
36571
37737
38943
40164
41398
42743
44116
45536
46996
48534
50032
51560
53143
54790
56540
58376
60269
62186
64158
66214
68353
70520
72700
75054
77533
79986
82528
85180
87835
90649
93474
96299
99391
102577
105921
109220
112621
116215
119984
123766
127647
131723
135869
140243
144783
149394
154102
159160
164201
169391
174782
180298
185979
191936
198077
204390
210851
217472
224351
231506
238778
246335
254028
262233
270629
279199
287976
297186
306606
316406
326696
337157
347883
358936
370553
382575
394753
407210
420266
433784
447706
461971
476972
492183
507753
523731
540772
557982
575641
594068
613071
632658
653051
674303
695754
718039
741071
764876
789239
814219
840217
867090
894777
923375
952989
983637
1014923
1047566
1081074
1115544
1150904
1187882
1226229
1265473
1305906
1347622
1391092
1435495
1481189
1528615
1577451
1628094
1680171
1733776
1789545
1847038
1906506
1967569
2030513
21272
21981
22682
23368
24112
24852
25662
26506
27355
28262
29199
30195
31182
32190
33236
34324
35496
36639
37833
39019
40361
41573
42943
44391
45845
47296
48740
50311
51889
53491
55260
57105
58979
60814
62774
64772
66859
68929
71270
73535
75891
78275
80822
83373
86033
88862
91707
94684
97679
100835
104104
107487
110830
114315
118035
121798
125749
129705
133805
138109
142527
147045
151831
156670
161773
167018
172420
177810
183492
189281
195360
201651
208249
215044
221857
228894
236193
243812
251643
259737
267980
276614
285339
294492
304092
313813
323862
334487
345134
356084
367631
379300
391547
404191
417070
430524
444351
458761
473543
488564
504267
520623
537308
554689
572576
591037
609929
629530
649421
670473
691909
713921
736988
760530
785094
810318
835975
863300
890866
919473
949191
979736
1010844
1043585
1077375
1112103
1147948
1185194
1223204
1262649
1303276
1345478
1388769
1433282
1479381
1526569
1575350
1626398
1678540
1732558
1788628
1845991
1905450
1966912
2030226
21030
21694
22413
23146
23914
24692
25501
26318
27137
28024
28948
29842
30793
31782
32782
33844
34941
36015
37192
38414
39582
40857
42180
43607
45031
46495
47977
49507
51105
52725
54381
56156
57931
59832
61742
63823
65817
67950
70162
72389
74642
77067
79575
82136
84790
87517
90420
93357
96332
99368
102610
105974
109322
112855
116571
120351
124162
128202
132350
136642
141134
145749
150286
155127
160130
165241
170584
176147
181941
187829
193915
200086
206561
213314
220218
227362
234690
242223
249881
257857
266088
274723
283432
292659
302382
312302
322290
332593
343287
354297
365845
377454
389623
402211
415212
428587
442438
456574
471460
486639
502242
518517
535318
552562
570223
588687
607642
627199
647544
668456
690213
712404
735183
758943
783581
808981
835180
862103
889824
918650
948278
979047
1010670
1043149
1076893
1111774
1147696
1184702
1222769
1262405
1303209
1344793
1387955
1433165
1479730
1527028
1576519
1627589
1680141
1733950
1789903
1847662
1907435
1968959
2032664
21071
21720
22378
23122
23861
24630
25362
26125
26932
27764
28675
29582
30549
31610
32605
33701
34820
35993
37175
38420
39707
40964
42267
43667
45022
46437
47862
49414
50952
52587
54282
56049
57814
59635
61508
63477
65551
67583
69733
71990
74335
76770
79283
81779
84399
87189
89959
92909
95898
99023
102139
105486
108887
112508
116188
119896
123721
127755
131886
136030
140267
144916
149636
154579
159564
164730
170137
175616
181347
187225
193361
199708
206152
212863
219835
226954
234220
241919
249652
257654
266061
274650
283400
292767
302005
311632
321670
331994
342646
353813
365256
377075
389319
402077
415053
428606
442197
456469
470985
486247
502106
518653
535468
552617
570672
589209
608261
627893
648033
668667
690193
712562
735350
758959
783332
808861
835172
862376
890414
919426
949131
979743
1011535
1044118
1077922
1112690
1148435
1185700
1224005
1263308
1304276
1346282
1389867
1434792
1481205
1528768
1578413
1629457
1681675
1735970
1792298
1850164
1910126
1971542
2035177
21010
21702
22391
23170
23887
24640
25411
26214
27006
27881
28772
29680
30611
31618
32633
33716
34823
35934
37055
38273
39509
40775
42182
43536
44962
46414
47881
49422
51028
52676
54427
56162
58060
59919
61947
63920
65978
68142
70362
72640
74941
77315
79780
82290
84995
87705
90561
93441
96519
99530
102778
106066
109535
113126
116821
120514
124266
128368
132443
136752
141194
145684
150394
155266
160329
165409
170738
176144
181917
187822
193802
200172
206607
213236
220100
227217
234602
242196
250034
258248
266689
275360
284349
293570
303052
312884
322852
333304
344085
355224
366935
378736
390842
403372
416528
430090
444004
458329
473135
488601
504540
521003
537739
555098
573337
591800
611040
630936
651204
672316
693999
716157
739407
762923
787751
813054
839009
866150
894289
923081
952731
983584
1015768
1048301
1082056
1117003
1153160
1190527
1229085
1268855
1309717
1352294
1396207
1441390
1488277
1536097
1586337
1638055
1691229
1745752
1802456
1860638
1920984
1983359
2047993
21327
22053
22750
23516
24246
25043
25786
26620
27513
28432
29381
30341
31325
32360
33440
34516
35617
36740
37947
39171
40449
41739
43033
44464
45959
47339
48843
50326
51970
53668
55349
57199
58996
60919
62908
64934
67024
69224
71461
73752
76143
78658
81244
83954
86725
89518
92396
95390
98442
101684
104925
108364
111857
115540
119267
123020
126886
131038
135195
139543
143999
148722
153566
158544
163556
168807
174261
179954
185753
191729
197920
204350
210915
217751
224869
232063
239561
247172
255115
263402
271965
280725
289776
299302
308988
319061
329351
339892
350919
362275
374165
386413
398846
411798
425212
438964
453075
467871
482940
498683
514828
531474
548550
566312
584683
603554
623140
643267
664174
685739
707745
730639
754384
778911
803865
829638
856399
884089
912548
942097
972583
1004147
1036689
1070143
1104530
1140192
1176856
1215083
1254262
1294715
1336578
1379845
1424534
1470734
1518453
1567161
1618160
1670627
1724499
1780261
1837781
1897595
1959183
2023013
20705
21365
22062
22840
23549
24327
25122
25976
26768
27593
28540
29406
30384
31339
32305
33332
34407
35522
36722
37896
39071
40321
41604
43039
44407
45897
47437
49005
50569
52260
53940
55653
57440
59293
61237
63239
65220
67310
69491
71740
74007
76395
78883
81449
84162
86761
89601
92476
95495
98635
101761
104959
108348
111778
115335
119104
123027
127078
131171
135464
139924
144457
149038
153757
158792
163918
169170
174727
180437
186207
192192
198416
204829
211511
218296
225273
232645
240172
247998
256049
264423
273011
281765
290969
300411
310287
320146
330601
341273
352421
363872
375538
387852
400476
413343
426625
440453
454689
469426
484502
500203
516164
532613
549858
567600
585660
604643
624289
644529
665290
686934
709170
732021
755699
780228
805614
831699
858833
886719
915473
944619
975461
1007063
1040057
1074200
1109013
1145176
1182209
1220277
1259811
1300717
1343138
1386602
1431531
1477999
1525461
1574619
1625616
1677998
1732560
1788494
1846088
1905793
1967720
2030947
21108
21751
22495
23258
24007
24811
25612
26480
27349
28192
29146
30069
31032
32046
33056
34127
35295
36438
37666
38904
40126
41414
42763
44147
45577
47062
48647
50218
51832
53484
55274
57110
58994
60867
62827
64862
66924
69103
71333
73631
75994
78334
80895
83529
86249
89106
92094
94993
98034
101141
104343
107702
111300
114966
118688
122485
126471
130671
134938
139333
143893
148577
153390
158363
163432
168850
174340
179954
185654
191641
197932
204308
210947
217844
224940
232077
239427
247385
255400
263676
272142
280936
290160
299528
309442
319274
329654
340299
351265
362534
374438
386396
398948
411954
425359
439263
453564
468036
483316
498917
515076
531752
549023
566802
585059
604150
623544
643865
664839
686511
708726
731741
755331
779591
804786
830957
857701
885720
914685
944318
975008
1006693
1039407
1072991
1108176
1144370
1181303
1219511
1259023
1299871
1342228
1385996
1430941
1477474
1525518
1575142
1626400
1678996
1733395
1789691
1847702
1907607
1968894
2032668
20827
21514
22231
22944
23725
24528
25279
26134
26982
27893
28785
29715
30720
31753
32767
33868
34988
36132
37323
38522
39787
41080
42401
43750
45132
46601
48224
49821
51402
53086
54781
56519
58299
60237
62205
64205
66284
68423
70648
72918
75314
77785
80338
82927
85593
88271
91093
93992
96923
100071
103411
106743
110159
113692
117340
121137
125085
129241
133411
137767
142158
146848
151656
156599
161769
167041
172499
178096
184006
189929
196075
202555
209216
216101
223254
230456
238036
245628
253761
262029
270464
279137
288319
297775
307506
317457
327982
338649
349756
361015
372736
384606
397092
409825
423364
436996
451322
465919
481111
496747
512805
529550
546627
564526
582744
601685
621322
641468
662248
683602
705770
728573
752147
776509
801574
827377
854229
881918
910780
940280
970860
1002644
1035200
1068883
1103827
1139382
1176395
1214623
1253495
1293845
1335397
1378452
1423500
1469590
1517459
1566578
1617096
1669309
1723581
1779280
1836459
1896089
1957300
2021157
20505
21177
21846
22576
23281
24070
24864
25660
26520
27430
28283
29199
30138
31064
32034
33058
34146
35220
36366
37578
38751
39973
41240
42589
43925
45302
46768
48218
49806
51417
53081
54817
56589
58411
60369
62285
64288
66319
68440
70664
72962
75388
77778
80343
82985
85616
88415
91178
94035
97041
100172
103437
106727
110245
113858
117535
121274
125268
129212
133500
137792
142252
146793
151527
156397
161395
166600
171995
177584
183339
189232
195340
201615
208118
214805
221742
228963
236374
243979
251910
260134
268646
277420
286492
295721
305444
315347
325636
336239
347168
358486
370078
382179
394666
407317
420482
434112
448117
462602
477714
493311
509522
525976
543029
560574
578924
597495
616986
636874
657698
679029
701163
723735
747189
771650
796623
822494
849277
876994
905639
935186
965574
996961
1029413
1062875
1097432
1133180
1169629
1207667
1246715
1287341
1329245
1372139
1416501
1462063
1509517
1558136
1608876
1661335
1715407
1771220
1828495
1887808
1948737
2011634
20828
21497
22182
22914
23717
24482
25240
26044
26869
27728
28674
29561
30515
31564
32569
33632
34687
35810
36986
38149
39386
40634
41936
43353
44811
46238
47710
49277
50886
52553
54227
55962
57732
59684
61655
63603
65691
67807
70036
72279
74624
77035
79481
81938
84596
87353
90233
93094
96093
99141
102320
105633
109080
112636
116217
119876
123866
127869
132007
136347
140814
145436
150195
155038
160086
165231
170558
176062
181640
187603
193631
199804
206364
213164
219987
227028
234514
242146
249982
257962
266214
274732
283613
292740
302395
312347
322439
332715
343613
354782
366262
378238
390602
403084
416066
429617
443478
457913
472905
488147
503866
520015
537096
554152
572104
590651
609716
629372
649840
670939
692383
714877
737920
761829
786763
812219
838714
865802
894009
923111
953301
984229
1016273
1048921
1082960
1118106
1154490
1191597
1230412
1270392
1311674
1354229
1398244
1443338
1490393
1538836
1588887
1640436
1693585
1748190
1804966
1863523
1924052
1986934
2051992
21245
21962
22695
23432
24197
25006
25868
26744
27606
28520
29420
30360
31367
32365
33446
34554
35624
36781
37948
39141
40346
41666
43042
44449
45878
47345
48929
50489
52196
53883
55621
57457
59419
61310
63347
65446
67605
69824
72087
74427
76855
79355
81933
84431
87054
89918
92776
95700
98889
102066
105460
108954
112453
116107
119894
123720
127745
131883
136194
140630
144994
149622
154554
159524
164663
169971
175494
181249
187153
193227
199511
205929
212633
219491
226570
233953
241588
249429
257348
265835
274263
282978
292261
301900
311750
321713
332180
342854
354031
365434
377267
389561
402181
415388
428864
442606
456934
471784
487150
503153
519691
536545
553865
571848
590478
609447
629105
649124
670303
692370
714750
738239
762140
787056
812582
838817
866103
894156
923272
953217
984231
1016265
1049124
1082839
1118000
1154336
1191884
1230303
1270054
1311174
1353503
1397377
1442629
1489401
1537587
1587869
1639778
1693155
1748045
1804818
1863427
1923779
1986027
2050818
21111
21810
22521
23274
24035
24828
25635
26498
27367
28234
29136
30044
30982
32004
33065
34169
35240
36368
37561
38848
40164
41423
42735
44147
45577
47029
48556
50106
51755
53437
55172
56914
58825
60710
