102666
105413
108271
111169
114100
117124
120238
123382
126564
129831
133172
136758
140471
144245
148084
151992
156092
160224
164551
168990
173566
178164
182941
187807
192812
198021
203290
208651
214257
219966
225750
231790
238094
244575
251012
257761
264681
271652
279009
286620
294339
302227
310424
318774
327282
336231
345335
354550
364072
373958
383874
394185
404793
415834
426931
438536
450444
462624
475168
488017
501326
514912
528695
543106
557565
572812
588207
604048
620655
637535
654803
672432
690651
709406
728817
748556
769209
790065
811586
833375
856020
879201
903319
927682
952954
978727
1005395
1032811
1060766
1090054
1119749
1150551
1181892
1214307
1247419
1281627
1316845
1353179
1390275
1428057
1467156
1507378
1548532
1590849
1634505
1678960
1724941
1772238
1820651
1870500
1921848
1974786
2029040
20799
21371
21979
22593
23211
23838
24482
25155
25825
26526
27260
28059
28869
29631
30470
31309
32197
33049
33975
34941
35881
36850
37868
38914
39975
41094
42216
43379
44573
45860
47090
48394
49806
51222
52638
54088
55565
57134
58716
60320
61952
63711
65529
67403
69350
71298
73294
75345
77488
79629
81783
84054
86393
88895
91355
93828
96452
99099
101890
104720
107660
110668
113818
117098
120362
123744
127256
130862
134557
138302
142238
146208
150297
154577
158891
163467
168050
172757
177464
182486
187578
192866
198262
203807
209545
215339
221598
227838
234374
240928
247658
254692
261890
269222
276870
284591
292547
300795
309271
318179
327199
336308
345831
355620
365757
376246
386938
397965
409228
420994
433035
445631
458247
471206
484781
498457
512470
527034
541976
557356
573268
589479
606190
623237
641037
659429
678125
697508
717329
737770
758782
780412
802645
825511
849013
873129
898021
923780
950195
977365
1005065
1033549
1062774
1093193
1124607
1156906
1190012
1224002
1259224
1295383
1332392
1370408
1409679
1449791
1491422
1534275
1578308
1623571
1670403
1718251
1767505
1818492
1870731
1924659
1979536
2036415
21036
21629
22277
22943
23573
24295
24955
25697
26435
27236
28010
28779
29555
30438
31316
32221
33165
34151
35197
36208
37276
38319
39425
40559
41750
42951
44186
45411
46686
48071
49462
50881
52320
53800
55344
56943
58620
60292
62083
63941
65759
67659
69674
71742
73828
75972
78190
80437
82846
85136
87581
90187
92867
95569
98373
101201
104175
107298
110647
114025
117345
120805
124364
127888
131678
135446
139354
143442
147859
152130
156514
161094
165754
170550
175613
180881
186132
191536
197156
203030
208985
215213
221546
227969
234568
241559
248654
255873
263330
271076
279078
287185
295464
304213
313130
322332
331799
341595
351902
362254
372871
383957
395517
407236
419256
431601
444076
457162
470481
484680
499151
514023
528970
544434
560443
576997
593938
611478
629490
648323
667310
686947
707305
728386
749868
771964
794944
818667
842831
867893
893426
920148
947597
975582
1004830
1034864
1065365
1096935
1129377
1162907
1197116
1232640
1269644
1307074
1346093
1385778
1426821
1469306
1513124
1558057
1604774
1652654
1701808
1752592
1804810
1858434
1914024
1971191
2029948
20897
21521
22133
22790
23454
24155
24899
25632
26395
27182
28012
28795
29652
30517
31436
32322
33220
34179
35248
36252
37337
38426
39604
40888
42077
43296
44548
45851
47201
48654
50132
51606
53152
54763
56382
58064
59836
61585
63398
65199
67151
69177
71301
73466
75742
78061
80397
82805
85213
87753
90405
93172
96021
98873
101852
104937
108068
111348
114745
118221
121770
125386
129294
133171
137193
141380
145668
150068
154524
159174
163932
168923
173932
179290
184748
190455
196268
202134
208352
214713
221087
227731
234685
241935
249250
256826
264520
272413
280684
289121
297913
306965
316268
325919
335823
345850
356391
367223
378471
389936
401903
414154
426740
439698
453176
467054
481258
495894
511044
526645
542544
559164
576132
593686
611661
630233
649139
668850
689302
710254
732036
754155
776993
800654
825096
850150
876267
903045
930743
959137
988460
1018704
1050264
1082476
1115834
1150081
1185326
1221596
1259167
1297706
1337531
1378633
1420640
1464120
1509110
1555004
1602848
1652092
1703328
1755478
1808916
1864510
1921465
1980405
2041146
21038
21635
22307
23003
23708
24452
25226
26038
26873
27732
28631
29491
30372
31283
32248
33179
34249
35334
36382
37491
38639
39809
41032
42394
43675
45016
46403
47802
49321
50849
52418
53994
55673
57440
59281
61065
62974
64925
66970
69048
71212
73439
75683
78064
80468
83001
85577
88255
90921
93698
96653
99628
102683
105867
109099
112483
115971
119570
123238
127064
130948
135077
139380
143734
148197
152744
157519
162455
167449
172786
178222
183822
189447
195287
201437
207704
214235
220826
227675
234716
242059
249518
257188
265285
273584
282072
290903
299966
309364
318868
328742
338973
349825
360828
372056
383624
395916
408299
420986
434166
447622
461605
476179
491048
506450
522299
538847
555867
573422
591453
609953
629158
649007
669470
690545
712192
734532
757717
781578
806083
831426
857578
884398
912051
940868
970173
1000659
1032332
1064494
1098128
1132571
1168313
1204948
1242977
1282077
1322270
1364538
1407232
1451179
1496732
1543878
1592301
1642738
1694871
1748171
1803478
1860322
1918970
1979615
2041949
20907
21541
22243
22932
23683
24479
25259
26039
26816
27672
28543
29411
30346
31322
32334
33363
34439
35499
36670
37891
39106
40379
41726
43021
44383
45780
47179
48661
50165
51789
53425
55143
56874
58666
60539
62416
64423
66470
68625
70800
73093
75364
77692
80200
82792
85454
88135
91032
93924
96900
99994
103118
106455
109804
113292
117007
120675
124497
128519
132616
136871
141202
145728
150317
155110
160033
165105
170358
175824
181453
187192
193266
199494
205832
212432
219059
226147
233524
240829
248552
256411
264748
273231
282077
291098
300478
310076
319983
330320
340912
351931
363329
374795
386885
399443
412309
425579
439142
453250
467932
483018
498524
514530
530941
547967
565752
583864
602665
622157
642169
662786
683976
705801
728566
751823
776114
801131
826983
853628
881378
909451
938636
968907
1000026
1032377
1065888
1100186
1135909
1172384
1210373
1249560
1289843
1331312
1374659
1419040
1464843
1512345
1561307
1611717
1663584
1716985
1772721
1830281
1889714
1951042
2013953
20579
21255
21906
22614
23352
24080
24875
25658
26515
27364
28277
29194
30114
31102
32123
33175
34279
35385
36516
37668
38899
40131
41437
42753
44162
45594
47044
48513
50084
51672
53321
55057
56833
58610
60456
62530
64579
66691
68877
71074
73340
75682
78162
80735
83289
86002
88816
91556
94615
97817
100967
104276
107640
111126
114681
118395
122210
126218
130260
134441
138810
143357
148064
152868
157773
162844
168190
173671
179308
185238
191263
197531
203961
210597
217452
224467
231765
239401
247324
255473
263825
272555
281542
290699
300203
309876
319940
330355
341261
352532
363938
375870
388228
401018
414111
427467
441460
455967
471035
486456
502547
519077
536147
553729
571873
590717
610179
630263
651059
672765
694921
717675
741316
765575
790875
816613
842799
870938
899476
928682
958994
990722
1023214
1056708
1091436
1127186
1164644
1203020
1242573
1283476
1326067
1369884
1415265
1462062
1510024
1559585
1610868
1664398
1718774
1775304
1834075
1894650
1956704
2021043
20999
21705
22400
23101
23877
24675
25476
26307
27170
28086
29008
29955
30972
32034
33056
34124
35276
36390
37539
38796
40095
41420
42746
44166
45611
47068
48603
50246
51962
53660
55431
57261
59143
61085
63093
65133
67256
69412
71732
74064
76538
79012
81659
84373
87108
89976
92990
96076
99216
102417
105736
109202
112845
116557
120507
124489
128563
132767
137275
141794
146384
151288
156283
161558
166961
172461
178275
184227
190213
196509
202931
209606
216590
223633
231106
238706
246732
254871
263165
271915
280811
290143
299741
309625
319774
330315
341343
352654
364463
376447
389001
401937
415384
428998
443236
457847
473181
488889
504999
521628
539054
557047
575562
594618
614245
634661
655728
677368
699890
723236
747121
772083
797822
824493
851990
880552
910034
940071
971559
1003737
1037017
1071277
1107039
1143564
1181233
1220321
1261090
1303011
1346521
1391800
1438014
1486001
1535571
1586504
1639243
1693741
1750444
1808855
1869143
1931548
1995639
2062527
21098
21766
22462
23231
23995
24797
25588
26465
27379
28325
29240
30222
31192
32225
33297
34441
35532
36787
37974
39248
40612
42004
43435
44917
46414
47950
49570
51173
52866
54647
56470
58383
60347
62401
64401
66592
68902
71231
73576
76021
78518
81122
83828
86615
89533
92518
95543
98709
102040
105502
109040
112617
116396
120379
124412
128538
132895
137321
141919
146660
151520
156466
161795
167293
172964
178700
184587
190881
197348
204016
210684
217650
225005
232500
240285
248211
256694
265265
274169
283279
292725
302789
313016
323605
334429
345753
357281
369176
381441
394299
407606
421122
435302
449876
464825
480415
496638
513291
530572
548182
566524
585596
604914
625429
646239
667765
690156
713333
737421
762122
787484
813715
840923
868846
898049
928114
959201
991449
1024826
1058960
1094532
1131324
1169754
1209237
1249810
1291889
1335298
1380029
1426086
1474431
1523740
1574877
1627519
1681979
1738360
1797021
1857223
1919692
1984021
2050955
21350
22051
22814
23518
24322
25214
26092
26920
27848
28778
29798
30803
31829
32915
34039
35212
36344
37516
38791
40153
41466
42917
44369
45864
47472
49013
50757
52458
54273
56131
57931
59871
61849
63934
66071
68276
70609
72930
75367
77959
80548
83237
86072
88997
91940
94901
98067
101363
104842
108376
111972
115789
119634
123656
127836
132168
136648
141206
145907
150929
156077
161233
166601
172189
177927
183937
190142
196636
203238
210156
217158
224481
231818
239529
247666
255911
264505
273556
282948
292365
302319
312366
322791
333484
344676
356388
368207
380424
393217
406238
419984
434214
448863
463948
479538
495804
512435
529623
547613
566026
585418
605286
625586
646553
668042
690433
713565
737723
762278
788010
814435
841894
870517
900009
930148
961536
993987
1027170
1062218
1098145
1135349
1173523
1212989
1253671
1296185
1340130
1385386
1432199
1480707
1530560
1582165
1635611
1690569
1747483
1806240
1867530
1930571
1995410
2063041
21278
21997
22738
23528
24288
25111
25944
26768
27657
28589
29557
30533
31570
32599
33745
34904
36122
37280
38491
39767
41156
42514
43961
45394
46968
48593
50282
51943
53693
55541
57412
59361
61296
63429
65544
67766
70026
72370
74875
77452
80090
82725
85550
88461
91542
94578
97742
100962
104459
107954
111690
115540
119462
123620
127885
132217
136832
141284
146112
150991
156097
161374
166810
172479
178221
184109
190254
196618
203254
210068
217383
224760
232269
240252
248401
256697
265281
274321
283654
293368
303247
313539
324271
335233
346569
358255
370558
383175
396050
409509
423384
437915
452595
468127
483953
500121
516959
534539
552422
570884
590137
610035
630766
652142
674262
696921
720516
744686
769881
796069
822967
850931
879514
908915
939593
971273
1004006
1037904
1072994
1109218
1146540
1185044
1225316
1266684
1309406
1353244
1398729
1446197
1495312
1546385
1598668
1652341
1708118
1766000
1825472
1887573
1951306
2017786
20987
21700
22448
23217
23975
24740
25553
26416
27359
28303
29250
30240
31275
32335
33438
34580
35723
36947
38221
39496
40824
42193
43631
45088
46575
48195
49753
51435
53163
54986
56805
58770
60723
62761
64881
67051
69383
71843
74329
76882
79539
82231
84987
87842
90777
93842
97024
100405
103785
107289
110945
114848
118685
122737
126826
131167
135535
140202
145064
150002
155145
160429
165813
171492
177374
183359
189493
195836
202542
209461
216745
224223
231728
239520
247726
256251
264800
273748
283021
292776
302728
312879
323548
334573
346005
357715
369746
382086
395118
408509
422371
436718
451558
467012
482829
499262
516090
533367
551317
569912
589080
609042
629710
650994
673047
695741
719481
743879
769204
795183
822189
850005
878760
908664
939452
971402
1004218
1037954
1073200
1109535
1147030
1185607
1225874
1267335
1310529
1354864
1400896
1448085
1497214
1548164
1600675
1654881
1710893
1768848
1828654
1890683
1954467
2021024
20856
21549
22335
23107
23870
24654
25478
26341
27240
28148
29211
30181
31198
32169
33133
34263
35433
36679
37937
39211
40536
41919
43321
44832
46295
47880
49454
51105
52920
54787
56678
58489
60479
62579
64677
66896
69184
71635
74026
76584
79175
81928
84783
87666
90569
93649
96820
100062
103486
106875
110601
114329
118179
122184
126236
130436
134906
139584
144285
149110
154099
159278
164652
170301
176182
182108
188265
194534
201096
207867
214826
222130
229808
237560
245637
254044
262483
271470
280710
290295
300086
310169
320708
331525
342885
354463
366311
378552
391465
404814
418570
432667
447291
462289
477841
493962
510649
527923
545564
564202
583410
603353
623610
644872
666831
689147
712644
736903
761748
787938
814398
842276
870493
899986
930577
961831
994170
1027640
1062789
1098833
1136084
1174832
1214356
1255344
1298143
1342241
1387660
1434482
1483464
1533900
1586269
1640376
1696147
1753975
1813151
1874919
1938685
2004016
20718
21455
22204
22935
23730
24587
25414
26272
27173
28065
29058
30042
31057
32058
33161
34263
35405
36577
37801
39118
40407
41759
43177
44682
46135
47730
49334
50959
52655
54406
56270
58181
60148
62218
64310
66419
68558
70869
73289
75757
78306
80862
83592
86392
89252
92292
95345
98559
101967
105458
108952
112732
116624
120530
124637
128843
133214
137813
142478
147305
152279
157364
162623
168096
173756
179582
185723
192043
198503
205270
212292
219588
227000
234648
242718
250962
259523
268166
277439
286829
296542
306473
317033
327871
338970
350737
362472
374777
387516
400706
414155
428163
442828
457725
473503
489848
506493
523985
541709
560204
579329
598932
619273
640280
661752
684263
707573
731569
755911
781508
807938
835275
863552
892732
922960
954327
986885
1020710
1055166
1090868
1127781
1166094
1205749
1246680
1288889
1332484
1377824
1424292
1472669
1522962
1574718
1628453
1683827
1741078
1800127
1861525
1924733
1989852
2056988
21254
21984
22752
23549
24410
25249
26114
27020
27898
28859
29836
30858
31928
32993
34147
35308
36495
37790
39008
40338
41668
43056
44507
46038
47582
49238
50964
52723
54480
56294
58229
60200
62205
64310
66511
68719
70988
73404
75879
78537
81165
83965
86852
89815
92943
96103
99391
102754
106278
109915
113509
117359
121398
125488
129665
134045
138699
143584
148496
153661
158902
164472
169988
175718
181626
187730
193986
200498
207324
214462
221661
229189
236776
244865
253023
261595
270501
279642
289063
298712
308862
319660
330631
341911
353618
365485
377848
390893
404340
418000
432366
447327
462692
478431
494729
511408
528737
546476
564985
584431
604388
625037
646112
667973
690737
714319
738355
763199
789011
815789
843204
871790
901261
931904
963506
996476
1030068
1064814
1100974
1138515
1177185
1217308
1258476
1301257
1345242
1391240
1438451
1487222
1537601
1589946
1644155
1699962
1757792
1817188
1878411
1942124
2008059
20531
21213
21978
22701
23450
24264
25071
25963
26869
27818
28794
29788
30785
31778
32841
33906
35026
36229
37368
38579
39860
41256
42638
44127
45578
47110
48741
50369
52086
53785
55635
57548
59466
61554
63619
65781
68041
70338
72752
75134
77664
80331
83029
85877
88822
91843
95056
98269
101569
104864
108310
111962
115722
119636
123660
127870
132087
136537
141196
145892
150827
156046
161293
166743
172457
178260
184417
190589
197114
203843
210740
217835
225181
232692
240690
248797
257256
266015
275026
284316
294069
304036
314490
325122
336264
348015
360001
372276
384974
397857
411276
425333
439709
454724
470040
486133
502732
519650
537355
555561
574364
594026
614222
635130
656989
679062
702147
726069
750908
776628
803027
830270
858445
887839
917865
949282
981498
1014528
1049107
1085057
1122081
1159954
1199088
1239514
1281771
1325341
1370362
1416947
1465008
1514538
1565892
1618908
1673954
1731192
1790079
1850979
1914000
1979117
2046652
21304
22067
22828
23598
24413
25206
26036
26881
27804
28750
29737
30709
31712
32828
33943
35067
36196
37442
38728
40052
41397
42843
44304
45801
47307
48880
50498
52222
54023
55870
57834
59808
61918
64002
66196
68407
70751
73125
75649
78202
80942
83656
86504
89545
92561
95628
98822
102177
105585
109166
112850
116594
120666
124833
129083
133477
138096
142693
147490
152550
157824
163078
168719
174574
180614
186713
193116
199842
206568
213646
220969
228421
236116
244181
252405
261054
269823
278954
288491
298209
308255
318885
329871
340961
352458
364447
376648
389346
402505
416030
430131
444764
459858
475392
491683
508387
525742
543555
561874
581052
600947
621717
642943
664810
687554
710944
735461
760388
786088
812883
840325
869080
898595
929246
960835
993643
1027170
1062356
1098595
1136150
1174911
1214588
1255648
1298105
1341975
1387714
1435255
1484089
1534534
1586344
1640216
1696296
1754073
1813678
1875281
1939471
2005378
20668
21352
22072
22869
23674
24503
25314
26166
27055
27952
28884
29864
30863
31961
33079
34175
35354
36524
37725
38968
40299
41704
43058
44497
46008
47526
49158
50839
52538
54325
56169
58026
59928
61918
64031
66184
68466
70773
73089
75566
78084
80751
83518
86364
89389
92385
95503
98822
102203
105628
109202
112969
116803
120814
124931
129222
133735
138211
142915
147749
152758
157911
163312
168831
174608
180449
186651
192985
199746
206481
213388
220543
228042
235871
243820
252107
260667
269557
278737
288189
297896
308159
318657
329326
340439
352071
364014
376294
389191
402417
416036
430238
444675
459765
475432
491531
508608
525751
543900
562367
581458
601334
621710
642752
664435
687232
710357
734680
759426
785113
811764
839317
867966
897518
928186
959697
991998
1025656
1060593
1096948
1134165
1173049
1212718
1254248
1296778
1340860
1386720
1433866
1482822
1533105
1585262
1639108
1694804
1752168
1811416
1873035
1936731
2002585
20820
21573
22270
23004
23777
24596
25411
26250
27153
28060
29017
29974
30976
32030
33136
34259
35416
36576
37833
39112
40477
41900
43329
44852
46376
48000
49646
51401
53140
54926
56788
58689
60725
62788
64960
67214
69409
71771
74179
76683
79263
81957
84769
87691
90649
93759
97008
100199
103688
107108
110684
114423
118266
122287
126388
130725
135173
139780
144549
149325
154497
159869
165252
170832
176827
182883
189077
195541
202151
208934
215968
223337
230925
238733
246701
255024
263624
272587
281776
291261
301181
311417
321959
332960
344278
356192
368511
381046
393995
407508
421527
435747
450469
465891
481931
498169
515120
532600
550863
569596
588911
608804
629378
650947
673162
696303
720027
744376
769593
795658
822890
851000
880010
909555
940615
972676
1006100
1040329
1075811
1112278
1150263
1189607
1229691
1272017
1315293
1359849
1406128
1453734
1502866
1553873
1606902
1661461
1717554
1776249
1836739
1899163
1964046
2031232
21119
21838
22562
23349
24132
24957
25793
26654
27538
28504
29459
30494
31581
32643
33647
34799
35972
37182
38510
39854
41237
42592
43999
45484
47025
48615
50306
52045
53848
55701
57581
59523
61619
63667
65954
68172
70477
72754
75249
77733
80344
83080
85870
88783
91897
95021
98306
101708
105199
108761
112477
116192
120132
124239
128444
132805
137248
141854
146634
151709
156898
162164
167664
173406
179264
185345
191675
197930
204755
211867
219101
226643
234317
242227
250349
258800
267700
276719
286147
295727
305759
316075
326771
338007
349132
361123
373243
385782
398706
412353
426436
440696
455733
471361
487474
503948
521317
538976
557164
576057
595662
615733
636515
658034
680403
703600
727309
751963
777522
803858
831135
859627
889035
919119
950329
982450
1016008
1050530
1086132
1123260
1161466
1200873
1241566
1284282
1328233
1373530
1420285
1468459
1518331
1570077
1623395
1678647
1735640
1794445
1855413
1918662
1984010
2051661
21054
21740
22473
23259
24051
24891
25684
26560
27455
28347
29293
30289
31307
32402
33480
34616
35826
37027
38320
39625
40978
42363
43824
45271
46822
48410
50047
51728
53505
55388
57285
59228
61213
63311
65479
67706
70016
72268
74760
77270
79872
82645
85474
88349
91291
94323
97612
101026
104424
107956
111580
115405
119370
123425
127586
131981
136463
141119
145947
150892
155993
161224
166709
172415
178205
184171
190317
196732
203502
210403
217598
224993
232555
240545
248672
257074
265868
274932
284177
293879
304014
314310
325014
336066
347498
359254
371439
384244
397277
410855
424605
439073
454133
469616
485478
501964
518820
536460
554726
573325
592853
613006
633745
655343
677675
700508
724425
749232
774887
801270
828746
857127
886088
915933
947098
979173
1012291
1046754
1082785
1119424
1157750
1197304
1238006
1280332
1323991
1369184
1415741
1464175
1514063
1565650
1618906
1673969
1730513
1789632
1850299
1913493
1979034
2046388
21423
22137
22893
23661
24448
25263
26091
26984
27958
28885
29883
30864
31889
32962
34082
35284
36501
37739
38942
40244
41648
43117
44564
45970
47537
49168
50884
52628
