4,3,3,2,2,4,2,2,2,2,2,2,2,2,2,2,3,2,2,2,3,2,-0.0408610344557098
4,3,2,2,2,3,2,2,3,2,3,2,2,2,2,3,3,2,3,3,3,2,-0.0491385965719591
4,3,2,2,2,3,2,2,3,2,2,2,2,2,2,3,3,2,3,3,3,2,-0.0449220874759849
4,3,2,2,2,3,2,2,2,2,2,2,2,2,2,3,3,2,3,3,3,2,-0.00892384076089317
2,2,2,2,2,2,2,2,2,2,2,2,2,2,2,2,2,2,2,2,2,2,0.0411707149211283
4,3,2,2,2,3,2,2,2,2,3,2,2,2,2,3,3,2,3,3,3,2,-0.0329918333175034
4,3,2,2,2,3,2,3,2,2,3,2,2,2,2,3,3,2,3,3,3,2,-0.035363173024162
4,3,3,2,2,4,2,2,2,2,2,2,3,2,2,2,3,2,2,2,3,2,-0.0296498935897375
4,3,2,2,2,3,2,2,3,2,3,2,2,2,2,3,3,1,3,3,3,2,-0.0470534407117166
4,3,2,2,2,3,2,3,2,2,2,2,2,2,2,3,3,2,3,3,3,2,-0.0174822981347222
4,3,2,2,2,4,2,2,2,2,2,2,2,2,2,2,3,2,2,2,3,2,-0.0515158502127225
4,3,2,2,2,3,2,2,2,2,2,2,2,2,2,2,3,2,3,3,3,2,0.00280722999227004
4,3,2,2,2,3,2,2,2,2,3,2,2,2,2,2,3,2,3,3,3,2,0.00938991413824185
4,3,2,2,2,3,2,3,3,2,2,2,2,2,2,3,3,2,3,3,3,2,-0.0533045308431014
4,3,2,2,2,3,2,3,3,2,3,2,2,2,2,3,3,2,3,3,3,2,-0.0617605851151634
4,3,2,2,2,3,2,3,2,2,2,2,2,2,2,2,3,2,3,3,3,2,-0.00113213408234855
4,3,2,2,2,2,2,2,2,2,2,2,2,2,3,2,3,2,3,3,3,2,0.00484675623669975
3,3,3,2,2,4,2,2,2,2,2,2,2,2,2,2,3,2,2,2,3,2,-0.0512223760480132
3,3,2,2,2,3,2,2,2,2,2,2,2,2,2,3,3,2,3,3,3,2,-0.0203915225545026
4,3,2,2,2,2,2,2,2,2,2,2,2,2,2,2,3,2,3,3,3,2,0.0102819987481476
4,3,3,2,2,3,2,2,2,2,2,2,2,2,2,2,3,2,2,2,3,2,-0.0496340738388031
4,3,2,2,2,3,2,2,2,2,2,2,2,2,3,2,3,2,3,3,3,2,0.0205138598035603
4,3,2,2,2,3,2,2,3,2,2,2,2,2,2,3,3,1,3,3,3,2,-0.0780595438083363
4,3,2,2,2,3,2,3,2,2,3,2,4,2,3,3,3,2,3,3,3,2,0.0375968484002317
4,3,2,2,2,3,2,2,3,2,3,2,2,2,2,3,3,3,3,3,3,2,-0.0471562488553481
4,3,2,2,2,3,2,2,2,2,3,2,2,2,3,2,3,2,3,3,3,2,0.0185374584189688
4,3,2,2,2,2,3,4,2,2,3,3,3,2,3,3,3,3,3,3,3,2,0.046168614811137
4,3,3,2,2,4,2,2,2,2,2,2,2,2,2,3,3,2,2,2,3,2,-0.0300134972556028
4,3,2,2,2,3,2,2,2,2,2,2,2,2,2,3,3,1,3,3,3,2,-0.0093978484181096
4,3,2,2,2,3,2,2,2,2,3,2,2,2,2,3,3,1,3,3,3,2,0.00158699463118412
5,3,3,2,2,4,2,2,2,2,2,2,2,2,2,2,3,2,2,2,3,2,0.00237258862104901
4,2,3,2,2,4,2,2,2,2,2,2,2,2,2,2,3,2,2,2,3,2,-0.0170148179138538
4,4,3,2,2,4,2,2,2,2,2,2,2,2,2,2,3,2,2,2,3,2,-0.0128058605959326
4,3,4,2,2,4,2,2,2,2,2,2,2,2,2,2,3,2,2,2,3,2,-0.0157045308366128
4,3,3,1,2,4,2,2,2,2,2,2,2,2,2,2,3,2,2,2,3,2,0.00622048958685439
4,3,3,3,2,4,2,2,2,2,2,2,2,2,2,2,3,2,2,2,3,2,-0.0142351987521744
4,3,3,2,1,4,2,2,2,2,2,2,2,2,2,2,3,2,2,2,3,2,0.0117282505820287
4,3,3,2,3,4,2,2,2,2,2,2,2,2,2,2,3,2,2,2,3,2,0.0282599706983007
4,3,3,2,2,5,2,2,2,2,2,2,2,2,2,2,3,2,2,2,3,2,-0.0100011501987434
4,3,3,2,2,4,1,2,2,2,2,2,2,2,2,2,3,2,2,2,3,2,0.00383636074221285
4,3,3,2,2,4,3,2,2,2,2,2,2,2,2,2,3,2,2,2,3,2,0.0224235586989449
4,3,3,2,2,4,2,1,2,2,2,2,2,2,2,2,3,2,2,2,3,2,0.0480976350609467
4,3,3,2,2,4,2,3,2,2,2,2,2,2,2,2,3,2,2,2,3,2,0.0231983068090438
4,3,3,2,2,4,2,2,1,2,2,2,2,2,2,2,3,2,2,2,3,2,0.00803257836044613
4,3,3,2,2,4,2,2,3,2,2,2,2,2,2,2,3,2,2,2,3,2,-0.019456176286284
4,3,3,2,2,4,2,2,2,1,2,2,2,2,2,2,3,2,2,2,3,2,-0.0148733547931036
4,3,3,2,2,4,2,2,2,3,2,2,2,2,2,2,3,2,2,2,3,2,-0.0151468832608519
4,3,3,2,2,4,2,2,2,2,1,2,2,2,2,2,3,2,2,2,3,2,-0.0154930540708395
4,3,3,2,2,4,2,2,2,2,3,2,2,2,2,2,3,2,2,2,3,2,-0.013361818259796
4,3,3,2,2,4,2,2,2,2,2,1,2,2,2,2,3,2,2,2,3,2,0.0111457365090293
4,3,3,2,2,4,2,2,2,2,2,3,2,2,2,2,3,2,2,2,3,2,0.0285644380371985
4,3,3,2,2,4,2,2,2,2,2,2,1,2,2,2,3,2,2,2,3,2,0.022379483804155
4,3,3,2,2,4,2,2,2,2,2,2,2,1,2,2,3,2,2,2,3,2,0.0402059530821812
4,3,3,2,2,4,2,2,2,2,2,2,2,3,2,2,3,2,2,2,3,2,0.00293368976067809
4,3,3,2,2,4,2,2,2,2,2,2,2,2,1,2,3,2,2,2,3,2,0.00509578960741179
4,3,3,2,2,4,2,2,2,2,2,2,2,2,3,2,3,2,2,2,3,2,-0.016533621537061
4,3,3,2,2,4,2,2,2,2,2,2,2,2,2,1,3,2,2,2,3,2,-0.0145530493233556
4,3,3,2,2,4,2,2,2,2,2,2,2,2,2,2,2,2,2,2,3,2,0.035423891906609
4,3,3,2,2,4,2,2,2,2,2,2,2,2,2,2,4,2,2,2,3,2,-0.0139441127871792
4,3,3,2,2,4,2,2,2,2,2,2,2,2,2,2,3,1,2,2,3,2,-0.00303758241592413
4,3,3,2,2,4,2,2,2,2,2,2,2,2,2,2,3,3,2,2,3,2,0.0286415802530657
4,3,3,2,2,4,2,2,2,2,2,2,2,2,2,2,3,2,1,2,3,2,-0.0232721477659601
4,3,3,2,2,4,2,2,2,2,2,2,2,2,2,2,3,2,3,2,3,2,-0.00616600787676044
4,3,3,2,2,4,2,2,2,2,2,2,2,2,2,2,3,2,2,1,3,2,-0.0130821120147932
4,3,3,2,2,4,2,2,2,2,2,2,2,2,2,2,3,2,2,3,3,2,0.0176535028402544
4,3,3,2,2,4,2,2,2,2,2,2,2,2,2,2,3,2,2,2,2,2,0.0230535642842894
4,3,3,2,2,4,2,2,2,2,2,2,2,2,2,2,3,2,2,2,4,2,0.018892698125788
4,3,3,2,2,4,2,2,2,2,2,2,2,2,2,2,3,2,2,2,3,1,-0.0127073235875957
4,3,3,2,2,4,2,2,2,2,2,2,2,2,2,2,3,2,2,2,3,3,0.0265453454281172
3,3,2,2,2,3,2,2,3,2,3,2,2,2,2,3,3,2,3,3,3,2,0.0177219520678123
5,3,2,2,2,3,2,2,3,2,3,2,2,2,2,3,3,2,3,3,3,2,0.0388149931615208
4,2,2,2,2,3,2,2,3,2,3,2,2,2,2,3,3,2,3,3,3,2,-0.0050248801784093
4,4,2,2,2,3,2,2,3,2,3,2,2,2,2,3,3,2,3,3,3,2,0.0166818586867702
4,3,1,2,2,3,2,2,3,2,3,2,2,2,2,3,3,2,3,3,3,2,-0.00878617216342029
4,3,3,2,2,3,2,2,3,2,3,2,2,2,2,3,3,2,3,3,3,2,0.016677001154505
4,3,2,1,2,3,2,2,3,2,3,2,2,2,2,3,3,2,3,3,3,2,-0.0195273046556564
4,3,2,3,2,3,2,2,3,2,3,2,2,2,2,3,3,2,3,3,3,2,0.0245528409550455
4,3,2,2,1,3,2,2,3,2,3,2,2,2,2,3,3,2,3,3,3,2,0.0150999624540764
4,3,2,2,3,3,2,2,3,2,3,2,2,2,2,3,3,2,3,3,3,2,0.0178649373248912
4,3,2,2,2,2,2,2,3,2,3,2,2,2,2,3,3,2,3,3,3,2,0.00710315378351331
4,3,2,2,2,4,2,2,3,2,3,2,2,2,2,3,3,2,3,3,3,2,0.0209042039986772
4,3,2,2,2,3,1,2,3,2,3,2,2,2,2,3,3,2,3,3,3,2,-0.0127269399533076
4,3,2,2,2,3,3,2,3,2,3,2,2,2,2,3,3,2,3,3,3,2,0.0329489564436896
4,3,2,2,2,3,2,1,3,2,3,2,2,2,2,3,3,2,3,3,3,2,0.035700215375028
4,3,2,2,2,3,2,2,4,2,3,2,2,2,2,3,3,2,3,3,3,2,-0.0404549290840633
4,3,2,2,2,3,2,2,3,1,3,2,2,2,2,3,3,2,3,3,3,2,0.0206458306189701
4,3,2,2,2,3,2,2,3,3,3,2,2,2,2,3,3,2,3,3,3,2,-0.00958041904796533
4,3,2,2,2,3,2,2,3,2,4,2,2,2,2,3,3,2,3,3,3,2,-0.0101884225905949
4,3,2,2,2,3,2,2,3,2,3,1,2,2,2,3,3,2,3,3,3,2,0.0235785950216121
4,3,2,2,2,3,2,2,3,2,3,3,2,2,2,3,3,2,3,3,3,2,-0.00882278279892328
4,3,2,2,2,3,2,2,3,2,3,2,1,2,2,3,3,2,3,3,3,2,-0.00989755495659472
4,3,2,2,2,3,2,2,3,2,3,2,3,2,2,3,3,2,3,3,3,2,-0.00878456875956924
4,3,2,2,2,3,2,2,3,2,3,2,2,1,2,3,3,2,3,3,3,2,-0.0110884538630239
4,3,2,2,2,3,2,2,3,2,3,2,2,3,2,3,3,2,3,3,3,2,-0.0194344826735569
4,3,2,2,2,3,2,2,3,2,3,2,2,2,1,3,3,2,3,3,3,2,0.00418201397312907
4,3,2,2,2,3,2,2,3,2,3,2,2,2,3,3,3,2,3,3,3,2,0.0286412552440269
4,3,2,2,2,3,2,2,3,2,3,2,2,2,2,2,3,2,3,3,3,2,-0.00776036991530542
4,3,2,2,2,3,2,2,3,2,3,2,2,2,2,4,3,2,3,3,3,2,-0.0181904829256291
4,3,2,2,2,3,2,2,3,2,3,2,2,2,2,3,2,2,3,3,3,2,0.0143681730206877
4,3,2,2,2,3,2,2,3,2,3,2,2,2,2,3,4,2,3,3,3,2,-0.0130457433112948
4,3,2,2,2,3,2,2,3,2,3,2,2,2,2,3,3,2,2,3,3,2,0.0179113621237019
4,3,2,2,2,3,2,2,3,2,3,2,2,2,2,3,3,2,4,3,3,2,-0.00838642898036706
4,3,2,2,2,3,2,2,3,2,3,2,2,2,2,3,3,2,3,2,3,2,-0.0110773001146141
4,3,2,2,2,3,2,2,3,2,3,2,2,2,2,3,3,2,3,4,3,2,0.0245643572038198
4,3,2,2,2,3,2,2,3,2,3,2,2,2,2,3,3,2,3,3,2,2,-0.0116108349594019
4,3,2,2,2,3,2,2,3,2,3,2,2,2,2,3,3,2,3,3,4,2,0.00334547876812948
4,3,2,2,2,3,2,2,3,2,3,2,2,2,2,3,3,2,3,3,3,1,-0.0135928673192636
4,3,2,2,2,3,2,2,3,2,3,2,2,2,2,3,3,2,3,3,3,3,-0.011202875347451
3,3,2,2,2,3,2,2,3,2,2,2,2,2,2,3,3,2,3,3,3,2,-0.0041523303897478
5,3,2,2,2,3,2,2,3,2,2,2,2,2,2,3,3,2,3,3,3,2,-0.0115914743161499
4,2,2,2,2,3,2,2,3,2,2,2,2,2,2,3,3,2,3,3,3,2,-0.021802038068038
4,4,2,2,2,3,2,2,3,2,2,2,2,2,2,3,3,2,3,3,3,2,-0.0075927736014997
4,3,1,2,2,3,2,2,3,2,2,2,2,2,2,3,3,2,3,3,3,2,-0.00592020596440397
4,3,3,2,2,3,2,2,3,2,2,2,2,2,2,3,3,2,3,3,3,2,0.00855201332211016
4,3,2,1,2,3,2,2,3,2,2,2,2,2,2,3,3,2,3,3,3,2,0.00123424082282388
4,3,2,3,2,3,2,2,3,2,2,2,2,2,2,3,3,2,3,3,3,2,0.0141150646625077
4,3,2,2,1,3,2,2,3,2,2,2,2,2,2,3,3,2,3,3,3,2,-0.00467375518139835
4,3,2,2,3,3,2,2,3,2,2,2,2,2,2,3,3,2,3,3,3,2,0.0210499857978718
4,3,2,2,2,2,2,2,3,2,2,2,2,2,2,3,3,2,3,3,3,2,0.0312578831300453
4,3,2,2,2,4,2,2,3,2,2,2,2,2,2,3,3,2,3,3,3,2,-0.0100446436696944
4,3,2,2,2,3,1,2,3,2,2,2,2,2,2,3,3,2,3,3,3,2,0.0155935446097166
4,3,2,2,2,3,3,2,3,2,2,2,2,2,2,3,3,2,3,3,3,2,0.0188687329422432
4,3,2,2,2,3,2,1,3,2,2,2,2,2,2,3,3,2,3,3,3,2,0.0155263488389018
4,3,2,2,2,3,2,2,4,2,2,2,2,2,2,3,3,2,3,3,3,2,-0.010806711789291
4,3,2,2,2,3,2,2,3,1,2,2,2,2,2,3,3,2,3,3,3,2,-0.00632870452333494
4,3,2,2,2,3,2,2,3,3,2,2,2,2,2,3,3,2,3,3,3,2,-0.0024763679032951
4,3,2,2,2,3,2,2,3,2,1,2,2,2,2,3,3,2,3,3,3,2,-0.000700886566542137
4,3,2,2,2,3,2,2,3,2,2,1,2,2,2,3,3,2,3,3,3,2,-0.00435059484866965
4,3,2,2,2,3,2,2,3,2,2,3,2,2,2,3,3,2,3,3,3,2,0.0256862664024793
4,3,2,2,2,3,2,2,3,2,2,2,1,2,2,3,3,2,3,3,3,2,-0.0026138532082767
4,3,2,2,2,3,2,2,3,2,2,2,3,2,2,3,3,2,3,3,3,2,-0.0112696238113921
4,3,2,2,2,3,2,2,3,2,2,2,2,1,2,3,3,2,3,3,3,2,-0.00179337158929128
4,3,2,2,2,3,2,2,3,2,2,2,2,3,2,3,3,2,3,3,3,2,-0.00616740564087146
4,3,2,2,2,3,2,2,3,2,2,2,2,2,1,3,3,2,3,3,3,2,0.0353918080082841
4,3,2,2,2,3,2,2,3,2,2,2,2,2,3,3,3,2,3,3,3,2,0.0500603099693754
4,3,2,2,2,3,2,2,3,2,2,2,2,2,2,2,3,2,3,3,3,2,-0.00435780708505042
4,3,2,2,2,3,2,2,3,2,2,2,2,2,2,4,3,2,3,3,3,2,-0.0144994955131786
4,3,2,2,2,3,2,2,3,2,2,2,2,2,2,3,2,2,3,3,3,2,-0.0111440582082026
4,3,2,2,2,3,2,2,3,2,2,2,2,2,2,3,4,2,3,3,3,2,-0.0115134322474778
4,3,2,2,2,3,2,2,3,2,2,2,2,2,2,3,3,3,3,3,3,2,0.0466312103352906
4,3,2,2,2,3,2,2,3,2,2,2,2,2,2,3,3,2,2,3,3,2,-0.014194495860945
4,3,2,2,2,3,2,2,3,2,2,2,2,2,2,3,3,2,4,3,3,2,-0.00558709966397035
4,3,2,2,2,3,2,2,3,2,2,2,2,2,2,3,3,2,3,2,3,2,-0.0101316062516215
4,3,2,2,2,3,2,2,3,2,2,2,2,2,2,3,3,2,3,4,3,2,0.0316588124236565
4,3,2,2,2,3,2,2,3,2,2,2,2,2,2,3,3,2,3,3,2,2,0.0184948940467558
4,3,2,2,2,3,2,2,3,2,2,2,2,2,2,3,3,2,3,3,4,2,0.020361639981716
4,3,2,2,2,3,2,2,3,2,2,2,2,2,2,3,3,2,3,3,3,1,-0.00208992549953546
4,3,2,2,2,3,2,2,3,2,2,2,2,2,2,3,3,2,3,3,3,3,-0.0018667999416977
5,3,2,2,2,3,2,2,2,2,2,2,2,2,2,3,3,2,3,3,3,2,-0.0115336635137813
4,2,2,2,2,3,2,2,2,2,2,2,2,2,2,3,3,2,3,3,3,2,0.00839868862740008
4,4,2,2,2,3,2,2,2,2,2,2,2,2,2,3,3,2,3,3,3,2,-0.00511217657910408
4,3,1,2,2,3,2,2,2,2,2,2,2,2,2,3,3,2,3,3,3,2,-0.00967407388095533
4,3,3,2,2,3,2,2,2,2,2,2,2,2,2,3,3,2,3,3,3,2,0.001206937866268
4,3,2,1,2,3,2,2,2,2,2,2,2,2,2,3,3,2,3,3,3,2,-0.0155747541421113
4,3,2,3,2,3,2,2,2,2,2,2,2,2,2,3,3,2,3,3,3,2,-0.00511295908909902
4,3,2,2,1,3,2,2,2,2,2,2,2,2,2,3,3,2,3,3,3,2,-0.010285241451659
4,3,2,2,3,3,2,2,2,2,2,2,2,2,2,3,3,2,3,3,3,2,-0.0301409943410354
4,3,2,2,2,2,2,2,2,2,2,2,2,2,2,3,3,2,3,3,3,2,0.0346036421119181
4,3,2,2,2,4,2,2,2,2,2,2,2,2,2,3,3,2,3,3,3,2,0.00567491885618813
4,3,2,2,2,3,1,2,2,2,2,2,2,2,2,3,3,2,3,3,3,2,0.045834910430086
4,3,2,2,2,3,3,2,2,2,2,2,2,2,2,3,3,2,3,3,3,2,-0.0270712628334167
4,3,2,2,2,3,2,1,2,2,2,2,2,2,2,3,3,2,3,3,3,2,-0.0205883383103095
4,3,2,2,2,3,2,2,1,2,2,2,2,2,2,3,3,2,3,3,3,2,0.000841327091009852
4,3,2,2,2,3,2,2,2,1,2,2,2,2,2,3,3,2,3,3,3,2,-0.00720336166352419
4,3,2,2,2,3,2,2,2,3,2,2,2,2,2,3,3,2,3,3,3,2,-0.0104455838847597
4,3,2,2,2,3,2,2,2,2,1,2,2,2,2,3,3,2,3,3,3,2,0.0224441217500457
4,3,2,2,2,3,2,2,2,2,2,1,2,2,2,3,3,2,3,3,3,2,-0.00682164946507054
4,3,2,2,2,3,2,2,2,2,2,3,2,2,2,3,3,2,3,3,3,2,0.017712621872374
4,3,2,2,2,3,2,2,2,2,2,2,1,2,2,3,3,2,3,3,3,2,-0.00891599046505034
4,3,2,2,2,3,2,2,2,2,2,2,3,2,2,3,3,2,3,3,3,2,0.0240744874927057
4,3,2,2,2,3,2,2,2,2,2,2,2,1,2,3,3,2,3,3,3,2,-0.00618625093488975
4,3,2,2,2,3,2,2,2,2,2,2,2,3,2,3,3,2,3,3,3,2,-0.0238714831603679
4,3,2,2,2,3,2,2,2,2,2,2,2,2,1,3,3,2,3,3,3,2,0.00876946813416675
4,3,2,2,2,3,2,2,2,2,2,2,2,2,3,3,3,2,3,3,3,2,-0.0267976085813233
4,3,2,2,2,3,2,2,2,2,2,2,2,2,2,4,3,2,3,3,3,2,-0.0217714800891898
4,3,2,2,2,3,2,2,2,2,2,2,2,2,2,3,2,2,3,3,3,2,-0.0116837931654437
4,3,2,2,2,3,2,2,2,2,2,2,2,2,2,3,4,2,3,3,3,2,-0.0119971946573634
4,3,2,2,2,3,2,2,2,2,2,2,2,2,2,3,3,3,3,3,3,2,0.0296730660175561
4,3,2,2,2,3,2,2,2,2,2,2,2,2,2,3,3,2,2,3,3,2,0.0123674180051706
4,3,2,2,2,3,2,2,2,2,2,2,2,2,2,3,3,2,4,3,3,2,-0.00258283091206158
4,3,2,2,2,3,2,2,2,2,2,2,2,2,2,3,3,2,3,2,3,2,0.0294648043853421
4,3,2,2,2,3,2,2,2,2,2,2,2,2,2,3,3,2,3,4,3,2,0.0121717867534549
4,3,2,2,2,3,2,2,2,2,2,2,2,2,2,3,3,2,3,3,2,2,0.0254873050880195
4,3,2,2,2,3,2,2,2,2,2,2,2,2,2,3,3,2,3,3,4,2,-0.0089971123657208
4,3,2,2,2,3,2,2,2,2,2,2,2,2,2,3,3,2,3,3,3,1,-0.00852717350704936
4,3,2,2,2,3,2,2,2,2,2,2,2,2,2,3,3,2,3,3,3,3,-0.00681641237302024
1,2,2,2,2,2,2,2,2,2,2,2,2,2,2,2,2,2,2,2,2,2,-0.00144861371580087
3,2,2,2,2,2,2,2,2,2,2,2,2,2,2,2,2,2,2,2,2,2,-0.0138528715829226
2,1,2,2,2,2,2,2,2,2,2,2,2,2,2,2,2,2,2,2,2,2,-0.00164992896672436
2,3,2,2,2,2,2,2,2,2,2,2,2,2,2,2,2,2,2,2,2,2,-0.0107971708628103
2,2,1,2,2,2,2,2,2,2,2,2,2,2,2,2,2,2,2,2,2,2,-0.00210405930923576
2,2,3,2,2,2,2,2,2,2,2,2,2,2,2,2,2,2,2,2,2,2,-0.0098558348507788
2,2,2,1,2,2,2,2,2,2,2,2,2,2,2,2,2,2,2,2,2,2,-0.00494124352857478
2,2,2,3,2,2,2,2,2,2,2,2,2,2,2,2,2,2,2,2,2,2,-0.00493339866260761
2,2,2,2,1,2,2,2,2,2,2,2,2,2,2,2,2,2,2,2,2,2,-0.00446152457534642
2,2,2,2,3,2,2,2,2,2,2,2,2,2,2,2,2,2,2,2,2,2,-0.00523345462379673
2,2,2,2,2,1,2,2,2,2,2,2,2,2,2,2,2,2,2,2,2,2,0.000733168411062101
2,2,2,2,2,3,2,2,2,2,2,2,2,2,2,2,2,2,2,2,2,2,-0.0206437349866528
2,2,2,2,2,2,1,2,2,2,2,2,2,2,2,2,2,2,2,2,2,2,-0.00459450886456973
2,2,2,2,2,2,3,2,2,2,2,2,2,2,2,2,2,2,2,2,2,2,-0.00546223905493857
2,2,2,2,2,2,2,1,2,2,2,2,2,2,2,2,2,2,2,2,2,2,-0.00574035566840902
2,2,2,2,2,2,2,3,2,2,2,2,2,2,2,2,2,2,2,2,2,2,-0.00541441423022845
2,2,2,2,2,2,2,2,1,2,2,2,2,2,2,2,2,2,2,2,2,2,-0.00246457537615983
2,2,2,2,2,2,2,2,3,2,2,2,2,2,2,2,2,2,2,2,2,2,-0.00999677611629675
2,2,2,2,2,2,2,2,2,1,2,2,2,2,2,2,2,2,2,2,2,2,-0.00464186197933061
2,2,2,2,2,2,2,2,2,3,2,2,2,2,2,2,2,2,2,2,2,2,-0.00455645832207313
2,2,2,2,2,2,2,2,2,2,1,2,2,2,2,2,2,2,2,2,2,2,-0.00437844063153161
2,2,2,2,2,2,2,2,2,2,3,2,2,2,2,2,2,2,2,2,2,2,-0.00536638003192158
2,2,2,2,2,2,2,2,2,2,2,1,2,2,2,2,2,2,2,2,2,2,-0.00472254234171177
2,2,2,2,2,2,2,2,2,2,2,3,2,2,2,2,2,2,2,2,2,2,-0.00511050045046322
2,2,2,2,2,2,2,2,2,2,2,2,1,2,2,2,2,2,2,2,2,2,-0.00498342418616959
2,2,2,2,2,2,2,2,2,2,2,2,3,2,2,2,2,2,2,2,2,2,-0.0043336091665671
2,2,2,2,2,2,2,2,2,2,2,2,2,1,2,2,2,2,2,2,2,2,-0.00410251431351675
2,2,2,2,2,2,2,2,2,2,2,2,2,3,2,2,2,2,2,2,2,2,-0.00584396246461028
2,2,2,2,2,2,2,2,2,2,2,2,2,2,1,2,2,2,2,2,2,2,-0.00504337942959489
2,2,2,2,2,2,2,2,2,2,2,2,2,2,3,2,2,2,2,2,2,2,-0.00442412823832628
2,2,2,2,2,2,2,2,2,2,2,2,2,2,2,1,2,2,2,2,2,2,-0.00252261617187001
2,2,2,2,2,2,2,2,2,2,2,2,2,2,2,3,2,2,2,2,2,2,-0.00919050268554504
2,2,2,2,2,2,2,2,2,2,2,2,2,2,2,2,1,2,2,2,2,2,-0.000374515153317136
2,2,2,2,2,2,2,2,2,2,2,2,2,2,2,2,3,2,2,2,2,2,-0.0130871395198624
2,2,2,2,2,2,2,2,2,2,2,2,2,2,2,2,2,1,2,2,2,2,-0.00687686429398052
2,2,2,2,2,2,2,2,2,2,2,2,2,2,2,2,2,3,2,2,2,2,-0.00426022762005836
2,2,2,2,2,2,2,2,2,2,2,2,2,2,2,2,2,2,1,2,2,2,-0.00546581007591331
2,2,2,2,2,2,2,2,2,2,2,2,2,2,2,2,2,2,3,2,2,2,-0.0046078469470133
2,2,2,2,2,2,2,2,2,2,2,2,2,2,2,2,2,2,2,1,2,2,-0.00430327652511362
2,2,2,2,2,2,2,2,2,2,2,2,2,2,2,2,2,2,2,3,2,2,-0.00666056851578428
2,2,2,2,2,2,2,2,2,2,2,2,2,2,2,2,2,2,2,2,1,2,-0.00111497819170359
2,2,2,2,2,2,2,2,2,2,2,2,2,2,2,2,2,2,2,2,3,2,-0.012016515611512
2,2,2,2,2,2,2,2,2,2,2,2,2,2,2,2,2,2,2,2,2,1,-0.00465508413245139
2,2,2,2,2,2,2,2,2,2,2,2,2,2,2,2,2,2,2,2,2,3,-0.00450762690104512
3,3,2,2,2,3,2,2,2,2,3,2,2,2,2,3,3,2,3,3,3,2,0.0303281343540045
5,3,2,2,2,3,2,2,2,2,3,2,2,2,2,3,3,2,3,3,3,2,-0.0163059899629295
4,2,2,2,2,3,2,2,2,2,3,2,2,2,2,3,3,2,3,3,3,2,0.0296719890664822
4,4,2,2,2,3,2,2,2,2,3,2,2,2,2,3,3,2,3,3,3,2,-0.0131897718075905
4,3,1,2,2,3,2,2,2,2,3,2,2,2,2,3,3,2,3,3,3,2,-0.00871258417549178
4,3,3,2,2,3,2,2,2,2,3,2,2,2,2,3,3,2,3,3,3,2,0.0128019470382684
4,3,2,1,2,3,2,2,2,2,3,2,2,2,2,3,3,2,3,3,3,2,-0.0139970971380504
4,3,2,3,2,3,2,2,2,2,3,2,2,2,2,3,3,2,3,3,3,2,0.0300297895961473
4,3,2,2,1,3,2,2,2,2,3,2,2,2,2,3,3,2,3,3,3,2,0.00673616185310343
4,3,2,2,3,3,2,2,2,2,3,2,2,2,2,3,3,2,3,3,3,2,0.00626588000632052
4,3,2,2,2,2,2,2,2,2,3,2,2,2,2,3,3,2,3,3,3,2,0.022902744986031
4,3,2,2,2,4,2,2,2,2,3,2,2,2,2,3,3,2,3,3,3,2,0.0337277128948453
4,3,2,2,2,3,1,2,2,2,3,2,2,2,2,3,3,2,3,3,3,2,-0.023450295288739
4,3,2,2,2,3,3,2,2,2,3,2,2,2,2,3,3,2,3,3,3,2,0.0292353687768803
4,3,2,2,2,3,2,1,2,2,3,2,2,2,2,3,3,2,3,3,3,2,0.0330651218423437
4,3,2,2,2,3,2,2,1,2,3,2,2,2,2,3,3,2,3,3,3,2,0.067873291562209
4,3,2,2,2,3,2,2,2,1,3,2,2,2,2,3,3,2,3,3,3,2,-0.0179604957978084
4,3,2,2,2,3,2,2,2,3,3,2,2,2,2,3,3,2,3,3,3,2,-0.0137709307023263
4,3,2,2,2,3,2,2,2,2,4,2,2,2,2,3,3,2,3,3,3,2,-0.016017846673473
4,3,2,2,2,3,2,2,2,2,3,1,2,2,2,3,3,2,3,3,3,2,-0.00220877600605793
4,3,2,2,2,3,2,2,2,2,3,3,2,2,2,3,3,2,3,3,3,2,0.0503740919535908
4,3,2,2,2,3,2,2,2,2,3,2,1,2,2,3,3,2,3,3,3,2,-0.00976496571277969
4,3,2,2,2,3,2,2,2,2,3,2,3,2,2,3,3,2,3,3,3,2,0.0444627465002824
4,3,2,2,2,3,2,2,2,2,3,2,2,1,2,3,3,2,3,3,3,2,-0.0124628639286477
4,3,2,2,2,3,2,2,2,2,3,2,2,3,2,3,3,2,3,3,3,2,0.028584023871927
4,3,2,2,2,3,2,2,2,2,3,2,2,2,1,3,3,2,3,3,3,2,0.0353165253345728
4,3,2,2,2,3,2,2,2,2,3,2,2,2,3,3,3,2,3,3,3,2,0.00170042930044605
4,3,2,2,2,3,2,2,2,2,3,2,2,2,2,4,3,2,3,3,3,2,-0.02784571704534
4,3,2,2,2,3,2,2,2,2,3,2,2,2,2,3,2,2,3,3,3,2,-0.0196336194911026
4,3,2,2,2,3,2,2,2,2,3,2,2,2,2,3,4,2,3,3,3,2,-0.0136105638590943
4,3,2,2,2,3,2,2,2,2,3,2,2,2,2,3,3,3,3,3,3,2,0.0151879511099333
4,3,2,2,2,3,2,2,2,2,3,2,2,2,2,3,3,2,2,3,3,2,0.00674881160201053
4,3,2,2,2,3,2,2,2,2,3,2,2,2,2,3,3,2,4,3,3,2,-0.00477057017626547
4,3,2,2,2,3,2,2,2,2,3,2,2,2,2,3,3,2,3,2,3,2,-0.0223727844166967
4,3,2,2,2,3,2,2,2,2,3,2,2,2,2,3,3,2,3,4,3,2,-0.0186320445878285
4,3,2,2,2,3,2,2,2,2,3,2,2,2,2,3,3,2,3,3,2,2,-0.00440133639395807
4,3,2,2,2,3,2,2,2,2,3,2,2,2,2,3,3,2,3,3,4,2,-0.0159426335089625
4,3,2,2,2,3,2,2,2,2,3,2,2,2,2,3,3,2,3,3,3,1,2.7309340379831e-05
4,3,2,2,2,3,2,2,2,2,3,2,2,2,2,3,3,2,3,3,3,3,-0.0141614848968727
3,3,2,2,2,3,2,3,2,2,3,2,2,2,2,3,3,2,3,3,3,2,0.00380251578826415
5,3,2,2,2,3,2,3,2,2,3,2,2,2,2,3,3,2,3,3,3,2,-0.0122778509032644
4,2,2,2,2,3,2,3,2,2,3,2,2,2,2,3,3,2,3,3,3,2,-0.0227193799669295
4,4,2,2,2,3,2,3,2,2,3,2,2,2,2,3,3,2,3,3,3,2,-0.00672652331828167
4,3,1,2,2,3,2,3,2,2,3,2,2,2,2,3,3,2,3,3,3,2,-0.0022876901786735
4,3,3,2,2,3,2,3,2,2,3,2,2,2,2,3,3,2,3,3,3,2,0.04421377112497
4,3,2,1,2,3,2,3,2,2,3,2,2,2,2,3,3,2,3,3,3,2,-0.010495109476461
4,3,2,3,2,3,2,3,2,2,3,2,2,2,2,3,3,2,3,3,3,2,-0.024892601596405
4,3,2,2,1,3,2,3,2,2,3,2,2,2,2,3,3,2,3,3,3,2,0.0360484800475106
4,3,2,2,3,3,2,3,2,2,3,2,2,2,2,3,3,2,3,3,3,2,0.00129827475438976
4,3,2,2,2,2,2,3,2,2,3,2,2,2,2,3,3,2,3,3,3,2,0.0183369004638361
4,3,2,2,2,4,2,3,2,2,3,2,2,2,2,3,3,2,3,3,3,2,-0.0196508913374563
4,3,2,2,2,3,1,3,2,2,3,2,2,2,2,3,3,2,3,3,3,2,-0.00853644507213263
4,3,2,2,2,3,3,3,2,2,3,2,2,2,2,3,3,2,3,3,3,2,0.0471537798349641
4,3,2,2,2,3,2,4,2,2,3,2,2,2,2,3,3,2,3,3,3,2,-0.00474712632584618
4,3,2,2,2,3,2,3,1,2,3,2,2,2,2,3,3,2,3,3,3,2,0.00610794991712386
4,3,2,2,2,3,2,3,2,1,3,2,2,2,2,3,3,2,3,3,3,2,-0.00989308314853612
4,3,2,2,2,3,2,3,2,3,3,2,2,2,2,3,3,2,3,3,3,2,-0.00928689974119244
4,3,2,2,2,3,2,3,2,2,4,2,2,2,2,3,3,2,3,3,3,2,-0.015726955744745
4,3,2,2,2,3,2,3,2,2,3,1,2,2,2,3,3,2,3,3,3,2,-0.0237584231622777
4,3,2,2,2,3,2,3,2,2,3,3,2,2,2,3,3,2,3,3,3,2,-0.0270294227133381
4,3,2,2,2,3,2,3,2,2,3,2,1,2,2,3,3,2,3,3,3,2,-0.0124562610206588
4,3,2,2,2,3,2,3,2,2,3,2,3,2,2,3,3,2,3,3,3,2,0.00506578279065815
4,3,2,2,2,3,2,3,2,2,3,2,2,1,2,3,3,2,3,3,3,2,0.00668565908767006
4,3,2,2,2,3,2,3,2,2,3,2,2,3,2,3,3,2,3,3,3,2,-0.0163854021951803
4,3,2,2,2,3,2,3,2,2,3,2,2,2,1,3,3,2,3,3,3,2,-0.0233916793922748
4,3,2,2,2,3,2,3,2,2,3,2,2,2,3,3,3,2,3,3,3,2,0.0121572361930719
4,3,2,2,2,3,2,3,2,2,3,2,2,2,2,2,3,2,3,3,3,2,0.0556900846759328
4,3,2,2,2,3,2,3,2,2,3,2,2,2,2,4,3,2,3,3,3,2,-0.0135743157664221
4,3,2,2,2,3,2,3,2,2,3,2,2,2,2,3,2,2,3,3,3,2,2.93532367098858e-06
4,3,2,2,2,3,2,3,2,2,3,2,2,2,2,3,4,2,3,3,3,2,-0.00916892503967483
4,3,2,2,2,3,2,3,2,2,3,2,2,2,2,3,3,1,3,3,3,2,0.0487188699110529
4,3,2,2,2,3,2,3,2,2,3,2,2,2,2,3,3,3,3,3,3,2,0.0557869318791884
4,3,2,2,2,3,2,3,2,2,3,2,2,2,2,3,3,2,2,3,3,2,0.00436690581643751
4,3,2,2,2,3,2,3,2,2,3,2,2,2,2,3,3,2,4,3,3,2,-0.00498045117930381
4,3,2,2,2,3,2,3,2,2,3,2,2,2,2,3,3,2,3,2,3,2,-0.0101391070052003
4,3,2,2,2,3,2,3,2,2,3,2,2,2,2,3,3,2,3,4,3,2,0.0259099565852167
4,3,2,2,2,3,2,3,2,2,3,2,2,2,2,3,3,2,3,3,2,2,0.0206300621800885
4,3,2,2,2,3,2,3,2,2,3,2,2,2,2,3,3,2,3,3,4,2,-0.0118378403691663
4,3,2,2,2,3,2,3,2,2,3,2,2,2,2,3,3,2,3,3,3,1,-0.0109963728955661
4,3,2,2,2,3,2,3,2,2,3,2,2,2,2,3,3,2,3,3,3,3,0.00675851018820777
3,3,3,2,2,4,2,2,2,2,2,2,3,2,2,2,3,2,2,2,3,2,0.0399746187827576
5,3,3,2,2,4,2,2,2,2,2,2,3,2,2,2,3,2,2,2,3,2,-0.00521002839711576
4,2,3,2,2,4,2,2,2,2,2,2,3,2,2,2,3,2,2,2,3,2,-0.0262809785775908
4,4,3,2,2,4,2,2,2,2,2,2,3,2,2,2,3,2,2,2,3,2,-0.00467513569966202
4,3,2,2,2,4,2,2,2,2,2,2,3,2,2,2,3,2,2,2,3,2,0.0368125525023464
4,3,4,2,2,4,2,2,2,2,2,2,3,2,2,2,3,2,2,2,3,2,-0.00414073392581879
4,3,3,1,2,4,2,2,2,2,2,2,3,2,2,2,3,2,2,2,3,2,-0.0109105947043785
4,3,3,3,2,4,2,2,2,2,2,2,3,2,2,2,3,2,2,2,3,2,-0.0068990321462192
4,3,3,2,1,4,2,2,2,2,2,2,3,2,2,2,3,2,2,2,3,2,-0.00896494716035441
4,3,3,2,3,4,2,2,2,2,2,2,3,2,2,2,3,2,2,2,3,2,-0.0172259791088629
4,3,3,2,2,3,2,2,2,2,2,2,3,2,2,2,3,2,2,2,3,2,0.0461100462212052
4,3,3,2,2,5,2,2,2,2,2,2,3,2,2,2,3,2,2,2,3,2,-0.00496164525286563
4,3,3,2,2,4,1,2,2,2,2,2,3,2,2,2,3,2,2,2,3,2,-0.011463232628362
4,3,3,2,2,4,3,2,2,2,2,2,3,2,2,2,3,2,2,2,3,2,-0.0166906317830342
4,3,3,2,2,4,2,1,2,2,2,2,3,2,2,2,3,2,2,2,3,2,0.0395053154615418
4,3,3,2,2,4,2,3,2,2,2,2,3,2,2,2,3,2,2,2,3,2,-0.00123121324361202
4,3,3,2,2,4,2,2,1,2,2,2,3,2,2,2,3,2,2,2,3,2,-0.00839985655875997
4,3,3,2,2,4,2,2,3,2,2,2,3,2,2,2,3,2,2,2,3,2,-0.0140124745882248
4,3,3,2,2,4,2,2,2,1,2,2,3,2,2,2,3,2,2,2,3,2,-0.00623962838981406
4,3,3,2,2,4,2,2,2,3,2,2,3,2,2,2,3,2,2,2,3,2,-0.00642089801166797
4,3,3,2,2,4,2,2,2,2,1,2,3,2,2,2,3,2,2,2,3,2,-0.00785512634615532
4,3,3,2,2,4,2,2,2,2,3,2,3,2,2,2,3,2,2,2,3,2,-0.00405277230366343
4,3,3,2,2,4,2,2,2,2,2,1,3,2,2,2,3,2,2,2,3,2,-0.00763022588750174
4,3,3,2,2,4,2,2,2,2,2,3,3,2,2,2,3,2,2,2,3,2,-0.00636155232021458
4,3,3,2,2,4,2,2,2,2,2,2,4,2,2,2,3,2,2,2,3,2,0.035668189828139
4,3,3,2,2,4,2,2,2,2,2,2,3,1,2,2,3,2,2,2,3,2,-0.0071017330365371
4,3,3,2,2,4,2,2,2,2,2,2,3,3,2,2,3,2,2,2,3,2,0.0374935205141946
4,3,3,2,2,4,2,2,2,2,2,2,3,2,1,2,3,2,2,2,3,2,-0.0163384637193715
4,3,3,2,2,4,2,2,2,2,2,2,3,2,3,2,3,2,2,2,3,2,-0.00382952825874518
4,3,3,2,2,4,2,2,2,2,2,2,3,2,2,1,3,2,2,2,3,2,-0.00375763949220768
4,3,3,2,2,4,2,2,2,2,2,2,3,2,2,3,3,2,2,2,3,2,-0.0142959356066882
4,3,3,2,2,4,2,2,2,2,2,2,3,2,2,2,2,2,2,2,3,2,0.012783891755864
4,3,3,2,2,4,2,2,2,2,2,2,3,2,2,2,4,2,2,2,3,2,-0.00325084107631045
4,3,3,2,2,4,2,2,2,2,2,2,3,2,2,2,3,1,2,2,3,2,-0.0159892282093732
4,3,3,2,2,4,2,2,2,2,2,2,3,2,2,2,3,3,2,2,3,2,-0.012512803474707
4,3,3,2,2,4,2,2,2,2,2,2,3,2,2,2,3,2,1,2,3,2,-0.011206678303606
4,3,3,2,2,4,2,2,2,2,2,2,3,2,2,2,3,2,3,2,3,2,9.03288791633189e-05
4,3,3,2,2,4,2,2,2,2,2,2,3,2,2,2,3,2,2,1,3,2,-0.00422284335891892
4,3,3,2,2,4,2,2,2,2,2,2,3,2,2,2,3,2,2,3,3,2,0.0154459739240856
4,3,3,2,2,4,2,2,2,2,2,2,3,2,2,2,3,2,2,2,2,2,0.0249414032399129
4,3,3,2,2,4,2,2,2,2,2,2,3,2,2,2,3,2,2,2,4,2,0.0512174506990663
4,3,3,2,2,4,2,2,2,2,2,2,3,2,2,2,3,2,2,2,3,1,-0.0059189825202264
4,3,3,2,2,4,2,2,2,2,2,2,3,2,2,2,3,2,2,2,3,3,-0.0124073254823836
3,3,2,2,2,3,2,2,3,2,3,2,2,2,2,3,3,1,3,3,3,2,0.0244215681662582
5,3,2,2,2,3,2,2,3,2,3,2,2,2,2,3,3,1,3,3,3,2,-0.00543282252169157
4,2,2,2,2,3,2,2,3,2,3,2,2,2,2,3,3,1,3,3,3,2,-0.00672911581531922
4,4,2,2,2,3,2,2,3,2,3,2,2,2,2,3,3,1,3,3,3,2,-0.00429297523042302
4,3,1,2,2,3,2,2,3,2,3,2,2,2,2,3,3,1,3,3,3,2,-0.00179538740888309
4,3,3,2,2,3,2,2,3,2,3,2,2,2,2,3,3,1,3,3,3,2,-0.0111891760178625
4,3,2,1,2,3,2,2,3,2,3,2,2,2,2,3,3,1,3,3,3,2,0.0251011362100551
4,3,2,3,2,3,2,2,3,2,3,2,2,2,2,3,3,1,3,3,3,2,-0.0108787554853179
4,3,2,2,1,3,2,2,3,2,3,2,2,2,2,3,3,1,3,3,3,2,0.0197889221499924
4,3,2,2,3,3,2,2,3,2,3,2,2,2,2,3,3,1,3,3,3,2,-0.000940971491326804
4,3,2,2,2,2,2,2,3,2,3,2,2,2,2,3,3,1,3,3,3,2,-0.00386059751534211
4,3,2,2,2,4,2,2,3,2,3,2,2,2,2,3,3,1,3,3,3,2,-0.0186894940208902
4,3,2,2,2,3,1,2,3,2,3,2,2,2,2,3,3,1,3,3,3,2,0.00120093588847513
4,3,2,2,2,3,3,2,3,2,3,2,2,2,2,3,3,1,3,3,3,2,-0.0126431159852907
4,3,2,2,2,3,2,1,3,2,3,2,2,2,2,3,3,1,3,3,3,2,0.0488779601921115
4,3,2,2,2,3,2,3,3,2,3,2,2,2,2,3,3,1,3,3,3,2,0.0322942020622733
4,3,2,2,2,3,2,2,4,2,3,2,2,2,2,3,3,1,3,3,3,2,0.0131431329036756
4,3,2,2,2,3,2,2,3,1,3,2,2,2,2,3,3,1,3,3,3,2,-0.00359374531664569
4,3,2,2,2,3,2,2,3,3,3,2,2,2,2,3,3,1,3,3,3,2,0.000638180840698923
4,3,2,2,2,3,2,2,3,2,4,2,2,2,2,3,3,1,3,3,3,2,0.0234044987354272
4,3,2,2,2,3,2,2,3,2,3,1,2,2,2,3,3,1,3,3,3,2,-0.00781879958214713
4,3,2,2,2,3,2,2,3,2,3,3,2,2,2,3,3,1,3,3,3,2,-0.00804812195431446
4,3,2,2,2,3,2,2,3,2,3,2,1,2,2,3,3,1,3,3,3,2,0.0012491805956881
4,3,2,2,2,3,2,2,3,2,3,2,3,2,2,3,3,1,3,3,3,2,0.0103715989931025
4,3,2,2,2,3,2,2,3,2,3,2,2,1,2,3,3,1,3,3,3,2,0.000995202291178733
4,3,2,2,2,3,2,2,3,2,3,2,2,3,2,3,3,1,3,3,3,2,-0.000380256274708622
4,3,2,2,2,3,2,2,3,2,3,2,2,2,1,3,3,1,3,3,3,2,-0.00731425191651471
4,3,2,2,2,3,2,2,3,2,3,2,2,2,3,3,3,1,3,3,3,2,0.00518127354268476
4,3,2,2,2,3,2,2,3,2,3,2,2,2,2,2,3,1,3,3,3,2,0.0834913520902544
4,3,2,2,2,3,2,2,3,2,3,2,2,2,2,4,3,1,3,3,3,2,0.00341020399252999
4,3,2,2,2,3,2,2,3,2,3,2,2,2,2,3,2,1,3,3,3,2,-0.00813085198799536
4,3,2,2,2,3,2,2,3,2,3,2,2,2,2,3,4,1,3,3,3,2,0.000151882706117176
4,3,2,2,2,3,2,2,3,2,3,2,2,2,2,3,3,0,3,3,3,2,0.00480814399569458
4,3,2,2,2,3,2,2,3,2,3,2,2,2,2,3,3,1,2,3,3,2,0.0148884579698793
4,3,2,2,2,3,2,2,3,2,3,2,2,2,2,3,3,1,4,3,3,2,0.00202639965328557
4,3,2,2,2,3,2,2,3,2,3,2,2,2,2,3,3,1,3,2,3,2,0.00060822217784937
4,3,2,2,2,3,2,2,3,2,3,2,2,2,2,3,3,1,3,4,3,2,-0.0155888569930913
4,3,2,2,2,3,2,2,3,2,3,2,2,2,2,3,3,1,3,3,2,2,-0.0160460388937153
4,3,2,2,2,3,2,2,3,2,3,2,2,2,2,3,3,1,3,3,4,2,-0.00562088885318558
4,3,2,2,2,3,2,2,3,2,3,2,2,2,2,3,3,1,3,3,3,1,0.000689089120205908
4,3,2,2,2,3,2,2,3,2,3,2,2,2,2,3,3,1,3,3,3,3,0.00120997282499965
3,3,2,2,2,3,2,3,2,2,2,2,2,2,2,3,3,2,3,3,3,2,0.0174952148221183
5,3,2,2,2,3,2,3,2,2,2,2,2,2,2,3,3,2,3,3,3,2,0.0149842127696784
4,2,2,2,2,3,2,3,2,2,2,2,2,2,2,3,3,2,3,3,3,2,0.0477322550556834
4,4,2,2,2,3,2,3,2,2,2,2,2,2,2,3,3,2,3,3,3,2,0.0037486040662617
4,3,1,2,2,3,2,3,2,2,2,2,2,2,2,3,3,2,3,3,3,2,-0.00107205597977478
4,3,3,2,2,3,2,3,2,2,2,2,2,2,2,3,3,2,3,3,3,2,-0.0242497232600081
4,3,2,1,2,3,2,3,2,2,2,2,2,2,2,3,3,2,3,3,3,2,-0.00453842586541977
4,3,2,3,2,3,2,3,2,2,2,2,2,2,2,3,3,2,3,3,3,2,0.00781287612334096
4,3,2,2,1,3,2,3,2,2,2,2,2,2,2,3,3,2,3,3,3,2,-0.0091190233827854
4,3,2,2,3,3,2,3,2,2,2,2,2,2,2,3,3,2,3,3,3,2,0.0122192193840365
4,3,2,2,2,2,2,3,2,2,2,2,2,2,2,3,3,2,3,3,3,2,0.00646588651800677
4,3,2,2,2,4,2,3,2,2,2,2,2,2,2,3,3,2,3,3,3,2,-0.016965575276532
4,3,2,2,2,3,1,3,2,2,2,2,2,2,2,3,3,2,3,3,3,2,-0.0101016479975038
4,3,2,2,2,3,3,3,2,2,2,2,2,2,2,3,3,2,3,3,3,2,-0.0135074644327622
4,3,2,2,2,3,2,4,2,2,2,2,2,2,2,3,3,2,3,3,3,2,-0.00719930182185659
4,3,2,2,2,3,2,3,1,2,2,2,2,2,2,3,3,2,3,3,3,2,0.0235818668116899
4,3,2,2,2,3,2,3,2,1,2,2,2,2,2,3,3,2,3,3,3,2,-0.000902396832440823
4,3,2,2,2,3,2,3,2,3,2,2,2,2,2,3,3,2,3,3,3,2,-0.00151254428138866
4,3,2,2,2,3,2,3,2,2,1,2,2,2,2,3,3,2,3,3,3,2,-0.00576006511559846
4,3,2,2,2,3,2,3,2,2,2,1,2,2,2,3,3,2,3,3,3,2,0.0164464714264008
4,3,2,2,2,3,2,3,2,2,2,3,2,2,2,3,3,2,3,3,3,2,-0.0274205271482007
4,3,2,2,2,3,2,3,2,2,2,2,1,2,2,3,3,2,3,3,3,2,-0.00327894632589003
4,3,2,2,2,3,2,3,2,2,2,2,3,2,2,3,3,2,3,3,3,2,-0.000558856308648988
4,3,2,2,2,3,2,3,2,2,2,2,2,1,2,3,3,2,3,3,3,2,-0.00403649803475646
4,3,2,2,2,3,2,3,2,2,2,2,2,3,2,3,3,2,3,3,3,2,-0.00294140913853933
4,3,2,2,2,3,2,3,2,2,2,2,2,2,1,3,3,2,3,3,3,2,-0.0106650726869232
4,3,2,2,2,3,2,3,2,2,2,2,2,2,3,3,3,2,3,3,3,2,0.00846936287922593
4,3,2,2,2,3,2,3,2,2,2,2,2,2,2,4,3,2,3,3,3,2,-0.0124917151885605
4,3,2,2,2,3,2,3,2,2,2,2,2,2,2,3,2,2,3,3,3,2,0.0135075311386892
4,3,2,2,2,3,2,3,2,2,2,2,2,2,2,3,4,2,3,3,3,2,-0.00703032314828064
4,3,2,2,2,3,2,3,2,2,2,2,2,2,2,3,3,1,3,3,3,2,0.0503837975569737
4,3,2,2,2,3,2,3,2,2,2,2,2,2,2,3,3,3,3,3,3,2,0.0543451700455676
4,3,2,2,2,3,2,3,2,2,2,2,2,2,2,3,3,2,2,3,3,2,0.0119432320225428
4,3,2,2,2,3,2,3,2,2,2,2,2,2,2,3,3,2,4,3,3,2,-0.00110624335640225
4,3,2,2,2,3,2,3,2,2,2,2,2,2,2,3,3,2,3,2,3,2,-0.0145391170308875
4,3,2,2,2,3,2,3,2,2,2,2,2,2,2,3,3,2,3,4,3,2,-0.0239331132323164
4,3,2,2,2,3,2,3,2,2,2,2,2,2,2,3,3,2,3,3,2,2,-0.00321257514857408
4,3,2,2,2,3,2,3,2,2,2,2,2,2,2,3,3,2,3,3,4,2,-0.0028140060303409
4,3,2,2,2,3,2,3,2,2,2,2,2,2,2,3,3,2,3,3,3,1,-0.0020223997640772
4,3,2,2,2,3,2,3,2,2,2,2,2,2,2,3,3,2,3,3,3,3,-0.00341796104121332
3,3,2,2,2,4,2,2,2,2,2,2,2,2,2,2,3,2,2,2,3,2,0.0256809209002703
5,3,2,2,2,4,2,2,2,2,2,2,2,2,2,2,3,2,2,2,3,2,-0.00693569996169597
4,2,2,2,2,4,2,2,2,2,2,2,2,2,2,2,3,2,2,2,3,2,0.0690116159879754
4,4,2,2,2,4,2,2,2,2,2,2,2,2,2,2,3,2,2,2,3,2,0.00349372680172595
4,3,1,2,2,4,2,2,2,2,2,2,2,2,2,2,3,2,2,2,3,2,0.00253760794591369
4,3,2,1,2,4,2,2,2,2,2,2,2,2,2,2,3,2,2,2,3,2,-0.0122931435896844
4,3,2,3,2,4,2,2,2,2,2,2,2,2,2,2,3,2,2,2,3,2,-0.00824155113097013
4,3,2,2,1,4,2,2,2,2,2,2,2,2,2,2,3,2,2,2,3,2,-0.00820263079344897
4,3,2,2,3,4,2,2,2,2,2,2,2,2,2,2,3,2,2,2,3,2,-0.0184816644566056
4,3,2,2,2,3,2,2,2,2,2,2,2,2,2,2,3,2,2,2,3,2,0.0702341939428376
4,3,2,2,2,5,2,2,2,2,2,2,2,2,2,2,3,2,2,2,3,2,0.0290128333736893
4,3,2,2,2,4,1,2,2,2,2,2,2,2,2,2,3,2,2,2,3,2,0.028146497973096
4,3,2,2,2,4,3,2,2,2,2,2,2,2,2,2,3,2,2,2,3,2,-0.0137759685226131
4,3,2,2,2,4,2,1,2,2,2,2,2,2,2,2,3,2,2,2,3,2,0.00225319681310601
4,3,2,2,2,4,2,3,2,2,2,2,2,2,2,2,3,2,2,2,3,2,-0.00812653220269989
4,3,2,2,2,4,2,2,1,2,2,2,2,2,2,2,3,2,2,2,3,2,-0.00562105291170421
4,3,2,2,2,4,2,2,3,2,2,2,2,2,2,2,3,2,2,2,3,2,-0.0264773763591808
4,3,2,2,2,4,2,2,2,1,2,2,2,2,2,2,3,2,2,2,3,2,-0.00543649908392461
4,3,2,2,2,4,2,2,2,3,2,2,2,2,2,2,3,2,2,2,3,2,-0.00647168835936065
4,3,2,2,2,4,2,2,2,2,1,2,2,2,2,2,3,2,2,2,3,2,-0.00742849587528525
4,3,2,2,2,4,2,2,2,2,3,2,2,2,2,2,3,2,2,2,3,2,-0.0021232190945931
4,3,2,2,2,4,2,2,2,2,2,1,2,2,2,2,3,2,2,2,3,2,-0.00362355873178307
4,3,2,2,2,4,2,2,2,2,2,3,2,2,2,2,3,2,2,2,3,2,0.0284518859441439
4,3,2,2,2,4,2,2,2,2,2,2,1,2,2,2,3,2,2,2,3,2,0.0508522544849617
4,3,2,2,2,4,2,2,2,2,2,2,2,1,2,2,3,2,2,2,3,2,-0.0111305501442367
4,3,2,2,2,4,2,2,2,2,2,2,2,3,2,2,3,2,2,2,3,2,-0.0235722138933597
4,3,2,2,2,4,2,2,2,2,2,2,2,2,1,2,3,2,2,2,3,2,-0.0150728422629157
4,3,2,2,2,4,2,2,2,2,2,2,2,2,3,2,3,2,2,2,3,2,0.0338850014661759
4,3,2,2,2,4,2,2,2,2,2,2,2,2,2,1,3,2,2,2,3,2,0.0026554967186464
4,3,2,2,2,4,2,2,2,2,2,2,2,2,2,3,3,2,2,2,3,2,0.027631911467513
4,3,2,2,2,4,2,2,2,2,2,2,2,2,2,2,2,2,2,2,3,2,-0.0165735119409357
4,3,2,2,2,4,2,2,2,2,2,2,2,2,2,2,4,2,2,2,3,2,-0.005582891988989
4,3,2,2,2,4,2,2,2,2,2,2,2,2,2,2,3,1,2,2,3,2,0.0136825535860904
4,3,2,2,2,4,2,2,2,2,2,2,2,2,2,2,3,3,2,2,3,2,-0.0112848634246639
4,3,2,2,2,4,2,2,2,2,2,2,2,2,2,2,3,2,1,2,3,2,-0.0172160223223482
4,3,2,2,2,4,2,2,2,2,2,2,2,2,2,2,3,2,3,2,3,2,0.0194233565838362
4,3,2,2,2,4,2,2,2,2,2,2,2,2,2,2,3,2,2,1,3,2,-0.00748425452205741
4,3,2,2,2,4,2,2,2,2,2,2,2,2,2,2,3,2,2,3,3,2,0.034528488579483
4,3,2,2,2,4,2,2,2,2,2,2,2,2,2,2,3,2,2,2,2,2,0.0537472721532839
4,3,2,2,2,4,2,2,2,2,2,2,2,2,2,2,3,2,2,2,4,2,-0.00875321753391052
4,3,2,2,2,4,2,2,2,2,2,2,2,2,2,2,3,2,2,2,3,1,-0.0054841416965233
4,3,2,2,2,4,2,2,2,2,2,2,2,2,2,2,3,2,2,2,3,3,-0.011601159330308
3,3,2,2,2,3,2,2,2,2,2,2,2,2,2,2,3,2,3,3,3,2,0.0125351450539562
5,3,2,2,2,3,2,2,2,2,2,2,2,2,2,2,3,2,3,3,3,2,-0.0168800083482483
4,2,2,2,2,3,2,2,2,2,2,2,2,2,2,2,3,2,3,3,3,2,-0.021731751801101
4,4,2,2,2,3,2,2,2,2,2,2,2,2,2,2,3,2,3,3,3,2,-0.0134981363914044
4,3,1,2,2,3,2,2,2,2,2,2,2,2,2,2,3,2,3,3,3,2,0.0127031719943139
4,3,3,2,2,3,2,2,2,2,2,2,2,2,2,2,3,2,3,3,3,2,-0.026051554325087
4,3,2,1,2,3,2,2,2,2,2,2,2,2,2,2,3,2,3,3,3,2,0.0383995634229843
4,3,2,3,2,3,2,2,2,2,2,2,2,2,2,2,3,2,3,3,3,2,0.0132500321082515
4,3,2,2,1,3,2,2,2,2,2,2,2,2,2,2,3,2,3,3,3,2,-0.0109637405160576
4,3,2,2,3,3,2,2,2,2,2,2,2,2,2,2,3,2,3,3,3,2,0.0425368840572799
4,3,2,2,2,4,2,2,2,2,2,2,2,2,2,2,3,2,3,3,3,2,0.0173610569740888
4,3,2,2,2,3,1,2,2,2,2,2,2,2,2,2,3,2,3,3,3,2,-0.0316502414415073
4,3,2,2,2,3,3,2,2,2,2,2,2,2,2,2,3,2,3,3,3,2,-0.000929415016937611
4,3,2,2,2,3,2,1,2,2,2,2,2,2,2,2,3,2,3,3,3,2,0.0326650663638844
4,3,2,2,2,3,2,2,1,2,2,2,2,2,2,2,3,2,3,3,3,2,-0.0107827395083037
4,3,2,2,2,3,2,2,2,1,2,2,2,2,2,2,3,2,3,3,3,2,-0.0138462233565374
4,3,2,2,2,3,2,2,2,3,2,2,2,2,2,2,3,2,3,3,3,2,0.0179859415961509
4,3,2,2,2,3,2,2,2,2,1,2,2,2,2,2,3,2,3,3,3,2,-0.0225828607885635
4,3,2,2,2,3,2,2,2,2,2,1,2,2,2,2,3,2,3,3,3,2,-0.0102046930295332
4,3,2,2,2,3,2,2,2,2,2,3,2,2,2,2,3,2,3,3,3,2,-0.00989364902220169
4,3,2,2,2,3,2,2,2,2,2,2,1,2,2,2,3,2,3,3,3,2,0.0314804664317904
4,3,2,2,2,3,2,2,2,2,2,2,3,2,2,2,3,2,3,3,3,2,-0.00163489408668369
4,3,2,2,2,3,2,2,2,2,2,2,2,1,2,2,3,2,3,3,3,2,-0.00849831381698278
4,3,2,2,2,3,2,2,2,2,2,2,2,3,2,2,3,2,3,3,3,2,0.0398025373670339
4,3,2,2,2,3,2,2,2,2,2,2,2,2,1,2,3,2,3,3,3,2,0.020376871687649
4,3,2,2,2,3,2,2,2,2,2,2,2,2,2,1,3,2,3,3,3,2,-0.00417176216675967
4,3,2,2,2,3,2,2,2,2,2,2,2,2,2,2,2,2,3,3,3,2,-0.0195119277268716
4,3,2,2,2,3,2,2,2,2,2,2,2,2,2,2,4,2,3,3,3,2,-0.0145546332561734
4,3,2,2,2,3,2,2,2,2,2,2,2,2,2,2,3,1,3,3,3,2,0.0364692304138643
4,3,2,2,2,3,2,2,2,2,2,2,2,2,2,2,3,3,3,3,3,2,-0.0260441785239647
4,3,2,2,2,3,2,2,2,2,2,2,2,2,2,2,3,2,2,3,3,2,-0.0370986662626567
4,3,2,2,2,3,2,2,2,2,2,2,2,2,2,2,3,2,4,3,3,2,-0.007304170780207
4,3,2,2,2,3,2,2,2,2,2,2,2,2,2,2,3,2,3,2,3,2,-0.0509403442533919
4,3,2,2,2,3,2,2,2,2,2,2,2,2,2,2,3,2,3,4,3,2,0.0289039672050501
4,3,2,2,2,3,2,2,2,2,2,2,2,2,2,2,3,2,3,3,2,2,-0.0254504476230996
4,3,2,2,2,3,2,2,2,2,2,2,2,2,2,2,3,2,3,3,4,2,-0.0182067131645759
4,3,2,2,2,3,2,2,2,2,2,2,2,2,2,2,3,2,3,3,3,1,-0.0146340235672541
4,3,2,2,2,3,2,2,2,2,2,2,2,2,2,2,3,2,3,3,3,3,-0.0131507474212249
3,3,2,2,2,3,2,2,2,2,3,2,2,2,2,2,3,2,3,3,3,2,0.0227489316144796
5,3,2,2,2,3,2,2,2,2,3,2,2,2,2,2,3,2,3,3,3,2,-0.00666145457742547
4,2,2,2,2,3,2,2,2,2,3,2,2,2,2,2,3,2,3,3,3,2,-0.0144831186730487
4,4,2,2,2,3,2,2,2,2,3,2,2,2,2,2,3,2,3,3,3,2,-0.00756484807019294
4,3,1,2,2,3,2,2,2,2,3,2,2,2,2,2,3,2,3,3,3,2,-0.010226900517954
4,3,3,2,2,3,2,2,2,2,3,2,2,2,2,2,3,2,3,3,3,2,-0.020829641579394
4,3,2,1,2,3,2,2,2,2,3,2,2,2,2,2,3,2,3,3,3,2,-0.0123178668170581
4,3,2,3,2,3,2,2,2,2,3,2,2,2,2,2,3,2,3,3,3,2,0.0323633669271863
4,3,2,2,1,3,2,2,2,2,3,2,2,2,2,2,3,2,3,3,3,2,-0.0137660167951321
4,3,2,2,3,3,2,2,2,2,3,2,2,2,2,2,3,2,3,3,3,2,-0.0300146205499999
4,3,2,2,2,2,2,2,2,2,3,2,2,2,2,2,3,2,3,3,3,2,0.0383303182050144
4,3,2,2,2,4,2,2,2,2,3,2,2,2,2,2,3,2,3,3,3,2,-0.0125101561005015
4,3,2,2,2,3,1,2,2,2,3,2,2,2,2,2,3,2,3,3,3,2,0.0374991495049504
4,3,2,2,2,3,3,2,2,2,3,2,2,2,2,2,3,2,3,3,3,2,-0.0213488042970209
4,3,2,2,2,3,2,1,2,2,3,2,2,2,2,2,3,2,3,3,3,2,-0.0241193403546491
4,3,2,2,2,3,2,2,1,2,3,2,2,2,2,2,3,2,3,3,3,2,-0.00472906446548359
4,3,2,2,2,3,2,2,2,1,3,2,2,2,2,2,3,2,3,3,3,2,-0.00187049253170176
4,3,2,2,2,3,2,2,2,3,3,2,2,2,2,2,3,2,3,3,3,2,-0.0115357864734856
4,3,2,2,2,3,2,2,2,2,4,2,2,2,2,2,3,2,3,3,3,2,-0.0130701450126769
4,3,2,2,2,3,2,2,2,2,3,1,2,2,2,2,3,2,3,3,3,2,-0.014040870544968
4,3,2,2,2,3,2,2,2,2,3,3,2,2,2,2,3,2,3,3,3,2,0.0122740830862124
4,3,2,2,2,3,2,2,2,2,3,2,1,2,2,2,3,2,3,3,3,2,-0.0121313836229156
4,3,2,2,2,3,2,2,2,2,3,2,3,2,2,2,3,2,3,3,3,2,-0.013402991286484
4,3,2,2,2,3,2,2,2,2,3,2,2,1,2,2,3,2,3,3,3,2,-0.00446292675771037
4,3,2,2,2,3,2,2,2,2,3,2,2,3,2,2,3,2,3,3,3,2,0.00809086722739932
4,3,2,2,2,3,2,2,2,2,3,2,2,2,1,2,3,2,3,3,3,2,-0.0400925489729914
4,3,2,2,2,3,2,2,2,2,3,2,2,2,2,1,3,2,3,3,3,2,0.00524248396401859
4,3,2,2,2,3,2,2,2,2,3,2,2,2,2,2,2,2,3,3,3,2,-0.0139196707329351
4,3,2,2,2,3,2,2,2,2,3,2,2,2,2,2,4,2,3,3,3,2,-0.00769960791023254
4,3,2,2,2,3,2,2,2,2,3,2,2,2,2,2,3,1,3,3,3,2,-0.0158621273012114
4,3,2,2,2,3,2,2,2,2,3,2,2,2,2,2,3,3,3,3,3,2,-0.0308165295047601
4,3,2,2,2,3,2,2,2,2,3,2,2,2,2,2,3,2,2,3,3,2,0.00620154392367372
4,3,2,2,2,3,2,2,2,2,3,2,2,2,2,2,3,2,4,3,3,2,0.00119479250318818
4,3,2,2,2,3,2,2,2,2,3,2,2,2,2,2,3,2,3,2,3,2,-0.0150326149646255
4,3,2,2,2,3,2,2,2,2,3,2,2,2,2,2,3,2,3,4,3,2,0.027168390283746
4,3,2,2,2,3,2,2,2,2,3,2,2,2,2,2,3,2,3,3,2,2,-0.027488198806846
4,3,2,2,2,3,2,2,2,2,3,2,2,2,2,2,3,2,3,3,4,2,-0.0132387340026827
4,3,2,2,2,3,2,2,2,2,3,2,2,2,2,2,3,2,3,3,3,1,-0.0158932625384148
4,3,2,2,2,3,2,2,2,2,3,2,2,2,2,2,3,2,3,3,3,3,-0.00770512460539779
3,3,2,2,2,3,2,3,3,2,2,2,2,2,2,3,3,2,3,3,3,2,0.039349289392894
5,3,2,2,2,3,2,3,3,2,2,2,2,2,2,3,3,2,3,3,3,2,-0.0015677609277337
4,2,2,2,2,3,2,3,3,2,2,2,2,2,2,3,3,2,3,3,3,2,0.0231576200891201
4,4,2,2,2,3,2,3,3,2,2,2,2,2,2,3,3,2,3,3,3,2,0.00439695523824474
4,3,1,2,2,3,2,3,3,2,2,2,2,2,2,3,3,2,3,3,3,2,0.000314687509436356
4,3,3,2,2,3,2,3,3,2,2,2,2,2,2,3,3,2,3,3,3,2,-0.0138208703432066
4,3,2,1,2,3,2,3,3,2,2,2,2,2,2,3,3,2,3,3,3,2,-0.00145913399152658
4,3,2,3,2,3,2,3,3,2,2,2,2,2,2,3,3,2,3,3,3,2,-0.00913621336156053
4,3,2,2,1,3,2,3,3,2,2,2,2,2,2,3,3,2,3,3,3,2,-0.000390161546191519
4,3,2,2,3,3,2,3,3,2,2,2,2,2,2,3,3,2,3,3,3,2,-0.007372241526631
4,3,2,2,2,2,2,3,3,2,2,2,2,2,2,3,3,2,3,3,3,2,-0.000385004540745551
4,3,2,2,2,4,2,3,3,2,2,2,2,2,2,3,3,2,3,3,3,2,0.0307512800205978
4,3,2,2,2,3,1,3,3,2,2,2,2,2,2,3,3,2,3,3,3,2,-0.00337104656358438
4,3,2,2,2,3,3,3,3,2,2,2,2,2,2,3,3,2,3,3,3,2,-0.0104421163754136
4,3,2,2,2,3,2,4,3,2,2,2,2,2,2,3,3,2,3,3,3,2,0.00911869723010832
4,3,2,2,2,3,2,3,4,2,2,2,2,2,2,3,3,2,3,3,3,2,0.0126622924688055
4,3,2,2,2,3,2,3,3,1,2,2,2,2,2,3,3,2,3,3,3,2,0.000802159463079747
4,3,2,2,2,3,2,3,3,3,2,2,2,2,2,3,3,2,3,3,3,2,0.00130910134940397
4,3,2,2,2,3,2,3,3,2,1,2,2,2,2,3,3,2,3,3,3,2,0.00965658770847085
4,3,2,2,2,3,2,3,3,2,2,1,2,2,2,3,3,2,3,3,3,2,-0.00515080097792875
4,3,2,2,2,3,2,3,3,2,2,3,2,2,2,3,3,2,3,3,3,2,0.0500756687015856
4,3,2,2,2,3,2,3,3,2,2,2,1,2,2,3,3,2,3,3,3,2,-0.000490854765347184
4,3,2,2,2,3,2,3,3,2,2,2,3,2,2,3,3,2,3,3,3,2,0.0070363616068839
4,3,2,2,2,3,2,3,3,2,2,2,2,1,2,3,3,2,3,3,3,2,0.0005376642201307
4,3,2,2,2,3,2,3,3,2,2,2,2,3,2,3,3,2,3,3,3,2,0.00118698261372971
4,3,2,2,2,3,2,3,3,2,2,2,2,2,1,3,3,2,3,3,3,2,-0.00892185299719901
4,3,2,2,2,3,2,3,3,2,2,2,2,2,3,3,3,2,3,3,3,2,0.00411316010117494
4,3,2,2,2,3,2,3,3,2,2,2,2,2,2,2,3,2,3,3,3,2,-0.00496723731510012
4,3,2,2,2,3,2,3,3,2,2,2,2,2,2,4,3,2,3,3,3,2,-0.00516448629174104
4,3,2,2,2,3,2,3,3,2,2,2,2,2,2,3,2,2,3,3,3,2,-0.00272623191088079
4,3,2,2,2,3,2,3,3,2,2,2,2,2,2,3,4,2,3,3,3,2,0.0414663209470083
4,3,2,2,2,3,2,3,3,2,2,2,2,2,2,3,3,1,3,3,3,2,0.0203779504854028
4,3,2,2,2,3,2,3,3,2,2,2,2,2,2,3,3,3,3,3,3,2,-0.00859378648465329
4,3,2,2,2,3,2,3,3,2,2,2,2,2,2,3,3,2,2,3,3,2,-0.0150345725967465
4,3,2,2,2,3,2,3,3,2,2,2,2,2,2,3,3,2,4,3,3,2,-0.00126422486164726
4,3,2,2,2,3,2,3,3,2,2,2,2,2,2,3,3,2,3,2,3,2,0.00221694709855189
4,3,2,2,2,3,2,3,3,2,2,2,2,2,2,3,3,2,3,4,3,2,0.0376221026714976
4,3,2,2,2,3,2,3,3,2,2,2,2,2,2,3,3,2,3,3,2,2,0.0231869403324799
4,3,2,2,2,3,2,3,3,2,2,2,2,2,2,3,3,2,3,3,4,2,-0.00692157012454294
4,3,2,2,2,3,2,3,3,2,2,2,2,2,2,3,3,2,3,3,3,1,0.00122390328935638
4,3,2,2,2,3,2,3,3,2,2,2,2,2,2,3,3,2,3,3,3,3,0.000995497869464324
3,3,2,2,2,3,2,3,3,2,3,2,2,2,2,3,3,2,3,3,3,2,-0.0252654294992352
5,3,2,2,2,3,2,3,3,2,3,2,2,2,2,3,3,2,3,3,3,2,-0.00283076417078008
4,2,2,2,2,3,2,3,3,2,3,2,2,2,2,3,3,2,3,3,3,2,0.032188500140378
4,4,2,2,2,3,2,3,3,2,3,2,2,2,2,3,3,2,3,3,3,2,0.00360596655228912
4,3,1,2,2,3,2,3,3,2,3,2,2,2,2,3,3,2,3,3,3,2,0.00854741565263334
4,3,3,2,2,3,2,3,3,2,3,2,2,2,2,3,3,2,3,3,3,2,0.0301187417580006
4,3,2,1,2,3,2,3,3,2,3,2,2,2,2,3,3,2,3,3,3,2,0.000483254074787743
4,3,2,3,2,3,2,3,3,2,3,2,2,2,2,3,3,2,3,3,3,2,-0.00553815456549833
4,3,2,2,1,3,2,3,3,2,3,2,2,2,2,3,3,2,3,3,3,2,-0.0100240184066531
4,3,2,2,3,3,2,3,3,2,3,2,2,2,2,3,3,2,3,3,3,2,-0.00438719087449587
4,3,2,2,2,2,2,3,3,2,3,2,2,2,2,3,3,2,3,3,3,2,-0.00533482192192915
4,3,2,2,2,4,2,3,3,2,3,2,2,2,2,3,3,2,3,3,3,2,-0.0142769780950525
4,3,2,2,2,3,1,3,3,2,3,2,2,2,2,3,3,2,3,3,3,2,0.00586330992132135
4,3,2,2,2,3,3,3,3,2,3,2,2,2,2,3,3,2,3,3,3,2,0.0199024186565649
4,3,2,2,2,3,2,4,3,2,3,2,2,2,2,3,3,2,3,3,3,2,0.0288761093369332
4,3,2,2,2,3,2,3,4,2,3,2,2,2,2,3,3,2,3,3,3,2,-0.0281707354076437
4,3,2,2,2,3,2,3,3,1,3,2,2,2,2,3,3,2,3,3,3,2,-0.000629320106345208
4,3,2,2,2,3,2,3,3,3,3,2,2,2,2,3,3,2,3,3,3,2,0.00442057617257949
4,3,2,2,2,3,2,3,3,2,4,2,2,2,2,3,3,2,3,3,3,2,0.0561417041859419
4,3,2,2,2,3,2,3,3,2,3,1,2,2,2,3,3,2,3,3,3,2,0.0456646486525042
4,3,2,2,2,3,2,3,3,2,3,3,2,2,2,3,3,2,3,3,3,2,0.0290086046909811
4,3,2,2,2,3,2,3,3,2,3,2,1,2,2,3,3,2,3,3,3,2,0.0012229282691142
4,3,2,2,2,3,2,3,3,2,3,2,3,2,2,3,3,2,3,3,3,2,0.0181611118067139
4,3,2,2,2,3,2,3,3,2,3,2,2,1,2,3,3,2,3,3,3,2,0.00105297838554743
4,3,2,2,2,3,2,3,3,2,3,2,2,3,2,3,3,2,3,3,3,2,0.00319726399329388
4,3,2,2,2,3,2,3,3,2,3,2,2,2,1,3,3,2,3,3,3,2,-0.00517290451202369
4,3,2,2,2,3,2,3,3,2,3,2,2,2,3,3,3,2,3,3,3,2,0.0189633732999246
4,3,2,2,2,3,2,3,3,2,3,2,2,2,2,2,3,2,3,3,3,2,0.0753128857435713
4,3,2,2,2,3,2,3,3,2,3,2,2,2,2,4,3,2,3,3,3,2,0.00646086697818408
4,3,2,2,2,3,2,3,3,2,3,2,2,2,2,3,2,2,3,3,3,2,-0.00306218316302174
4,3,2,2,2,3,2,3,3,2,3,2,2,2,2,3,4,2,3,3,3,2,-0.0023377229409455
4,3,2,2,2,3,2,3,3,2,3,2,2,2,2,3,3,3,3,3,3,2,-0.0225581989107255
4,3,2,2,2,3,2,3,3,2,3,2,2,2,2,3,3,2,2,3,3,2,-0.0153385565897619
4,3,2,2,2,3,2,3,3,2,3,2,2,2,2,3,3,2,4,3,3,2,0.0049739662741619
4,3,2,2,2,3,2,3,3,2,3,2,2,2,2,3,3,2,3,2,3,2,0.00565108979651777
4,3,2,2,2,3,2,3,3,2,3,2,2,2,2,3,3,2,3,4,3,2,-0.0217473387883495
4,3,2,2,2,3,2,3,3,2,3,2,2,2,2,3,3,2,3,3,2,2,0.0256844613205269
4,3,2,2,2,3,2,3,3,2,3,2,2,2,2,3,3,2,3,3,4,2,0.034229360934394
4,3,2,2,2,3,2,3,3,2,3,2,2,2,2,3,3,2,3,3,3,1,0.00365467527073312
4,3,2,2,2,3,2,3,3,2,3,2,2,2,2,3,3,2,3,3,3,3,0.00145147213939932
3,3,2,2,2,3,2,3,2,2,2,2,2,2,2,2,3,2,3,3,3,2,0.0224170314867898
5,3,2,2,2,3,2,3,2,2,2,2,2,2,2,2,3,2,3,3,3,2,0.0419726446117494
4,2,2,2,2,3,2,3,2,2,2,2,2,2,2,2,3,2,3,3,3,2,-0.0255601473759911
4,4,2,2,2,3,2,3,2,2,2,2,2,2,2,2,3,2,3,3,3,2,-0.00602558974735435
4,3,1,2,2,3,2,3,2,2,2,2,2,2,2,2,3,2,3,3,3,2,-0.00398285271294081
4,3,3,2,2,3,2,3,2,2,2,2,2,2,2,2,3,2,3,3,3,2,-0.0232210860510234
4,3,2,1,2,3,2,3,2,2,2,2,2,2,2,2,3,2,3,3,3,2,0.00235276355368117
4,3,2,3,2,3,2,3,2,2,2,2,2,2,2,2,3,2,3,3,3,2,0.00937016316130022
4,3,2,2,1,3,2,3,2,2,2,2,2,2,2,2,3,2,3,3,3,2,-0.00168351847372718
4,3,2,2,3,3,2,3,2,2,2,2,2,2,2,2,3,2,3,3,3,2,-0.0201637157869716
4,3,2,2,2,2,2,3,2,2,2,2,2,2,2,2,3,2,3,3,3,2,0.0388886498084944
4,3,2,2,2,4,2,3,2,2,2,2,2,2,2,2,3,2,3,3,3,2,-0.0268390291002983
4,3,2,2,2,3,1,3,2,2,2,2,2,2,2,2,3,2,3,3,3,2,-0.005326151105195
4,3,2,2,2,3,3,3,2,2,2,2,2,2,2,2,3,2,3,3,3,2,-0.0122281261544146
4,3,2,2,2,3,2,4,2,2,2,2,2,2,2,2,3,2,3,3,3,2,-0.0216628835717889
4,3,2,2,2,3,2,3,1,2,2,2,2,2,2,2,3,2,3,3,3,2,0.0272693027684581
4,3,2,2,2,3,2,3,2,1,2,2,2,2,2,2,3,2,3,3,3,2,-0.00739089655494751
4,3,2,2,2,3,2,3,2,3,2,2,2,2,2,2,3,2,3,3,3,2,-0.0113809331103404
4,3,2,2,2,3,2,3,2,2,1,2,2,2,2,2,3,2,3,3,3,2,-0.00495623041967713
4,3,2,2,2,3,2,3,2,2,2,1,2,2,2,2,3,2,3,3,3,2,-0.00812976502538375
4,3,2,2,2,3,2,3,2,2,2,3,2,2,2,2,3,2,3,3,3,2,0.019991672721802
4,3,2,2,2,3,2,3,2,2,2,2,1,2,2,2,3,2,3,3,3,2,-0.0154523299460331
4,3,2,2,2,3,2,3,2,2,2,2,3,2,2,2,3,2,3,3,3,2,-0.00964144354818054
4,3,2,2,2,3,2,3,2,2,2,2,2,1,2,2,3,2,3,3,3,2,-0.00694926896120533
4,3,2,2,2,3,2,3,2,2,2,2,2,3,2,2,3,2,3,3,3,2,-0.0221950697837412
4,3,2,2,2,3,2,3,2,2,2,2,2,2,1,2,3,2,3,3,3,2,-0.0225511060072502
4,3,2,2,2,3,2,3,2,2,2,2,2,2,3,2,3,2,3,3,3,2,0.00138771023081062
4,3,2,2,2,3,2,3,2,2,2,2,2,2,2,1,3,2,3,3,3,2,0.00718173953932832
4,3,2,2,2,3,2,3,2,2,2,2,2,2,2,2,2,2,3,3,3,2,0.0211201438893126
4,3,2,2,2,3,2,3,2,2,2,2,2,2,2,2,4,2,3,3,3,2,-0.00691696818973187
4,3,2,2,2,3,2,3,2,2,2,2,2,2,2,2,3,1,3,3,3,2,0.0121343480092632
4,3,2,2,2,3,2,3,2,2,2,2,2,2,2,2,3,3,3,3,3,2,0.00376519750511625
4,3,2,2,2,3,2,3,2,2,2,2,2,2,2,2,3,2,2,3,3,2,-0.036191178898012
4,3,2,2,2,3,2,3,2,2,2,2,2,2,2,2,3,2,4,3,3,2,0.016471433996976
4,3,2,2,2,3,2,3,2,2,2,2,2,2,2,2,3,2,3,2,3,2,-0.0226032707352912
4,3,2,2,2,3,2,3,2,2,2,2,2,2,2,2,3,2,3,4,3,2,-0.0226942997431605
4,3,2,2,2,3,2,3,2,2,2,2,2,2,2,2,3,2,3,3,2,2,-0.0164139280808294
4,3,2,2,2,3,2,3,2,2,2,2,2,2,2,2,3,2,3,3,4,2,0.0104046359059364
4,3,2,2,2,3,2,3,2,2,2,2,2,2,2,2,3,2,3,3,3,1,-0.000556149382525088
4,3,2,2,2,3,2,3,2,2,2,2,2,2,2,2,3,2,3,3,3,3,-0.00751821200269464
3,3,2,2,2,2,2,2,2,2,2,2,2,2,3,2,3,2,3,3,3,2,0.0402600548524637
5,3,2,2,2,2,2,2,2,2,2,2,2,2,3,2,3,2,3,3,3,2,0.00387074678264899
4,2,2,2,2,2,2,2,2,2,2,2,2,2,3,2,3,2,3,3,3,2,0.00117003253690504
4,4,2,2,2,2,2,2,2,2,2,2,2,2,3,2,3,2,3,3,3,2,-0.00161880370192252
4,3,1,2,2,2,2,2,2,2,2,2,2,2,3,2,3,2,3,3,3,2,-0.00863833469089116
4,3,3,2,2,2,2,2,2,2,2,2,2,2,3,2,3,2,3,3,3,2,-0.00475041097913926
4,3,2,1,2,2,2,2,2,2,2,2,2,2,3,2,3,2,3,3,3,2,-0.0066253588818726
4,3,2,3,2,2,2,2,2,2,2,2,2,2,3,2,3,2,3,3,3,2,-0.0054323175485003
4,3,2,2,1,2,2,2,2,2,2,2,2,2,3,2,3,2,3,3,3,2,-0.000538239365017579
4,3,2,2,3,2,2,2,2,2,2,2,2,2,3,2,3,2,3,3,3,2,-0.0049576161547767
4,3,2,2,2,1,2,2,2,2,2,2,2,2,3,2,3,2,3,3,3,2,-0.0113420917737081
4,3,2,2,2,2,1,2,2,2,2,2,2,2,3,2,3,2,3,3,3,2,-0.00591508365362279
4,3,2,2,2,2,3,2,2,2,2,2,2,2,3,2,3,2,3,3,3,2,-0.00260259887475375
4,3,2,2,2,2,2,1,2,2,2,2,2,2,3,2,3,2,3,3,3,2,0.0174824772531153
4,3,2,2,2,2,2,3,2,2,2,2,2,2,3,2,3,2,3,3,3,2,-0.00308339147993335
4,3,2,2,2,2,2,2,1,2,2,2,2,2,3,2,3,2,3,3,3,2,-0.00182513092565927
4,3,2,2,2,2,2,2,3,2,2,2,2,2,3,2,3,2,3,3,3,2,-0.0225492327044782
4,3,2,2,2,2,2,2,2,1,2,2,2,2,3,2,3,2,3,3,3,2,-0.00248672745155596
4,3,2,2,2,2,2,2,2,3,2,2,2,2,3,2,3,2,3,3,3,2,-0.000723721909068258
4,3,2,2,2,2,2,2,2,2,1,2,2,2,3,2,3,2,3,3,3,2,-0.000703312752454622
4,3,2,2,2,2,2,2,2,2,3,2,2,2,3,2,3,2,3,3,3,2,0.0378446104608623
4,3,2,2,2,2,2,2,2,2,2,1,2,2,3,2,3,2,3,3,3,2,0.00419578486090655
4,3,2,2,2,2,2,2,2,2,2,3,2,2,3,2,3,2,3,3,3,2,0.00778801669091397
4,3,2,2,2,2,2,2,2,2,2,2,1,2,3,2,3,2,3,3,3,2,4.65205485249728e-05
4,3,2,2,2,2,2,2,2,2,2,2,3,2,3,2,3,2,3,3,3,2,0.00424500163877591
4,3,2,2,2,2,2,2,2,2,2,2,2,1,3,2,3,2,3,3,3,2,0.000900693128328818
4,3,2,2,2,2,2,2,2,2,2,2,2,3,3,2,3,2,3,3,3,2,-0.00533283595744711
4,3,2,2,2,2,2,2,2,2,2,2,2,2,4,2,3,2,3,3,3,2,-0.00527112269600104
4,3,2,2,2,2,2,2,2,2,2,2,2,2,3,1,3,2,3,3,3,2,0.00517317238894178
4,3,2,2,2,2,2,2,2,2,2,2,2,2,3,3,3,2,3,3,3,2,-0.0299066618647139
4,3,2,2,2,2,2,2,2,2,2,2,2,2,3,2,2,2,3,3,3,2,0.0209397042806968
4,3,2,2,2,2,2,2,2,2,2,2,2,2,3,2,4,2,3,3,3,2,0.0203333514187215
4,3,2,2,2,2,2,2,2,2,2,2,2,2,3,2,3,1,3,3,3,2,-0.0150028551414906
4,3,2,2,2,2,2,2,2,2,2,2,2,2,3,2,3,3,3,3,3,2,-0.00103621716091454
4,3,2,2,2,2,2,2,2,2,2,2,2,2,3,2,3,2,2,3,3,2,0.0378453215280016
4,3,2,2,2,2,2,2,2,2,2,2,2,2,3,2,3,2,4,3,3,2,0.00621271111270741
4,3,2,2,2,2,2,2,2,2,2,2,2,2,3,2,3,2,3,2,3,2,-0.0128589532666247
4,3,2,2,2,2,2,2,2,2,2,2,2,2,3,2,3,2,3,4,3,2,-0.00488445759361259
4,3,2,2,2,2,2,2,2,2,2,2,2,2,3,2,3,2,3,3,2,2,0.00416711636064256
4,3,2,2,2,2,2,2,2,2,2,2,2,2,3,2,3,2,3,3,4,2,0.00421606656907235
4,3,2,2,2,2,2,2,2,2,2,2,2,2,3,2,3,2,3,3,3,1,-0.00266352991980743
4,3,2,2,2,2,2,2,2,2,2,2,2,2,3,2,3,2,3,3,3,3,-5.83402623551899e-05
2,3,3,2,2,4,2,2,2,2,2,2,2,2,2,2,3,2,2,2,3,2,0.0713537038401422
3,2,3,2,2,4,2,2,2,2,2,2,2,2,2,2,3,2,2,2,3,2,0.0265182380767789
3,4,3,2,2,4,2,2,2,2,2,2,2,2,2,2,3,2,2,2,3,2,0.000324862148301799
3,3,4,2,2,4,2,2,2,2,2,2,2,2,2,2,3,2,2,2,3,2,-0.000358769166806159
3,3,3,1,2,4,2,2,2,2,2,2,2,2,2,2,3,2,2,2,3,2,-0.00900835071433724
3,3,3,3,2,4,2,2,2,2,2,2,2,2,2,2,3,2,2,2,3,2,-0.00457052908456833
3,3,3,2,1,4,2,2,2,2,2,2,2,2,2,2,3,2,2,2,3,2,-0.00696440324500307
3,3,3,2,3,4,2,2,2,2,2,2,2,2,2,2,3,2,2,2,3,2,-0.0151053758725451
3,3,3,2,2,3,2,2,2,2,2,2,2,2,2,2,3,2,2,2,3,2,0.000360338432239812
3,3,3,2,2,5,2,2,2,2,2,2,2,2,2,2,3,2,2,2,3,2,-0.00819846954876183
3,3,3,2,2,4,1,2,2,2,2,2,2,2,2,2,3,2,2,2,3,2,-0.00331141347506272
3,3,3,2,2,4,3,2,2,2,2,2,2,2,2,2,3,2,2,2,3,2,0.0498979698773873
3,3,3,2,2,4,2,1,2,2,2,2,2,2,2,2,3,2,2,2,3,2,-0.0139927700571997
3,3,3,2,2,4,2,3,2,2,2,2,2,2,2,2,3,2,2,2,3,2,0.0371091831695353
3,3,3,2,2,4,2,2,1,2,2,2,2,2,2,2,3,2,2,2,3,2,-0.00580849749743268
3,3,3,2,2,4,2,2,3,2,2,2,2,2,2,2,3,2,2,2,3,2,-0.00513403892684749
3,3,3,2,2,4,2,2,2,1,2,2,2,2,2,2,3,2,2,2,3,2,-0.00424440598347963
3,3,3,2,2,4,2,2,2,3,2,2,2,2,2,2,3,2,2,2,3,2,-0.00440478475652173
3,3,3,2,2,4,2,2,2,2,1,2,2,2,2,2,3,2,2,2,3,2,-0.00440166374758005
3,3,3,2,2,4,2,2,2,2,3,2,2,2,2,2,3,2,2,2,3,2,-0.00433723491559971
3,3,3,2,2,4,2,2,2,2,2,1,2,2,2,2,3,2,2,2,3,2,-0.00682928966924655
3,3,3,2,2,4,2,2,2,2,2,3,2,2,2,2,3,2,2,2,3,2,-0.0173244183320673
3,3,3,2,2,4,2,2,2,2,2,2,1,2,2,2,3,2,2,2,3,2,-0.0137363119124185
3,3,3,2,2,4,2,2,2,2,2,2,2,1,2,2,3,2,2,2,3,2,-0.00705302455970371
3,3,3,2,2,4,2,2,2,2,2,2,2,3,2,2,3,2,2,2,3,2,0.0178475199136672
3,3,3,2,2,4,2,2,2,2,2,2,2,2,1,2,3,2,2,2,3,2,-0.0129165156092277
3,3,3,2,2,4,2,2,2,2,2,2,2,2,3,2,3,2,2,2,3,2,-0.00348569509699762
3,3,3,2,2,4,2,2,2,2,2,2,2,2,2,1,3,2,2,2,3,2,0.00302675509803472
3,3,3,2,2,4,2,2,2,2,2,2,2,2,2,3,3,2,2,2,3,2,0.044708275102909
3,3,3,2,2,4,2,2,2,2,2,2,2,2,2,2,2,2,2,2,3,2,-0.00550043164803798
3,3,3,2,2,4,2,2,2,2,2,2,2,2,2,2,4,2,2,2,3,2,-0.00468929375333428
3,3,3,2,2,4,2,2,2,2,2,2,2,2,2,2,3,1,2,2,3,2,0.0230623839956332
3,3,3,2,2,4,2,2,2,2,2,2,2,2,2,2,3,3,2,2,3,2,-0.0073275724863484
3,3,3,2,2,4,2,2,2,2,2,2,2,2,2,2,3,2,1,2,3,2,0.030004380115181
3,3,3,2,2,4,2,2,2,2,2,2,2,2,2,2,3,2,3,2,3,2,0.00220764816580533
3,3,3,2,2,4,2,2,2,2,2,2,2,2,2,2,3,2,2,1,3,2,-6.41676742981886e-05
3,3,3,2,2,4,2,2,2,2,2,2,2,2,2,2,3,2,2,3,3,2,0.0360219857643397
3,3,3,2,2,4,2,2,2,2,2,2,2,2,2,2,3,2,2,2,2,2,-0.0115967403381904
3,3,3,2,2,4,2,2,2,2,2,2,2,2,2,2,3,2,2,2,4,2,-0.0135865735552456
3,3,3,2,2,4,2,2,2,2,2,2,2,2,2,2,3,2,2,2,3,1,-0.00391006305044374
3,3,3,2,2,4,2,2,2,2,2,2,2,2,2,2,3,2,2,2,3,3,-0.0104152258689448
2,3,2,2,2,3,2,2,2,2,2,2,2,2,2,3,3,2,3,3,3,2,0.0258853081981838
3,2,2,2,2,3,2,2,2,2,2,2,2,2,2,3,3,2,3,3,3,2,-0.0132584234896807
3,4,2,2,2,3,2,2,2,2,2,2,2,2,2,3,3,2,3,3,3,2,-0.00358254645575029
3,3,1,2,2,3,2,2,2,2,2,2,2,2,2,3,3,2,3,3,3,2,-0.00133602070307793
3,3,3,2,2,3,2,2,2,2,2,2,2,2,2,3,3,2,3,3,3,2,-0.0215366356387387
3,3,2,1,2,3,2,2,2,2,2,2,2,2,2,3,3,2,3,3,3,2,-0.00621746937700236
3,3,2,3,2,3,2,2,2,2,2,2,2,2,2,3,3,2,3,3,3,2,-0.0131974396080207
3,3,2,2,1,3,2,2,2,2,2,2,2,2,2,3,3,2,3,3,3,2,-0.00407325050283551
3,3,2,2,3,3,2,2,2,2,2,2,2,2,2,3,3,2,3,3,3,2,-0.0102306398163822
3,3,2,2,2,2,2,2,2,2,2,2,2,2,2,3,3,2,3,3,3,2,-0.00784419803813158
3,3,2,2,2,4,2,2,2,2,2,2,2,2,2,3,3,2,3,3,3,2,-0.0280136190902854
3,3,2,2,2,3,1,2,2,2,2,2,2,2,2,3,3,2,3,3,3,2,-0.00721463737951917
3,3,2,2,2,3,3,2,2,2,2,2,2,2,2,3,3,2,3,3,3,2,0.0363439156168203
3,3,2,2,2,3,2,1,2,2,2,2,2,2,2,3,3,2,3,3,3,2,0.0160145294811191
3,3,2,2,2,3,2,2,1,2,2,2,2,2,2,3,3,2,3,3,3,2,0.0138802637201264
3,3,2,2,2,3,2,2,2,1,2,2,2,2,2,3,3,2,3,3,3,2,-0.00283674205067832
3,3,2,2,2,3,2,2,2,3,2,2,2,2,2,3,3,2,3,3,3,2,-0.0034915210503799
3,3,2,2,2,3,2,2,2,2,1,2,2,2,2,3,3,2,3,3,3,2,-0.00399851290212426
3,3,2,2,2,3,2,2,2,2,2,1,2,2,2,3,3,2,3,3,3,2,-0.00342981851228194
3,3,2,2,2,3,2,2,2,2,2,3,2,2,2,3,3,2,3,3,3,2,-0.0212760443990048
3,3,2,2,2,3,2,2,2,2,2,2,1,2,2,3,3,2,3,3,3,2,-0.00357806214330212
3,3,2,2,2,3,2,2,2,2,2,2,3,2,2,3,3,2,3,3,3,2,-0.0108352140870648
3,3,2,2,2,3,2,2,2,2,2,2,2,1,2,3,3,2,3,3,3,2,-0.00198732261275056
3,3,2,2,2,3,2,2,2,2,2,2,2,3,2,3,3,2,3,3,3,2,-0.00928347279755979
3,3,2,2,2,3,2,2,2,2,2,2,2,2,1,3,3,2,3,3,3,2,-0.0160106553436433
3,3,2,2,2,3,2,2,2,2,2,2,2,2,3,3,3,2,3,3,3,2,0.00351202547312406
3,3,2,2,2,3,2,2,2,2,2,2,2,2,2,4,3,2,3,3,3,2,-0.00630678803683881
3,3,2,2,2,3,2,2,2,2,2,2,2,2,2,3,2,2,3,3,3,2,0.000815463258204262
3,3,2,2,2,3,2,2,2,2,2,2,2,2,2,3,4,2,3,3,3,2,0.0203322774422885
3,3,2,2,2,3,2,2,2,2,2,2,2,2,2,3,3,1,3,3,3,2,0.0288177870780289
3,3,2,2,2,3,2,2,2,2,2,2,2,2,2,3,3,3,3,3,3,2,0.00743393687668167
3,3,2,2,2,3,2,2,2,2,2,2,2,2,2,3,3,2,2,3,3,2,-0.0347549495381497
3,3,2,2,2,3,2,2,2,2,2,2,2,2,2,3,3,2,4,3,3,2,0.000576492474684867
3,3,2,2,2,3,2,2,2,2,2,2,2,2,2,3,3,2,3,2,3,2,0.0362226012368429
3,3,2,2,2,3,2,2,2,2,2,2,2,2,2,3,3,2,3,4,3,2,0.0291688037939075
3,3,2,2,2,3,2,2,2,2,2,2,2,2,2,3,3,2,3,3,2,2,-0.0139082732826436
3,3,2,2,2,3,2,2,2,2,2,2,2,2,2,3,3,2,3,3,4,2,-0.00572924300968296
3,3,2,2,2,3,2,2,2,2,2,2,2,2,2,3,3,2,3,3,3,1,-0.00320914854383598
3,3,2,2,2,3,2,2,2,2,2,2,2,2,2,3,3,2,3,3,3,3,-0.00243063920998337
3,3,2,2,2,2,2,2,2,2,2,2,2,2,2,2,3,2,3,3,3,2,0.0149172473282099
5,3,2,2,2,2,2,2,2,2,2,2,2,2,2,2,3,2,3,3,3,2,-0.00322018034669581
4,2,2,2,2,2,2,2,2,2,2,2,2,2,2,2,3,2,3,3,3,2,-0.00832579411554925
4,4,2,2,2,2,2,2,2,2,2,2,2,2,2,2,3,2,3,3,3,2,0.00161509350004821
4,3,1,2,2,2,2,2,2,2,2,2,2,2,2,2,3,2,3,3,3,2,-0.00815351008018543
4,3,3,2,2,2,2,2,2,2,2,2,2,2,2,2,3,2,3,3,3,2,-0.0145305053286585
4,3,2,1,2,2,2,2,2,2,2,2,2,2,2,2,3,2,3,3,3,2,0.00862043696726969
4,3,2,3,2,2,2,2,2,2,2,2,2,2,2,2,3,2,3,3,3,2,0.0096495734927144
4,3,2,2,1,2,2,2,2,2,2,2,2,2,2,2,3,2,3,3,3,2,-0.00416459963642165
4,3,2,2,3,2,2,2,2,2,2,2,2,2,2,2,3,2,3,3,3,2,-0.0157261016219837
4,3,2,2,2,1,2,2,2,2,2,2,2,2,2,2,3,2,3,3,3,2,-0.00887143605507804
4,3,2,2,2,2,1,2,2,2,2,2,2,2,2,2,3,2,3,3,3,2,-0.00949495244281282
4,3,2,2,2,2,3,2,2,2,2,2,2,2,2,2,3,2,3,3,3,2,-0.00804357088941864
4,3,2,2,2,2,2,1,2,2,2,2,2,2,2,2,3,2,3,3,3,2,-0.00951923217303666
4,3,2,2,2,2,2,2,1,2,2,2,2,2,2,2,3,2,3,3,3,2,0.000803630137832786
4,3,2,2,2,2,2,2,3,2,2,2,2,2,2,2,3,2,3,3,3,2,-0.0584226477286173
4,3,2,2,2,2,2,2,2,1,2,2,2,2,2,2,3,2,3,3,3,2,0.00608388553623386
4,3,2,2,2,2,2,2,2,3,2,2,2,2,2,2,3,2,3,3,3,2,-0.00759590120759715
4,3,2,2,2,2,2,2,2,2,1,2,2,2,2,2,3,2,3,3,3,2,-0.00132285691599843
4,3,2,2,2,2,2,2,2,2,2,1,2,2,2,2,3,2,3,3,3,2,-0.00332267742341705
4,3,2,2,2,2,2,2,2,2,2,3,2,2,2,2,3,2,3,3,3,2,0.00430238129734847
4,3,2,2,2,2,2,2,2,2,2,2,1,2,2,2,3,2,3,3,3,2,-0.00710057720574908
4,3,2,2,2,2,2,2,2,2,2,2,3,2,2,2,3,2,3,3,3,2,0.0120590857909318
4,3,2,2,2,2,2,2,2,2,2,2,2,1,2,2,3,2,3,3,3,2,-0.00305405054185313
4,3,2,2,2,2,2,2,2,2,2,2,2,3,2,2,3,2,3,3,3,2,-0.0194116998391195
4,3,2,2,2,2,2,2,2,2,2,2,2,2,1,2,3,2,3,3,3,2,-0.010655676100245
4,3,2,2,2,2,2,2,2,2,2,2,2,2,2,1,3,2,3,3,3,2,0.00797180562842181
4,3,2,2,2,2,2,2,2,2,2,2,2,2,2,2,2,2,3,3,3,2,-0.00738391835200016
4,3,2,2,2,2,2,2,2,2,2,2,2,2,2,2,4,2,3,3,3,2,-0.00908700951095282
4,3,2,2,2,2,2,2,2,2,2,2,2,2,2,2,3,1,3,3,3,2,-0.0278724199408691
4,3,2,2,2,2,2,2,2,2,2,2,2,2,2,2,3,3,3,3,3,2,-0.00969800504517079
4,3,2,2,2,2,2,2,2,2,2,2,2,2,2,2,3,2,2,3,3,2,-0.0133167465827307
4,3,2,2,2,2,2,2,2,2,2,2,2,2,2,2,3,2,4,3,3,2,-0.00122306957151807
4,3,2,2,2,2,2,2,2,2,2,2,2,2,2,2,3,2,3,2,3,2,-0.00145898305603404
4,3,2,2,2,2,2,2,2,2,2,2,2,2,2,2,3,2,3,4,3,2,-0.00198532016861716
4,3,2,2,2,2,2,2,2,2,2,2,2,2,2,2,3,2,3,3,2,2,-0.00737036295512205
4,3,2,2,2,2,2,2,2,2,2,2,2,2,2,2,3,2,3,3,4,2,-0.00792865376802672
4,3,2,2,2,2,2,2,2,2,2,2,2,2,2,2,3,2,3,3,3,1,-0.00481703261210784
4,3,2,2,2,2,2,2,2,2,2,2,2,2,2,2,3,2,3,3,3,3,-0.00410479819811658
5,3,3,2,2,3,2,2,2,2,2,2,2,2,2,2,3,2,2,2,3,2,0.0302786065920535
4,2,3,2,2,3,2,2,2,2,2,2,2,2,2,2,3,2,2,2,3,2,0.0508640756945529
4,4,3,2,2,3,2,2,2,2,2,2,2,2,2,2,3,2,2,2,3,2,0.00581464410122613
4,3,4,2,2,3,2,2,2,2,2,2,2,2,2,2,3,2,2,2,3,2,-0.00382973145290607
4,3,3,1,2,3,2,2,2,2,2,2,2,2,2,2,3,2,2,2,3,2,-0.00721083196930645
4,3,3,3,2,3,2,2,2,2,2,2,2,2,2,2,3,2,2,2,3,2,-0.00323918461772092
4,3,3,2,1,3,2,2,2,2,2,2,2,2,2,2,3,2,2,2,3,2,0.00129375492398205
4,3,3,2,3,3,2,2,2,2,2,2,2,2,2,2,3,2,2,2,3,2,0.039132017733502
4,3,3,2,2,2,2,2,2,2,2,2,2,2,2,2,3,2,2,2,3,2,0.0114562989100315
4,3,3,2,2,3,1,2,2,2,2,2,2,2,2,2,3,2,2,2,3,2,-0.00657548317327753
4,3,3,2,2,3,3,2,2,2,2,2,2,2,2,2,3,2,2,2,3,2,-0.0115334901980336
4,3,3,2,2,3,2,1,2,2,2,2,2,2,2,2,3,2,2,2,3,2,0.018779492888928
4,3,3,2,2,3,2,3,2,2,2,2,2,2,2,2,3,2,2,2,3,2,0.0358565659223741
4,3,3,2,2,3,2,2,1,2,2,2,2,2,2,2,3,2,2,2,3,2,-0.00198645001147467
4,3,3,2,2,3,2,2,3,2,2,2,2,2,2,2,3,2,2,2,3,2,-0.0178148985531772
4,3,3,2,2,3,2,2,2,1,2,2,2,2,2,2,3,2,2,2,3,2,-0.000536330956664926
4,3,3,2,2,3,2,2,2,3,2,2,2,2,2,2,3,2,2,2,3,2,-0.00103208223584055
4,3,3,2,2,3,2,2,2,2,1,2,2,2,2,2,3,2,2,2,3,2,-0.000591463237209326
4,3,3,2,2,3,2,2,2,2,3,2,2,2,2,2,3,2,2,2,3,2,-0.000536383595763592
4,3,3,2,2,3,2,2,2,2,2,1,2,2,2,2,3,2,2,2,3,2,-0.00160807315508563
4,3,3,2,2,3,2,2,2,2,2,3,2,2,2,2,3,2,2,2,3,2,-0.00126698511420076
4,3,3,2,2,3,2,2,2,2,2,2,1,2,2,2,3,2,2,2,3,2,-0.00974989929954882
4,3,3,2,2,3,2,2,2,2,2,2,2,1,2,2,3,2,2,2,3,2,-0.000808338741844577
4,3,3,2,2,3,2,2,2,2,2,2,2,3,2,2,3,2,2,2,3,2,0.0451897596801488
4,3,3,2,2,3,2,2,2,2,2,2,2,2,1,2,3,2,2,2,3,2,-0.010475470058963
4,3,3,2,2,3,2,2,2,2,2,2,2,2,3,2,3,2,2,2,3,2,0.0183946703944573
4,3,3,2,2,3,2,2,2,2,2,2,2,2,2,1,3,2,2,2,3,2,0.0463238210215464
4,3,3,2,2,3,2,2,2,2,2,2,2,2,2,3,3,2,2,2,3,2,-0.00425430670709891
4,3,3,2,2,3,2,2,2,2,2,2,2,2,2,2,2,2,2,2,3,2,-0.00997607931951228
4,3,3,2,2,3,2,2,2,2,2,2,2,2,2,2,4,2,2,2,3,2,-0.00100518826449689
4,3,3,2,2,3,2,2,2,2,2,2,2,2,2,2,3,1,2,2,3,2,-0.0152727976689456
4,3,3,2,2,3,2,2,2,2,2,2,2,2,2,2,3,3,2,2,3,2,-0.00786548212552612
4,3,3,2,2,3,2,2,2,2,2,2,2,2,2,2,3,2,1,2,3,2,-0.0137809033000977
4,3,3,2,2,3,2,2,2,2,2,2,2,2,2,2,3,2,3,2,3,2,0.0326391141377635
4,3,3,2,2,3,2,2,2,2,2,2,2,2,2,2,3,2,2,1,3,2,-0.00692075460195203
4,3,3,2,2,3,2,2,2,2,2,2,2,2,2,2,3,2,2,3,3,2,0.00667609615404456
4,3,3,2,2,3,2,2,2,2,2,2,2,2,2,2,3,2,2,2,2,2,0.00869535541165707
4,3,3,2,2,3,2,2,2,2,2,2,2,2,2,2,3,2,2,2,4,2,-0.00851023117006164
4,3,3,2,2,3,2,2,2,2,2,2,2,2,2,2,3,2,2,2,3,1,-0.000194380286937925
4,3,3,2,2,3,2,2,2,2,2,2,2,2,2,2,3,2,2,2,3,3,-0.00642252758261192
3,3,2,2,2,3,2,2,2,2,2,2,2,2,3,2,3,2,3,3,3,2,0.0159871195168879
5,3,2,2,2,3,2,2,2,2,2,2,2,2,3,2,3,2,3,3,3,2,-0.00418857787527767
4,2,2,2,2,3,2,2,2,2,2,2,2,2,3,2,3,2,3,3,3,2,-0.00423200652912407
4,4,2,2,2,3,2,2,2,2,2,2,2,2,3,2,3,2,3,3,3,2,-0.00546826295287421
4,3,1,2,2,3,2,2,2,2,2,2,2,2,3,2,3,2,3,3,3,2,0.0387127313659087
4,3,3,2,2,3,2,2,2,2,2,2,2,2,3,2,3,2,3,3,3,2,-0.0151797543772854
4,3,2,1,2,3,2,2,2,2,2,2,2,2,3,2,3,2,3,3,3,2,0.0113817961176253
4,3,2,3,2,3,2,2,2,2,2,2,2,2,3,2,3,2,3,3,3,2,-0.0138860867763403
4,3,2,2,1,3,2,2,2,2,2,2,2,2,3,2,3,2,3,3,3,2,-0.00650261242671695
4,3,2,2,3,3,2,2,2,2,2,2,2,2,3,2,3,2,3,3,3,2,-0.0248475386513437
4,3,2,2,2,4,2,2,2,2,2,2,2,2,3,2,3,2,3,3,3,2,-0.0289342339545611
4,3,2,2,2,3,1,2,2,2,2,2,2,2,3,2,3,2,3,3,3,2,0.00256475628326215
4,3,2,2,2,3,3,2,2,2,2,2,2,2,3,2,3,2,3,3,3,2,0.00671737969705468
4,3,2,2,2,3,2,1,2,2,2,2,2,2,3,2,3,2,3,3,3,2,-0.0183198267536778
4,3,2,2,2,3,2,2,1,2,2,2,2,2,3,2,3,2,3,3,3,2,0.00947336151470056
4,3,2,2,2,3,2,2,3,2,2,2,2,2,3,2,3,2,3,3,3,2,-0.056546426403755
4,3,2,2,2,3,2,2,2,1,2,2,2,2,3,2,3,2,3,3,3,2,-0.00730020893924366
4,3,2,2,2,3,2,2,2,3,2,2,2,2,3,2,3,2,3,3,3,2,-0.0116049076829151
4,3,2,2,2,3,2,2,2,2,1,2,2,2,3,2,3,2,3,3,3,2,-0.0192246295737321
4,3,2,2,2,3,2,2,2,2,2,1,2,2,3,2,3,2,3,3,3,2,-0.0145346980463258
4,3,2,2,2,3,2,2,2,2,2,3,2,2,3,2,3,2,3,3,3,2,-0.0214391944189815
4,3,2,2,2,3,2,2,2,2,2,2,1,2,3,2,3,2,3,3,3,2,-0.0116433498711906
4,3,2,2,2,3,2,2,2,2,2,2,3,2,3,2,3,2,3,3,3,2,0.0158763850999031
4,3,2,2,2,3,2,2,2,2,2,2,2,1,3,2,3,2,3,3,3,2,-0.00304275515231568
4,3,2,2,2,3,2,2,2,2,2,2,2,3,3,2,3,2,3,3,3,2,0.0255565270563845
4,3,2,2,2,3,2,2,2,2,2,2,2,2,4,2,3,2,3,3,3,2,-0.00437098105037393
4,3,2,2,2,3,2,2,2,2,2,2,2,2,3,1,3,2,3,3,3,2,0.000740355893586008
4,3,2,2,2,3,2,2,2,2,2,2,2,2,3,2,2,2,3,3,3,2,-0.0155409614182567
4,3,2,2,2,3,2,2,2,2,2,2,2,2,3,2,4,2,3,3,3,2,-0.0108595986571945
4,3,2,2,2,3,2,2,2,2,2,2,2,2,3,2,3,1,3,3,3,2,0.00198734655253047
4,3,2,2,2,3,2,2,2,2,2,2,2,2,3,2,3,3,3,3,3,2,-0.00928041601391916
4,3,2,2,2,3,2,2,2,2,2,2,2,2,3,2,3,2,2,3,3,2,0.00945701937735716
4,3,2,2,2,3,2,2,2,2,2,2,2,2,3,2,3,2,4,3,3,2,0.0027190473157091
4,3,2,2,2,3,2,2,2,2,2,2,2,2,3,2,3,2,3,2,3,2,0.0249943583884399
4,3,2,2,2,3,2,2,2,2,2,2,2,2,3,2,3,2,3,4,3,2,0.0179322715248457
4,3,2,2,2,3,2,2,2,2,2,2,2,2,3,2,3,2,3,3,2,2,-0.0192155262195344
4,3,2,2,2,3,2,2,2,2,2,2,2,2,3,2,3,2,3,3,4,2,-0.0127787172506397
4,3,2,2,2,3,2,2,2,2,2,2,2,2,3,2,3,2,3,3,3,1,-0.0139317853426432
4,3,2,2,2,3,2,2,2,2,2,2,2,2,3,2,3,2,3,3,3,3,-0.00686553253221928
3,3,2,2,2,3,2,2,3,2,2,2,2,2,2,3,3,1,3,3,3,2,0.0115589965278046
5,3,2,2,2,3,2,2,3,2,2,2,2,2,2,3,3,1,3,3,3,2,0.0158406106943282
4,2,2,2,2,3,2,2,3,2,2,2,2,2,2,3,3,1,3,3,3,2,0.00994524555095844
4,4,2,2,2,3,2,2,3,2,2,2,2,2,2,3,3,1,3,3,3,2,0.0128655053743497
4,3,1,2,2,3,2,2,3,2,2,2,2,2,2,3,3,1,3,3,3,2,0.0355096300381279
4,3,3,2,2,3,2,2,3,2,2,2,2,2,2,3,3,1,3,3,3,2,0.0014304701739805
4,3,2,1,2,3,2,2,3,2,2,2,2,2,2,3,3,1,3,3,3,2,0.00910346563075517
4,3,2,3,2,3,2,2,3,2,2,2,2,2,2,3,3,1,3,3,3,2,0.0294821525996131
4,3,2,2,1,3,2,2,3,2,2,2,2,2,2,3,3,1,3,3,3,2,0.00970062942573306
4,3,2,2,3,3,2,2,3,2,2,2,2,2,2,3,3,1,3,3,3,2,0.000360414066608645
4,3,2,2,2,2,2,2,3,2,2,2,2,2,2,3,3,1,3,3,3,2,0.0195848579302212
4,3,2,2,2,4,2,2,3,2,2,2,2,2,2,3,3,1,3,3,3,2,0.0523361163714739
4,3,2,2,2,3,1,2,3,2,2,2,2,2,2,3,3,1,3,3,3,2,0.00865778472182278
4,3,2,2,2,3,3,2,3,2,2,2,2,2,2,3,3,1,3,3,3,2,0.00632166489994337
4,3,2,2,2,3,2,1,3,2,2,2,2,2,2,3,3,1,3,3,3,2,-0.00049380491485065
4,3,2,2,2,3,2,2,4,2,2,2,2,2,2,3,3,1,3,3,3,2,0.00127006635608927
4,3,2,2,2,3,2,2,3,1,2,2,2,2,2,3,3,1,3,3,3,2,0.0123770457171811
4,3,2,2,2,3,2,2,3,3,2,2,2,2,2,3,3,1,3,3,3,2,0.0126517787373839
4,3,2,2,2,3,2,2,3,2,1,2,2,2,2,3,3,1,3,3,3,2,0.0127657400800802
4,3,2,2,2,3,2,2,3,2,2,1,2,2,2,3,3,1,3,3,3,2,0.0134062796764384
4,3,2,2,2,3,2,2,3,2,2,3,2,2,2,3,3,1,3,3,3,2,-0.00962394141558125
4,3,2,2,2,3,2,2,3,2,2,2,1,2,2,3,3,1,3,3,3,2,0.0123342671280513
4,3,2,2,2,3,2,2,3,2,2,2,3,2,2,3,3,1,3,3,3,2,0.011970436389838
4,3,2,2,2,3,2,2,3,2,2,2,2,1,2,3,3,1,3,3,3,2,0.0129001953447036
4,3,2,2,2,3,2,2,3,2,2,2,2,3,2,3,3,1,3,3,3,2,0.0119586089459061
4,3,2,2,2,3,2,2,3,2,2,2,2,2,1,3,3,1,3,3,3,2,0.002809161302025
4,3,2,2,2,3,2,2,3,2,2,2,2,2,3,3,3,1,3,3,3,2,0.0153053699091589
4,3,2,2,2,3,2,2,3,2,2,2,2,2,2,2,3,1,3,3,3,2,0.0397007079384493
4,3,2,2,2,3,2,2,3,2,2,2,2,2,2,4,3,1,3,3,3,2,0.0139771832292427
4,3,2,2,2,3,2,2,3,2,2,2,2,2,2,3,2,1,3,3,3,2,0.0359388543156916
4,3,2,2,2,3,2,2,3,2,2,2,2,2,2,3,4,1,3,3,3,2,0.0127759318415083
4,3,2,2,2,3,2,2,3,2,2,2,2,2,2,3,3,0,3,3,3,2,0.00961940020332913
4,3,2,2,2,3,2,2,3,2,2,2,2,2,2,3,3,1,2,3,3,2,0.0171445527393702
4,3,2,2,2,3,2,2,3,2,2,2,2,2,2,3,3,1,4,3,3,2,0.0383543399417683
4,3,2,2,2,3,2,2,3,2,2,2,2,2,2,3,3,1,3,2,3,2,0.0131042410180628
4,3,2,2,2,3,2,2,3,2,2,2,2,2,2,3,3,1,3,4,3,2,0.0209807508770963
4,3,2,2,2,3,2,2,3,2,2,2,2,2,2,3,3,1,3,3,2,2,0.00359502173286249
4,3,2,2,2,3,2,2,3,2,2,2,2,2,2,3,3,1,3,3,4,2,0.00881351082628147
4,3,2,2,2,3,2,2,3,2,2,2,2,2,2,3,3,1,3,3,3,1,0.0131558979200055
4,3,2,2,2,3,2,2,3,2,2,2,2,2,2,3,3,1,3,3,3,3,0.0130499063774709
3,3,2,2,2,3,2,3,2,2,3,2,4,2,3,3,3,2,3,3,3,2,-0.0107528283919329
5,3,2,2,2,3,2,3,2,2,3,2,4,2,3,3,3,2,3,3,3,2,-0.0110997344070833
4,2,2,2,2,3,2,3,2,2,3,2,4,2,3,3,3,2,3,3,3,2,-0.00910507971689573
4,4,2,2,2,3,2,3,2,2,3,2,4,2,3,3,3,2,3,3,3,2,-0.0107265983854373
4,3,1,2,2,3,2,3,2,2,3,2,4,2,3,3,3,2,3,3,3,2,-0.00241544026310975
4,3,3,2,2,3,2,3,2,2,3,2,4,2,3,3,3,2,3,3,3,2,0.0478113684886916
4,3,2,1,2,3,2,3,2,2,3,2,4,2,3,3,3,2,3,3,3,2,-0.0106534537941622
4,3,2,3,2,3,2,3,2,2,3,2,4,2,3,3,3,2,3,3,3,2,0.00314033532917482
4,3,2,2,1,3,2,3,2,2,3,2,4,2,3,3,3,2,3,3,3,2,-0.00724905978057547
4,3,2,2,3,3,2,3,2,2,3,2,4,2,3,3,3,2,3,3,3,2,-0.0122872631871568
4,3,2,2,2,2,2,3,2,2,3,2,4,2,3,3,3,2,3,3,3,2,-0.00717676408780115
4,3,2,2,2,4,2,3,2,2,3,2,4,2,3,3,3,2,3,3,3,2,-0.0172961653066314
4,3,2,2,2,3,1,3,2,2,3,2,4,2,3,3,3,2,3,3,3,2,-0.0139224341676755
4,3,2,2,2,3,3,3,2,2,3,2,4,2,3,3,3,2,3,3,3,2,0.00375267694943009
4,3,2,2,2,3,2,2,2,2,3,2,4,2,3,3,3,2,3,3,3,2,-0.0114390814000556
4,3,2,2,2,3,2,4,2,2,3,2,4,2,3,3,3,2,3,3,3,2,-0.000899445608729738
4,3,2,2,2,3,2,3,1,2,3,2,4,2,3,3,3,2,3,3,3,2,-0.00518906634059207
4,3,2,2,2,3,2,3,3,2,3,2,4,2,3,3,3,2,3,3,3,2,-0.0331498638148893
4,3,2,2,2,3,2,3,2,1,3,2,4,2,3,3,3,2,3,3,3,2,-0.0118937376177182
4,3,2,2,2,3,2,3,2,3,3,2,4,2,3,3,3,2,3,3,3,2,-0.0117487831298755
4,3,2,2,2,3,2,3,2,2,2,2,4,2,3,3,3,2,3,3,3,2,0.0347665126200238
4,3,2,2,2,3,2,3,2,2,4,2,4,2,3,3,3,2,3,3,3,2,-0.00289494060462828
4,3,2,2,2,3,2,3,2,2,3,1,4,2,3,3,3,2,3,3,3,2,-0.0163115027529813
4,3,2,2,2,3,2,3,2,2,3,3,4,2,3,3,3,2,3,3,3,2,-0.00728850288322441
4,3,2,2,2,3,2,3,2,2,3,2,3,2,3,3,3,2,3,3,3,2,0.022205653957745
4,3,2,2,2,3,2,3,2,2,3,2,5,2,3,3,3,2,3,3,3,2,-5.54690676511592e-05
4,3,2,2,2,3,2,3,2,2,3,2,4,1,3,3,3,2,3,3,3,2,-0.0116156716457145
4,3,2,2,2,3,2,3,2,2,3,2,4,3,3,3,3,2,3,3,3,2,-0.0133493014294814
4,3,2,2,2,3,2,3,2,2,3,2,4,2,2,3,3,2,3,3,3,2,-0.0253130270191131
4,3,2,2,2,3,2,3,2,2,3,2,4,2,4,3,3,2,3,3,3,2,0.00181791619527736
4,3,2,2,2,3,2,3,2,2,3,2,4,2,3,2,3,2,3,3,3,2,-0.0092941791136503
4,3,2,2,2,3,2,3,2,2,3,2,4,2,3,4,3,2,3,3,3,2,-0.0138353211746241
4,3,2,2,2,3,2,3,2,2,3,2,4,2,3,3,2,2,3,3,3,2,-0.0130431125559099
4,3,2,2,2,3,2,3,2,2,3,2,4,2,3,3,4,2,3,3,3,2,-0.0120394015614151
4,3,2,2,2,3,2,3,2,2,3,2,4,2,3,3,3,1,3,3,3,2,-0.0187035784306185
4,3,2,2,2,3,2,3,2,2,3,2,4,2,3,3,3,3,3,3,3,2,-0.00871714626546035
4,3,2,2,2,3,2,3,2,2,3,2,4,2,3,3,3,2,2,3,3,2,-0.019971745739898
4,3,2,2,2,3,2,3,2,2,3,2,4,2,3,3,3,2,4,3,3,2,-0.00958032061819823
4,3,2,2,2,3,2,3,2,2,3,2,4,2,3,3,3,2,3,2,3,2,-0.011274766201548
4,3,2,2,2,3,2,3,2,2,3,2,4,2,3,3,3,2,3,4,3,2,0.00845364654777222
4,3,2,2,2,3,2,3,2,2,3,2,4,2,3,3,3,2,3,3,2,2,-0.00960279582519328
4,3,2,2,2,3,2,3,2,2,3,2,4,2,3,3,3,2,3,3,4,2,-0.0118931417863349
4,3,2,2,2,3,2,3,2,2,3,2,4,2,3,3,3,2,3,3,3,1,-0.0123712483580136
4,3,2,2,2,3,2,3,2,2,3,2,4,2,3,3,3,2,3,3,3,3,-0.0118035851888165
3,3,2,2,2,3,2,2,3,2,3,2,2,2,2,3,3,3,3,3,3,2,-0.0061915587987381
5,3,2,2,2,3,2,2,3,2,3,2,2,2,2,3,3,3,3,3,3,2,-0.00206209278496056
4,2,2,2,2,3,2,2,3,2,3,2,2,2,2,3,3,3,3,3,3,2,-0.00590084914079513
4,4,2,2,2,3,2,2,3,2,3,2,2,2,2,3,3,3,3,3,3,2,0.00159565749852018
4,3,1,2,2,3,2,2,3,2,3,2,2,2,2,3,3,3,3,3,3,2,0.00745955332823458
4,3,3,2,2,3,2,2,3,2,3,2,2,2,2,3,3,3,3,3,3,2,-0.0111006906960949
4,3,2,1,2,3,2,2,3,2,3,2,2,2,2,3,3,3,3,3,3,2,0.0407916182663414
4,3,2,3,2,3,2,2,3,2,3,2,2,2,2,3,3,3,3,3,3,2,-0.00518496873374974
4,3,2,2,1,3,2,2,3,2,3,2,2,2,2,3,3,3,3,3,3,2,-0.000621772052996089
4,3,2,2,3,3,2,2,3,2,3,2,2,2,2,3,3,3,3,3,3,2,-0.00357114367494249
4,3,2,2,2,2,2,2,3,2,3,2,2,2,2,3,3,3,3,3,3,2,0.00317538608338795
4,3,2,2,2,4,2,2,3,2,3,2,2,2,2,3,3,3,3,3,3,2,0.0207670008047126
4,3,2,2,2,3,1,2,3,2,3,2,2,2,2,3,3,3,3,3,3,2,0.00308594823714732
4,3,2,2,2,3,3,2,3,2,3,2,2,2,2,3,3,3,3,3,3,2,-0.0106733078044416
4,3,2,2,2,3,2,1,3,2,3,2,2,2,2,3,3,3,3,3,3,2,-0.00792496311585093
4,3,2,2,2,3,2,2,4,2,3,2,2,2,2,3,3,3,3,3,3,2,-0.0080179606358492
4,3,2,2,2,3,2,2,3,1,3,2,2,2,2,3,3,3,3,3,3,2,0.000195875765452164
4,3,2,2,2,3,2,2,3,3,3,2,2,2,2,3,3,3,3,3,3,2,0.00601836378759609
4,3,2,2,2,3,2,2,3,2,4,2,2,2,2,3,3,3,3,3,3,2,0.00970249130938871
4,3,2,2,2,3,2,2,3,2,3,1,2,2,2,3,3,3,3,3,3,2,-0.00415620591105053
4,3,2,2,2,3,2,2,3,2,3,3,2,2,2,3,3,3,3,3,3,2,-0.00693880022988811
4,3,2,2,2,3,2,2,3,2,3,2,1,2,2,3,3,3,3,3,3,2,0.00408575463388265
4,3,2,2,2,3,2,2,3,2,3,2,3,2,2,3,3,3,3,3,3,2,0.00734394077067363
4,3,2,2,2,3,2,2,3,2,3,2,2,1,2,3,3,3,3,3,3,2,0.00573015795003192
4,3,2,2,2,3,2,2,3,2,3,2,2,3,2,3,3,3,3,3,3,2,0.00126515772871875
4,3,2,2,2,3,2,2,3,2,3,2,2,2,1,3,3,3,3,3,3,2,-0.0103635304122115
4,3,2,2,2,3,2,2,3,2,3,2,2,2,3,3,3,3,3,3,3,2,0.0149368497556509
4,3,2,2,2,3,2,2,3,2,3,2,2,2,2,2,3,3,3,3,3,2,0.0362325078064911
4,3,2,2,2,3,2,2,3,2,3,2,2,2,2,4,3,3,3,3,3,2,-0.00351249643033735
4,3,2,2,2,3,2,2,3,2,3,2,2,2,2,3,2,3,3,3,3,2,0.0005524626106794
4,3,2,2,2,3,2,2,3,2,3,2,2,2,2,3,4,3,3,3,3,2,0.00411523667458116
4,3,2,2,2,3,2,2,3,2,3,2,2,2,2,3,3,4,3,3,3,2,0.00792835205047829
4,3,2,2,2,3,2,2,3,2,3,2,2,2,2,3,3,3,2,3,3,2,0.0338885825492239
4,3,2,2,2,3,2,2,3,2,3,2,2,2,2,3,3,3,4,3,3,2,0.0120359606737728
4,3,2,2,2,3,2,2,3,2,3,2,2,2,2,3,3,3,3,2,3,2,0.00395915406967779
4,3,2,2,2,3,2,2,3,2,3,2,2,2,2,3,3,3,3,4,3,2,-0.011877467985931
4,3,2,2,2,3,2,2,3,2,3,2,2,2,2,3,3,3,3,3,2,2,0.0435445501324658
4,3,2,2,2,3,2,2,3,2,3,2,2,2,2,3,3,3,3,3,4,2,0.0347043997816293
4,3,2,2,2,3,2,2,3,2,3,2,2,2,2,3,3,3,3,3,3,1,0.00437919997220227
4,3,2,2,2,3,2,2,3,2,3,2,2,2,2,3,3,3,3,3,3,3,0.00544063731626802
3,3,2,2,2,3,2,2,2,2,3,2,2,2,3,2,3,2,3,3,3,2,-0.0257799203431911
5,3,2,2,2,3,2,2,2,2,3,2,2,2,3,2,3,2,3,3,3,2,-0.00989354739566956
4,2,2,2,2,3,2,2,2,2,3,2,2,2,3,2,3,2,3,3,3,2,0.0110575549973956
4,4,2,2,2,3,2,2,2,2,3,2,2,2,3,2,3,2,3,3,3,2,-0.00930024457243075
4,3,1,2,2,3,2,2,2,2,3,2,2,2,3,2,3,2,3,3,3,2,-0.0194620372041525
4,3,3,2,2,3,2,2,2,2,3,2,2,2,3,2,3,2,3,3,3,2,-0.0219139353607183
4,3,2,1,2,3,2,2,2,2,3,2,2,2,3,2,3,2,3,3,3,2,0.00516992102433957
4,3,2,3,2,3,2,2,2,2,3,2,2,2,3,2,3,2,3,3,3,2,-0.0231288885586037
4,3,2,2,1,3,2,2,2,2,3,2,2,2,3,2,3,2,3,3,3,2,-0.0119697270584238
4,3,2,2,3,3,2,2,2,2,3,2,2,2,3,2,3,2,3,3,3,2,0.0231993798749664
4,3,2,2,2,4,2,2,2,2,3,2,2,2,3,2,3,2,3,3,3,2,-0.0184594817760886
4,3,2,2,2,3,1,2,2,2,3,2,2,2,3,2,3,2,3,3,3,2,-0.00473482754288626
4,3,2,2,2,3,3,2,2,2,3,2,2,2,3,2,3,2,3,3,3,2,-0.0172646757888646
4,3,2,2,2,3,2,1,2,2,3,2,2,2,3,2,3,2,3,3,3,2,0.0210692654744536
4,3,2,2,2,3,2,3,2,2,3,2,2,2,3,2,3,2,3,3,3,2,-0.0325210511471331
4,3,2,2,2,3,2,2,1,2,3,2,2,2,3,2,3,2,3,3,3,2,0.00925767106907921
4,3,2,2,2,3,2,2,3,2,3,2,2,2,3,2,3,2,3,3,3,2,-0.0689811380323655
4,3,2,2,2,3,2,2,2,1,3,2,2,2,3,2,3,2,3,3,3,2,-0.0138334475207236
4,3,2,2,2,3,2,2,2,3,3,2,2,2,3,2,3,2,3,3,3,2,-0.0125249452193456
4,3,2,2,2,3,2,2,2,2,4,2,2,2,3,2,3,2,3,3,3,2,-0.0158286132384324
4,3,2,2,2,3,2,2,2,2,3,1,2,2,3,2,3,2,3,3,3,2,0.0217886944206833
4,3,2,2,2,3,2,2,2,2,3,3,2,2,3,2,3,2,3,3,3,2,-0.0206894867652733
4,3,2,2,2,3,2,2,2,2,3,2,1,2,3,2,3,2,3,3,3,2,-0.0120970705372892
4,3,2,2,2,3,2,2,2,2,3,2,3,2,3,2,3,2,3,3,3,2,0.0265973891824887
4,3,2,2,2,3,2,2,2,2,3,2,2,1,3,2,3,2,3,3,3,2,-0.00950755817042086
4,3,2,2,2,3,2,2,2,2,3,2,2,3,3,2,3,2,3,3,3,2,-0.0120498043811549
4,3,2,2,2,3,2,2,2,2,3,2,2,2,4,2,3,2,3,3,3,2,0.0269588111825615
4,3,2,2,2,3,2,2,2,2,3,2,2,2,3,1,3,2,3,3,3,2,-0.000924059507937035
4,3,2,2,2,3,2,2,2,2,3,2,2,2,3,2,2,2,3,3,3,2,0.00412113979023398
4,3,2,2,2,3,2,2,2,2,3,2,2,2,3,2,4,2,3,3,3,2,-0.0116468516519321
4,3,2,2,2,3,2,2,2,2,3,2,2,2,3,2,3,1,3,3,3,2,-0.0313288540835117
4,3,2,2,2,3,2,2,2,2,3,2,2,2,3,2,3,3,3,3,3,2,-0.0207594909032319
4,3,2,2,2,3,2,2,2,2,3,2,2,2,3,2,3,2,2,3,3,2,0.0223273761205942
4,3,2,2,2,3,2,2,2,2,3,2,2,2,3,2,3,2,4,3,3,2,-0.0011258513349194
4,3,2,2,2,3,2,2,2,2,3,2,2,2,3,2,3,2,3,2,3,2,-0.0245612146073291
4,3,2,2,2,3,2,2,2,2,3,2,2,2,3,2,3,2,3,4,3,2,-0.0286845873595326
4,3,2,2,2,3,2,2,2,2,3,2,2,2,3,2,3,2,3,3,2,2,0.0211711787459083
4,3,2,2,2,3,2,2,2,2,3,2,2,2,3,2,3,2,3,3,4,2,0.00749413838325174
4,3,2,2,2,3,2,2,2,2,3,2,2,2,3,2,3,2,3,3,3,1,0.0234001526114159
4,3,2,2,2,3,2,2,2,2,3,2,2,2,3,2,3,2,3,3,3,3,-0.00941943436635802
3,3,2,2,2,2,3,4,2,2,3,3,3,2,3,3,3,3,3,3,3,2,-0.0102063451980689
5,3,2,2,2,2,3,4,2,2,3,3,3,2,3,3,3,3,3,3,3,2,-0.00846070212904577
4,2,2,2,2,2,3,4,2,2,3,3,3,2,3,3,3,3,3,3,3,2,-0.00974150891315568
4,4,2,2,2,2,3,4,2,2,3,3,3,2,3,3,3,3,3,3,3,2,-0.00814258215253102
4,3,1,2,2,2,3,4,2,2,3,3,3,2,3,3,3,3,3,3,3,2,-0.00703933858982706
4,3,3,2,2,2,3,4,2,2,3,3,3,2,3,3,3,3,3,3,3,2,-0.0120213091820498
4,3,2,1,2,2,3,4,2,2,3,3,3,2,3,3,3,3,3,3,3,2,-0.00867943940479618
4,3,2,3,2,2,3,4,2,2,3,3,3,2,3,3,3,3,3,3,3,2,-0.00897816722980081
4,3,2,2,1,2,3,4,2,2,3,3,3,2,3,3,3,3,3,3,3,2,-0.00907168538675309
4,3,2,2,3,2,3,4,2,2,3,3,3,2,3,3,3,3,3,3,3,2,-0.00854336611213636
4,3,2,2,2,1,3,4,2,2,3,3,3,2,3,3,3,3,3,3,3,2,-0.00757946655277962
4,3,2,2,2,3,3,4,2,2,3,3,3,2,3,3,3,3,3,3,3,2,-0.0109063107882036
4,3,2,2,2,2,2,4,2,2,3,3,3,2,3,3,3,3,3,3,3,2,-0.00959553676598011
4,3,2,2,2,2,4,4,2,2,3,3,3,2,3,3,3,3,3,3,3,2,-0.00847895052756825
4,3,2,2,2,2,3,3,2,2,3,3,3,2,3,3,3,3,3,3,3,2,0.00820603323400185
4,3,2,2,2,2,3,5,2,2,3,3,3,2,3,3,3,3,3,3,3,2,-0.00460057028290072
4,3,2,2,2,2,3,4,1,2,3,3,3,2,3,3,3,3,3,3,3,2,-0.00438186965884777
4,3,2,2,2,2,3,4,3,2,3,3,3,2,3,3,3,3,3,3,3,2,-0.0183720460534004
4,3,2,2,2,2,3,4,2,1,3,3,3,2,3,3,3,3,3,3,3,2,-0.00841210101569678
4,3,2,2,2,2,3,4,2,3,3,3,3,2,3,3,3,3,3,3,3,2,-0.0083151403004402
4,3,2,2,2,2,3,4,2,2,2,3,3,2,3,3,3,3,3,3,3,2,-0.00482852369524294
4,3,2,2,2,2,3,4,2,2,4,3,3,2,3,3,3,3,3,3,3,2,-0.00654526442752551
4,3,2,2,2,2,3,4,2,2,3,2,3,2,3,3,3,3,3,3,3,2,-0.00958975346427135
4,3,2,2,2,2,3,4,2,2,3,4,3,2,3,3,3,3,3,3,3,2,0.00503744907815041
4,3,2,2,2,2,3,4,2,2,3,3,2,2,3,3,3,3,3,3,3,2,-0.0202023863009051
4,3,2,2,2,2,3,4,2,2,3,3,4,2,3,3,3,3,3,3,3,2,0.00306124713281602
4,3,2,2,2,2,3,4,2,2,3,3,3,1,3,3,3,3,3,3,3,2,-0.00849108318803225
4,3,2,2,2,2,3,4,2,2,3,3,3,3,3,3,3,3,3,3,3,2,-0.00862077374317153
4,3,2,2,2,2,3,4,2,2,3,3,3,2,2,3,3,3,3,3,3,2,-0.00403024225223149
4,3,2,2,2,2,3,4,2,2,3,3,3,2,4,3,3,3,3,3,3,2,-0.00164964942692591
4,3,2,2,2,2,3,4,2,2,3,3,3,2,3,2,3,3,3,3,3,2,0.00887966485942716
4,3,2,2,2,2,3,4,2,2,3,3,3,2,3,4,3,3,3,3,3,2,-0.00816872172257078
4,3,2,2,2,2,3,4,2,2,3,3,3,2,3,3,2,3,3,3,3,2,-0.00161468556685127
4,3,2,2,2,2,3,4,2,2,3,3,3,2,3,3,4,3,3,3,3,2,-0.00779977334431319
4,3,2,2,2,2,3,4,2,2,3,3,3,2,3,3,3,2,3,3,3,2,-0.00347865380744925
4,3,2,2,2,2,3,4,2,2,3,3,3,2,3,3,3,4,3,3,3,2,-0.00839815747488011
4,3,2,2,2,2,3,4,2,2,3,3,3,2,3,3,3,3,2,3,3,2,-0.00380280746421064
4,3,2,2,2,2,3,4,2,2,3,3,3,2,3,3,3,3,4,3,3,2,-0.00686162726522093
4,3,2,2,2,2,3,4,2,2,3,3,3,2,3,3,3,3,3,2,3,2,-0.00856309141566165
4,3,2,2,2,2,3,4,2,2,3,3,3,2,3,3,3,3,3,4,3,2,-0.0097852448027523
4,3,2,2,2,2,3,4,2,2,3,3,3,2,3,3,3,3,3,3,2,2,-0.0098378769786708
4,3,2,2,2,2,3,4,2,2,3,3,3,2,3,3,3,3,3,3,4,2,-0.00869394412694893
4,3,2,2,2,2,3,4,2,2,3,3,3,2,3,3,3,3,3,3,3,1,-0.00850543218922804
4,3,2,2,2,2,3,4,2,2,3,3,3,2,3,3,3,3,3,3,3,3,-0.00845432397197027
5,3,3,2,2,4,2,2,2,2,2,2,2,2,2,3,3,2,2,2,3,2,0.00488492112018121
4,2,3,2,2,4,2,2,2,2,2,2,2,2,2,3,3,2,2,2,3,2,0.0156015831743539
4,4,3,2,2,4,2,2,2,2,2,2,2,2,2,3,3,2,2,2,3,2,0.00991871052937802
4,3,4,2,2,4,2,2,2,2,2,2,2,2,2,3,3,2,2,2,3,2,0.0104670998740143
4,3,3,1,2,4,2,2,2,2,2,2,2,2,2,3,3,2,2,2,3,2,0.0082195997192885
4,3,3,3,2,4,2,2,2,2,2,2,2,2,2,3,3,2,2,2,3,2,0.00413810676528053
4,3,3,2,1,4,2,2,2,2,2,2,2,2,2,3,3,2,2,2,3,2,0.00180654213205776
4,3,3,2,3,4,2,2,2,2,2,2,2,2,2,3,3,2,2,2,3,2,-0.00652049146613629
4,3,3,2,2,5,2,2,2,2,2,2,2,2,2,3,3,2,2,2,3,2,0.00361746265336296
4,3,3,2,2,4,1,2,2,2,2,2,2,2,2,3,3,2,2,2,3,2,-0.000530030981878627
4,3,3,2,2,4,3,2,2,2,2,2,2,2,2,3,3,2,2,2,3,2,-0.00689156970851677
4,3,3,2,2,4,2,1,2,2,2,2,2,2,2,3,3,2,2,2,3,2,-0.0175093185747548
4,3,3,2,2,4,2,3,2,2,2,2,2,2,2,3,3,2,2,2,3,2,-0.00636561370817317
4,3,3,2,2,4,2,2,1,2,2,2,2,2,2,3,3,2,2,2,3,2,0.00614492451198075
4,3,3,2,2,4,2,2,3,2,2,2,2,2,2,3,3,2,2,2,3,2,-0.014914185076561
4,3,3,2,2,4,2,2,2,1,2,2,2,2,2,3,3,2,2,2,3,2,0.00485763894400297
4,3,3,2,2,4,2,2,2,3,2,2,2,2,2,3,3,2,2,2,3,2,0.00490888895360937
4,3,3,2,2,4,2,2,2,2,1,2,2,2,2,3,3,2,2,2,3,2,0.0055316578463209
4,3,3,2,2,4,2,2,2,2,3,2,2,2,2,3,3,2,2,2,3,2,0.000275991737086226
4,3,3,2,2,4,2,2,2,2,2,1,2,2,2,3,3,2,2,2,3,2,0.00242620754286135
4,3,3,2,2,4,2,2,2,2,2,3,2,2,2,3,3,2,2,2,3,2,-0.0102199199288524
4,3,3,2,2,4,2,2,2,2,2,2,1,2,2,3,3,2,2,2,3,2,-0.00988500452062892
4,3,3,2,2,4,2,2,2,2,2,2,2,1,2,3,3,2,2,2,3,2,-0.00137209668252915
4,3,3,2,2,4,2,2,2,2,2,2,2,3,2,3,3,2,2,2,3,2,-0.0100547032734924
4,3,3,2,2,4,2,2,2,2,2,2,2,2,1,3,3,2,2,2,3,2,0.052328531333853
4,3,3,2,2,4,2,2,2,2,2,2,2,2,3,3,3,2,2,2,3,2,0.0102380271777184
4,3,3,2,2,4,2,2,2,2,2,2,2,2,2,4,3,2,2,2,3,2,0.00746860078860663
4,3,3,2,2,4,2,2,2,2,2,2,2,2,2,3,2,2,2,2,3,2,-0.00605482213157747
4,3,3,2,2,4,2,2,2,2,2,2,2,2,2,3,4,2,2,2,3,2,0.00544792403329701
4,3,3,2,2,4,2,2,2,2,2,2,2,2,2,3,3,1,2,2,3,2,-0.00474361590619751
4,3,3,2,2,4,2,2,2,2,2,2,2,2,2,3,3,3,2,2,3,2,-0.00588919583822193
4,3,3,2,2,4,2,2,2,2,2,2,2,2,2,3,3,2,1,2,3,2,0.00237847221279962
4,3,3,2,2,4,2,2,2,2,2,2,2,2,2,3,3,2,3,2,3,2,0.00592079187306112
4,3,3,2,2,4,2,2,2,2,2,2,2,2,2,3,3,2,2,1,3,2,0.00725146424199122
4,3,3,2,2,4,2,2,2,2,2,2,2,2,2,3,3,2,2,3,3,2,-0.0130200136299649
4,3,3,2,2,4,2,2,2,2,2,2,2,2,2,3,3,2,2,2,2,2,-0.0143313236956854
4,3,3,2,2,4,2,2,2,2,2,2,2,2,2,3,3,2,2,2,4,2,-0.00321055133450278
4,3,3,2,2,4,2,2,2,2,2,2,2,2,2,3,3,2,2,2,3,1,0.00528626893880861
4,3,3,2,2,4,2,2,2,2,2,2,2,2,2,3,3,2,2,2,3,3,-0.00130531480618502
5,3,2,2,2,3,2,2,2,2,2,2,2,2,2,3,3,1,3,3,3,2,-0.00283965662164791
4,2,2,2,2,3,2,2,2,2,2,2,2,2,2,3,3,1,3,3,3,2,-0.0148087520925786
4,4,2,2,2,3,2,2,2,2,2,2,2,2,2,3,3,1,3,3,3,2,-0.00435269124759149
4,3,1,2,2,3,2,2,2,2,2,2,2,2,2,3,3,1,3,3,3,2,-0.0065688445164173
4,3,3,2,2,3,2,2,2,2,2,2,2,2,2,3,3,1,3,3,3,2,0.0346277212077669
4,3,2,1,2,3,2,2,2,2,2,2,2,2,2,3,3,1,3,3,3,2,-0.00822346945401879
4,3,2,3,2,3,2,2,2,2,2,2,2,2,2,3,3,1,3,3,3,2,-0.0155523835728184
4,3,2,2,1,3,2,2,2,2,2,2,2,2,2,3,3,1,3,3,3,2,-0.00355409032131376
4,3,2,2,3,3,2,2,2,2,2,2,2,2,2,3,3,1,3,3,3,2,0.0181940480929845
4,3,2,2,2,2,2,2,2,2,2,2,2,2,2,3,3,1,3,3,3,2,-0.00237991529642679
4,3,2,2,2,4,2,2,2,2,2,2,2,2,2,3,3,1,3,3,3,2,-0.0280183647043057
4,3,2,2,2,3,1,2,2,2,2,2,2,2,2,3,3,1,3,3,3,2,-0.0133776554746428
4,3,2,2,2,3,3,2,2,2,2,2,2,2,2,3,3,1,3,3,3,2,-0.00892673754021672
4,3,2,2,2,3,2,1,2,2,2,2,2,2,2,3,3,1,3,3,3,2,0.00393416560379826
4,3,2,2,2,3,2,2,1,2,2,2,2,2,2,3,3,1,3,3,3,2,0.0307223670751352
4,3,2,2,2,3,2,2,2,1,2,2,2,2,2,3,3,1,3,3,3,2,-0.00452008161520213
4,3,2,2,2,3,2,2,2,3,2,2,2,2,2,3,3,1,3,3,3,2,-0.00701338930314655
4,3,2,2,2,3,2,2,2,2,1,2,2,2,2,3,3,1,3,3,3,2,-0.0169759549951445
4,3,2,2,2,3,2,2,2,2,2,1,2,2,2,3,3,1,3,3,3,2,-0.00130367074356622
4,3,2,2,2,3,2,2,2,2,2,3,2,2,2,3,3,1,3,3,3,2,0.0386448232111957
4,3,2,2,2,3,2,2,2,2,2,2,1,2,2,3,3,1,3,3,3,2,-0.00618191861403312
4,3,2,2,2,3,2,2,2,2,2,2,3,2,2,3,3,1,3,3,3,2,-0.0118947238775192
4,3,2,2,2,3,2,2,2,2,2,2,2,1,2,3,3,1,3,3,3,2,-0.0048325963606171
4,3,2,2,2,3,2,2,2,2,2,2,2,3,2,3,3,1,3,3,3,2,-0.00937662581152859
4,3,2,2,2,3,2,2,2,2,2,2,2,2,1,3,3,1,3,3,3,2,-0.0152192746364666
4,3,2,2,2,3,2,2,2,2,2,2,2,2,3,3,3,1,3,3,3,2,0.00440014533102067
4,3,2,2,2,3,2,2,2,2,2,2,2,2,2,4,3,1,3,3,3,2,-0.00712020168282565
4,3,2,2,2,3,2,2,2,2,2,2,2,2,2,3,2,1,3,3,3,2,-0.00936091266537768
4,3,2,2,2,3,2,2,2,2,2,2,2,2,2,3,4,1,3,3,3,2,-0.00600051216700517
4,3,2,2,2,3,2,2,2,2,2,2,2,2,2,3,3,0,3,3,3,2,-0.0163668116978549
4,3,2,2,2,3,2,2,2,2,2,2,2,2,2,3,3,1,2,3,3,2,-0.0287602713259085
4,3,2,2,2,3,2,2,2,2,2,2,2,2,2,3,3,1,4,3,3,2,-0.00382264155183836
4,3,2,2,2,3,2,2,2,2,2,2,2,2,2,3,3,1,3,2,3,2,-0.0200980486049837
4,3,2,2,2,3,2,2,2,2,2,2,2,2,2,3,3,1,3,4,3,2,-0.0183584363565322
4,3,2,2,2,3,2,2,2,2,2,2,2,2,2,3,3,1,3,3,2,2,-0.0224253876503772
4,3,2,2,2,3,2,2,2,2,2,2,2,2,2,3,3,1,3,3,4,2,-0.00436738700183115
4,3,2,2,2,3,2,2,2,2,2,2,2,2,2,3,3,1,3,3,3,1,-0.00504185975281337
4,3,2,2,2,3,2,2,2,2,2,2,2,2,2,3,3,1,3,3,3,3,-0.00490756245885701
3,3,2,2,2,3,2,2,2,2,3,2,2,2,2,3,3,1,3,3,3,2,-0.0351240140130739
5,3,2,2,2,3,2,2,2,2,3,2,2,2,2,3,3,1,3,3,3,2,-0.00188229413790159
4,2,2,2,2,3,2,2,2,2,3,2,2,2,2,3,3,1,3,3,3,2,-0.0146693365811803
4,4,2,2,2,3,2,2,2,2,3,2,2,2,2,3,3,1,3,3,3,2,-0.00295599662574637
4,3,1,2,2,3,2,2,2,2,3,2,2,2,2,3,3,1,3,3,3,2,-0.00197105372279005
4,3,3,2,2,3,2,2,2,2,3,2,2,2,2,3,3,1,3,3,3,2,-0.0254240771697194
4,3,2,1,2,3,2,2,2,2,3,2,2,2,2,3,3,1,3,3,3,2,-0.00729371262052923
4,3,2,3,2,3,2,2,2,2,3,2,2,2,2,3,3,1,3,3,3,2,-0.0162277826081245
4,3,2,2,1,3,2,2,2,2,3,2,2,2,2,3,3,1,3,3,3,2,-0.0119680238520653
4,3,2,2,3,3,2,2,2,2,3,2,2,2,2,3,3,1,3,3,3,2,0.00404478246034723
4,3,2,2,2,2,2,2,2,2,3,2,2,2,2,3,3,1,3,3,3,2,-0.0142706293300412
4,3,2,2,2,4,2,2,2,2,3,2,2,2,2,3,3,1,3,3,3,2,-0.0159855367835218
4,3,2,2,2,3,1,2,2,2,3,2,2,2,2,3,3,1,3,3,3,2,-0.00564642918071509
4,3,2,2,2,3,3,2,2,2,3,2,2,2,2,3,3,1,3,3,3,2,-0.0172433007447212
4,3,2,2,2,3,2,1,2,2,3,2,2,2,2,3,3,1,3,3,3,2,-0.00446357044317676
4,3,2,2,2,3,2,2,1,2,3,2,2,2,2,3,3,1,3,3,3,2,0.0148142257070541
4,3,2,2,2,3,2,2,2,1,3,2,2,2,2,3,3,1,3,3,3,2,-0.00373977617808991
4,3,2,2,2,3,2,2,2,3,3,2,2,2,2,3,3,1,3,3,3,2,0.00378770067415519
4,3,2,2,2,3,2,2,2,2,4,2,2,2,2,3,3,1,3,3,3,2,0.00167912294921025
4,3,2,2,2,3,2,2,2,2,3,1,2,2,2,3,3,1,3,3,3,2,-0.0059678186877877
4,3,2,2,2,3,2,2,2,2,3,3,2,2,2,3,3,1,3,3,3,2,-0.0266626125301283
4,3,2,2,2,3,2,2,2,2,3,2,1,2,2,3,3,1,3,3,3,2,-0.00342760362539715
4,3,2,2,2,3,2,2,2,2,3,2,3,2,2,3,3,1,3,3,3,2,-0.00790673678898183
4,3,2,2,2,3,2,2,2,2,3,2,2,1,2,3,3,1,3,3,3,2,-0.00347101945103235
4,3,2,2,2,3,2,2,2,2,3,2,2,3,2,3,3,1,3,3,3,2,-0.0124905173088878
4,3,2,2,2,3,2,2,2,2,3,2,2,2,1,3,3,1,3,3,3,2,-0.0157317711444224
4,3,2,2,2,3,2,2,2,2,3,2,2,2,3,3,3,1,3,3,3,2,0.00709103704725827
4,3,2,2,2,3,2,2,2,2,3,2,2,2,2,4,3,1,3,3,3,2,-0.00735595565037883
4,3,2,2,2,3,2,2,2,2,3,2,2,2,2,3,2,1,3,3,3,2,-0.00501466394185542
4,3,2,2,2,3,2,2,2,2,3,2,2,2,2,3,4,1,3,3,3,2,-0.00311748892205799
4,3,2,2,2,3,2,2,2,2,3,2,2,2,2,3,3,0,3,3,3,2,-0.0100228452891913
4,3,2,2,2,3,2,2,2,2,3,2,2,2,2,3,3,1,2,3,3,2,0.0635819577656589
4,3,2,2,2,3,2,2,2,2,3,2,2,2,2,3,3,1,4,3,3,2,0.006335357057573
4,3,2,2,2,3,2,2,2,2,3,2,2,2,2,3,3,1,3,2,3,2,-0.00659210587206527
4,3,2,2,2,3,2,2,2,2,3,2,2,2,2,3,3,1,3,4,3,2,-0.0123583469378321
4,3,2,2,2,3,2,2,2,2,3,2,2,2,2,3,3,1,3,3,2,2,0.0386005797642829
4,3,2,2,2,3,2,2,2,2,3,2,2,2,2,3,3,1,3,3,4,2,0.000149594173624234
4,3,2,2,2,3,2,2,2,2,3,2,2,2,2,3,3,1,3,3,3,1,-0.00592851861649962
4,3,2,2,2,3,2,2,2,2,3,2,2,2,2,3,3,1,3,3,3,3,-0.00371300620832169
0.469340827840456,0.469340827840456,0.469340827840456,0.469340827840456,0.469340827840456,0.469340827840456,0.469340827840456,0.469340827840456,0.469340827840456,0.469340827840456,0.469340827840456,0.469340827840456,0.469340827840456,0.469340827840456,0.469340827840456,0.469340827840456,0.469340827840456,0.469340827840456,0.469340827840456,0.469340827840456,0.469340827840456,0.469340827840456,0.469340827840456
