102461
105037
107662
110419
113163
116034
118916
121922
125068
128162
131351
134693
137941
141390
144891
148488
152237
156110
160044
164130
168273
172562
176868
181360
185810
190497
195242
200174
205099
210379
215627
221279
226934
232658
238632
244602
250674
257093
263597
270246
277100
284056
291274
298776
306404
314252
322132
330190
338541
347335
356173
365331
374704
384372
394009
404004
414257
425025
435936
447158
458691
470334
482275
494481
507253
520287
533812
547415
561616
576016
590919
606214
621786
637817
654392
671377
688724
706474
724753
743696
762875
782860
803349
824273
845601
867630
890347
913474
937260
961691
986537
1012178
1038360
1065338
1093350
1121721
1150942
1180841
1211523
1243268
1275696
1308856
1343252
1378392
1414415
1451652
1489870
1529012
1568817
1609769
1651873
1695036
1739475
1785083
1831696
1879723
1928921
1979480
2031404
20697
21236
21820
22386
22951
23556
24180
24824
25488
26180
26888
27609
28331
29012
29827
30594
31380
32204
33026
33899
34763
35721
36661
37683
38694
39757
40834
41949
43030
44246
45337
46563
47881
49148
50453
51735
53058
54458
55873
57301
58779
60413
62056
63725
65376
67160
68895
70786
72676
74630
76630
78615
80757
82928
85087
87261
89602
91947
94401
96920
99517
102247
105030
107944
110910
113961
116997
120083
123322
126667
130155
133631
137275
140972
144767
148663
152701
156747
160993
165248
169695
174350
179176
183946
188853
193849
199078
204495
210028
215731
221558
227560
233664
239888
246440
253227
260153
267115
274350
281799
289431
297379
305555
313834
322352
331160
340016
349213
358833
368493
378472
388898
399497
410235
421460
433112
445027
457048
469512
482310
495421
509062
522920
537223
551657
566890
582390
598375
614816
631569
648874
666776
685220
704192
723393
743170
763262
784569
806051
827863
850600
873881
897679
922122
947614
973577
1000400
1027579
1055491
1084411
1114569
1145292
1176690
1208915
1242147
1276666
1311882
1347806
1384905
1423132
1462195
1502320
1543566
1586148
1630273
1675165
1721417
1768677
1817812
1867774
1919384
1972404
2026706
20917
21526
22097
22665
23282
23944
24535
25222
25914
26623
27348
28115
28889
29704
30558
31391
32259
33145
34092
35040
36047
37062
38094
39100
40151
41280
42475
43683
44910
46186
47491
48775
50112
51525
52924
54443
55967
57566
59214
60869
62519
64247
66032
67861
69788
71789
73851
75917
78001
80216
82487
84855
87253
89668
92237
94773
97472
100263
103120
106049
108928
111937
115037
118418
121671
125109
128678
132379
136100
139926
143850
147912
152122
156293
160676
165162
169793
174552
179562
184540
189715
195033
200598
206224
212162
218245
224329
230589
236902
243739
250612
257684
264892
272362
280062
287823
295902
304335
312915
321736
330960
340392
349881
359754
369917
380346
391165
402288
413509
425216
437452
449850
462515
475602
489023
503046
517264
531909
547058
562561
578498
594924
611692
629114
646617
664926
683766
702852
722743
743106
763906
785605
807789
830872
854405
878778
903736
929371
955775
982671
1010447
1039177
1068808
1099250
1130419
1162808
1195916
1229618
1264609
1300616
1337701
1375578
1414806
1454915
1496474
1539017
1582483
1627196
1673225
1721170
1770058
1820177
1872005
1925482
1980552
2037325
20925
21509
22109
22727
23347
24071
24761
25492
26241
26996
27813
28569
29385
30229
31069
31996
32963
33894
34838
35841
36816
37915
38963
40077
41210
42363
43492
44745
45941
47281
48612
50037
51493
52936
54466
56023
57682
59314
61023
62687
64442
66275
68199
70127
72133
74171
76342
78528
80764
83079
85482
87955
90404
92969
95610
98429
101330
104290
107294
110241
113399
116654
120001
123489
127011
130645
134485
138312
142257
146348
150634
155046
159438
164014
168795
173746
178771
184000
189288
194844
200518
206427
212366
218574
224854
231419
238244
245149
252347
259692
267139
274880
282940
290998
299547
308159
317137
326394
335919
345624
355556
365959
376786
387734
398891
410373
422274
434534
446999
460078
473299
486905
501050
515473
530318
545734
561658
578017
594782
611977
629999
648111
667017
686617
706503
727108
748308
770062
792333
815621
839361
864041
889202
915439
942068
969179
997334
1026095
1056034
1086897
1118486
1150946
1183885
1218052
1253481
1289980
1327790
1366378
1405772
1447154
1489283
1532553
1577586
1623840
1670804
1719578
1769585
1821084
1874311
1929133
1985971
2043987
21016
21601
22272
22955
23622
24324
25057
25787
26559
27363
28142
28950
29815
30662
31570
32435
33385
34432
35476
36497
37555
38643
39775
41003
42169
43398
44631
45984
47310
48725
50111
51595
53158
54681
56333
57967
59568
61342
63109
64946
66844
68775
70809
72909
75036
77264
79507
81836
84228
86789
89389
92024
94675
97427
100291
103191
106208
109405
112559
115937
119263
122802
126510
130207
134157
138148
142205
146340
150615
155050
159624
164314
169209
174026
179145
184436
189755
195366
201202
206986
213129
219536
225968
232511
239421
246360
253776
261317
269075
277013
285181
293376
302043
311047
320351
329882
339702
349754
360248
370918
381849
392992
404731
416514
428878
441692
454971
468512
482377
496708
511235
526507
542107
558500
575065
592162
609595
627814
646562
665917
685659
705991
727179
748887
770917
793819
817540
841747
866745
892546
919435
946828
975184
1003928
1033570
1064489
1096264
1129078
1162736
1197400
1233137
1270006
1307839
1347042
1387387
1428791
1471588
1515408
1560368
1606937
1655332
1704901
1756097
1808435
1862294
1918389
1975866
2034871
20964
21568
22219
22883
23582
24233
24953
25705
26446
27188
27979
28861
29673
30590
31492
32409
33413
34425
35456
36524
37629
38776
39919
41082
42333
43576
44910
46229
47608
49006
50503
52024
53581
55183
56894
58559
60307
62135
63943
65856
67862
69898
71983
74251
76459
78771
81252
83736
86340
88878
91454
94165
96953
99879
102884
105950
109129
112401
115805
119287
122967
126692
130561
134477
138574
142838
147071
151639
156288
161147
166078
171091
176262
181687
187261
192996
198867
204901
211096
217499
224080
230951
237997
245105
252653
260387
268103
276334
284752
293388
302264
311441
320929
330548
340500
350861
361734
372732
383826
395332
407233
419757
432445
445655
459192
473103
487644
502577
517797
533445
549851
566911
584101
601883
620310
639163
658630
678538
699443
720548
742547
765253
788778
812964
837559
863080
889337
916541
944317
973262
1002643
1033057
1064624
1097270
1130572
1165064
1200920
1237807
1275480
1314570
1354003
1395115
1438015
1482265
1527664
1574632
1622573
1672138
1723242
1776144
1830149
1885981
1943870
2003498
20571
21155
21770
22445
23130
23883
24611
25419
26174
26973
27831
28689
29535
30445
31345
32325
33334
34317
35354
36441
37570
38707
39893
41042
42229
43513
44841
46259
47691
49139
50636
52220
53796
55448
57107
58861
60709
62566
64470
66458
68560
70658
72768
74983
77331
79710
82168
84730
87363
89990
92700
95527
98437
101331
104507
107721
111060
114493
118054
121645
125446
129387
133464
137585
141741
146247
150814
155527
160428
165391
170426
175710
181236
186776
192686
198642
204720
211164
217687
224335
231309
238422
245831
253327
261120
269238
277747
286417
295265
304400
313861
323491
333431
343889
354632
365513
376942
388709
400729
413285
426310
439553
453306
467305
481873
496792
512461
528314
544745
561629
579034
597043
615819
634908
654801
675299
696535
718064
740505
763578
787316
811864
837030
863147
889827
917417
945869
975307
1006287
1037592
1070079
1103445
1137685
1172997
1209713
1247107
1285814
1326343
1367879
1410878
1454995
1500500
1547254
1595179
1645036
1696307
1748841
1803672
1859616
1917407
1977456
2039274
21370
22018
22678
23332
24070
24803
25603
26379
27178
28017
28865
29777
30720
31655
32688
33702
34783
35838
36918
38046
39287
40535
41830
43166
44600
45999
47466
48961
50488
52041
53664
55335
57044
58795
60612
62458
64330
66353
68451
70606
72769
74976
77303
79712
82195
84729
87388
90014
92950
95863
98842
102013
105256
108557
112003
115500
119120
122859
126630
130540
134760
138963
143252
147696
152406
157153
162007
167088
172430
177881
183449
189074
194855
201003
207303
213689
220518
227378
234562
242027
249666
257798
265776
274147
282824
291742
300873
310365
320258
330584
341010
351639
362550
373913
385514
397575
409963
422904
436197
449760
463879
478608
493706
509113
525176
541771
558659
576327
594568
613298
632576
652686
673263
694399
716322
738835
762354
786439
811131
836510
862916
889903
918230
946894
976829
1007821
1039830
1072933
1106818
1141787
1177867
1215042
1253484
1293427
1334204
1376099
1419990
1464723
1511261
1559420
1609087
1660074
1712579
1766919
1822835
1880534
1940251
2001243
20513
21145
21840
22558
23277
24016
24755
25528
26362
27230
28024
28910
29814
30785
31761
32714
33813
34892
36003
37111
38282
39496
40847
42110
43471
44830
46197
47650
49128
50666
52275
53901
55563
57342
59204
61035
62972
64950
67037
69172
71311
73537
75885
78344
80840
83390
86110
88820
91697
94622
97677
100710
103852
107158
110587
114077
117705
121493
125436
129429
133481
137739
142155
146641
151346
156185
161170
166266
171627
177096
182895
188833
194858
201006
207401
213874
220666
227579
234917
242414
250102
258164
266365
274741
283420
292408
301913
311687
321665
331812
342378
353149
364160
375696
387656
399945
412367
425776
439389
453381
468074
483153
498646
514560
530898
548064
565469
583643
602251
621261
640970
661291
682294
704142
726710
749637
773476
798309
823609
849890
876944
905049
933963
963567
994347
1026362
1059297
1093124
1127817
1163539
1200755
1239078
1278791
1319732
1361480
1404854
1449819
1496039
1543795
1593496
1644469
1697086
1751387
1807605
1865898
1925239
1986810
2050145
21106
21788
22474
23187
23931
24695
25479
26242
27108
27935
28853
29753
30698
31704
32726
33733
34818
35958
37160
38364
39604
40872
42171
43514
44951
46372
47830
49401
50939
52519
54202
55910
57752
59632
61564
63495
65458
67535
69639
71912
74219
76589
79069
81659
84252
86966
89717
92590
95636
98692
101840
105119
108434
111905
115482
119198
123105
127040
131077
135145
139456
143930
148550
153368
158287
163397
168616
174164
179629
185412
191237
197406
203737
210236
216896
223977
231197
238543
246072
253943
262170
270357
279109
288082
297319
306847
316740
326889
337301
348098
359344
370824
382711
395011
407796
420931
434337
448237
462586
477265
492469
508179
524648
541405
558743
576561
594984
614166
633832
653909
674824
696450
718737
741657
765258
789642
814775
841044
868241
896207
925176
955112
985760
1017395
1049810
1083558
1118573
1154474
1191439
1230061
1269499
1310225
1352347
1396065
1440590
1486715
1534665
1583975
1634966
1687269
1741363
1796961
1854539
1914158
1975792
2039287
21324
21977
22672
23409
24130
24892
25673
26493
27358
28183
29094
30060
31027
32004
33045
34193
35279
36403
37598
38739
39963
41210
42561
43880
45267
46758
48292
49830
51460
53103
54882
56652
58462
60330
62234
64273
66341
68509
70695
73053
75412
77758
80228
82884
85596
88369
91174
94144
97137
100156
103375
106648
110045
113688
117324
121007
124882
128812
133051
137220
141623
146176
150899
155838
160845
166075
171468
176882
182606
188491
194562
200998
207525
214234
221018
228183
235463
242999
250898
259101
267402
276058
284939
294031
303222
313068
323222
333552
344212
355546
366978
378589
390600
403380
416253
429490
443241
457248
471616
486984
502631
518919
535647
552928
570682
589392
608415
627968
648336
669451
690999
713232
736373
760004
784693
810077
836108
863011
891007
919755
949415
979874
1011327
1044025
1077575
1112358
1148222
1185110
1223194
1262380
1303153
1344718
1388210
1432895
1479225
1527094
1576338
1627223
1679955
1734348
1790214
1847818
1907541
1969039
2032537
21110
21757
22479
23216
23949
24745
25541
26322
27108
27972
28962
29900
30893
31943
32923
34002
35122
36213
37342
38570
39859
41133
42518
43904
45342
46871
48434
49965
51539
53288
55010
56801
58579
60490
62460
64510
66609
68762
71040
73226
75511
77850
80340
83010
85705
88471
91359
94250
97356
100590
103790
107165
110668
114241
117967
121743
125670
129794
134077
138428
142921
147510
152316
157243
162290
167561
172947
178554
184350
190174
196350
202621
209113
215903
222897
230044
237598
245348
253328
261542
270012
278738
287818
297241
306830
316771
326945
337649
348545
359891
371468
383439
395786
408625
421804
435498
449404
463761
478776
494325
510088
526770
543821
561351
579517
598121
617204
637125
657868
679204
701176
724043
747463
771409
796164
821830
848308
875708
903721
933025
963010
993983
1026051
1059462
1093781
1129020
1165659
1203293
1242206
1282181
1323905
1366798
1411163
1456802
1503986
1552824
1602580
1654299
1707822
1763124
1819919
1878750
1939198
2001727
21081
21759
22457
23166
23870
24657
25464
26249
27117
27948
28846
29813
30792
31796
32868
33887
34955
36108
37251
38498
39748
41011
42417
43772
45186
46643
48197
49746
51384
53043
54787
56564
58401
60283
62221
64262
66313
68534
70834
73160
75589
78048
80575
83129
85902
88659
91498
94388
97395
100520
103742
107091
110561
114097
117721
121521
125390
129426
133571
137906
142359
146994
151722
156681
161646
166909
172282
177765
183481
189335
195464
201678
208191
215024
221986
229109
236395
244081
252098
260204
268827
277491
286406
295808
305319
315095
325272
335953
346723
357847
369428
381424
393702
406507
419726
433484
447323
461769
476492
491868
507691
524122
541063
558561
576684
595179
614250
633881
654381
675512
697156
719713
743091
766900
791828
817449
843990
871389
899409
928487
958739
989835
1022001
1055119
1089053
1124058
1160234
1197494
1236119
1275766
1317128
1359830
1403871
1449154
1495885
1544445
1594395
1646012
1699312
1754439
1811365
1869728
1930359
1992623
2057076
21187
21939
22647
23397
24176
24973
25692
26477
27305
28173
29104
30051
31002
32030
33066
34176
35309
36418
37605
38775
40086
41288
42635
44041
45494
46935
48420
49955
51581
53269
54993
56789
58630
60462
62427
64461
66446
68638
70836
73141
75518
77991
80453
83041
85620
88413
91249
94156
97144
100338
103679
107096
110610
114210
118022
121844
125736
129833
134031
138437
142943
147517
152268
157131
162107
167265
172630
178227
184177
190149
196299
202631
209292
216090
223059
230335
237752
245541
253432
261710
270261
279041
288111
297276
306817
316746
326812
337395
348312
359508
371195
383258
395696
408393
421596
435218
449219
463704
478477
494267
510142
526798
543831
561540
579659
598420
617891
637835
658607
679927
701945
724806
748264
772497
797414
823225
849937
877436
905673
935127
965254
996816
1029166
1062447
1096702
1132376
1169238
1206770
1245881
1285926
1327891
1370426
1414510
1460409
1507805
1556769
1607044
1659397
1712951
1768235
1825607
1884425
1945601
2008609
20608
21249
21922
22635
23324
24108
24919
25701
26566
27458
28404
29318
30223
31164
32155
33217
34263
35326
36550
37768
39000
40305
41586
42965
44342
45865
47348
48908
50457
52060
53708
55441
57182
59037
60955
62879
64942
67050
69146
71402
73695
76087
78560
81054
83676
86436
89261
92156
95153
98252
101368
104593
108122
111521
115222
119000
122836
126937
131164
135451
139939
144332
149110
153835
158788
163897
169034
174464
180135
185886
192089
198314
204670
211379
218207
225285
232750
240400
248094
256007
264362
273122
282018
291110
300544
310375
320535
330866
341617
352596
364068
375719
387772
400463
413514
426972
440795
454934
469754
485117
500653
517000
533658
550835
568691
586948
605872
625694
645988
666955
688548
710872
734150
757909
782361
807306
833620
860694
888355
917336
946988
977707
1009466
1042634
1076254
1111421
1147347
1184512
1222819
1262599
1303475
1345763
1389254
1434247
1480621
1528273
1577740
1628409
1681134
1735397
1791588
1850019
1910011
1972107
2035875
20969
21655
22299
23026
23746
24461
25287
26165
27024
27895
28809
29748
30708
31697
32685
33785
34861
35973
37134
38284
39569
40903
42160
43493
44909
46378
47869
49456
51049
52681
54362
56149
57969
59865
61801
63814
65902
68127
70289
72622
75007
77523
80080
82627
85306
88111
90936
93855
97001
100192
103238
106552
109938
113545
117218
120914
124802
128907
133014
137371
141889
146490
151280
156090
161152
166398
171801
177335
183013
188969
195107
201482
207994
214725
221585
228775
236281
243831
251876
260112
268575
277206
286204
295505
305071
314968
325105
335688
346475
357684
369270
381316
393632
406334
419216
432726
446751
461263
476116
491728
507521
524132
541324
559047
577268
596037
615513
635486
655959
677451
699247
721722
745022
769151
793964
819598
846332
873785
902090
931319
961694
992855
1024851
1058178
1092485
1127966
1164651
1202587
1241744
1281862
1323474
1366627
1410706
1456449
1503802
1552250
1602700
1654721
1708339
1763634
1820972
1879856
1941046
2004151
20570
21234
21889
22578
23337
24070
24889
25735
26592
27453
28340
29263
30183
31137
32179
33196
34257
35327
36490
37667
38863
40051
41384
42721
44125
45574
47082
48538
50093
51669
53326
55101
56907
58731
60645
62552
64566
66703
68798
70952
73210
75616
78085
80633
83230
85911
88721
91650
94772
97779
100945
104171
107506
110943
114570
118339
122210
126163
130217
134383
138687
143154
147828
152620
157519
162584
167887
173252
178942
184699
190640
196760
203138
209690
216440
223294
230411
237921
245553
253486
261618
269926
278706
287775
297017
306861
316690
327151
337908
348785
359972
371752
383733
396251
409099
422476
436247
450384
464822
479947
495587
511815
528393
545535
563211
581169
600052
619533
639671
660356
681555
703626
726337
749975
774391
799364
825124
852172
879843
908557
937864
968312
999656
1031798
1065561
1100313
1136033
1172961
1210969
1250202
1291014
1332942
1376618
1421249
1467190
1514744
1564311
1614839
1667279
1721568
1777175
1834903
1894419
1955678
2018895
20974
21702
22416
23181
23942
24697
25489
26302
27127
28028
28941
29874
30839
31866
32867
33918
35039
36216
37422
38640
39900
41226
42574
43942
45335
46797
48319
49935
51536
53205
54973
56762
58624
60568
62544
64546
66534
68701
70954
73187
75618
78004
80508
83109
85715
88664
91527
94479
97636
100741
103914
107258
110757
114331
118031
121851
125718
129880
134059
138454
143088
147788
152452
157376
162400
167507
172876
178414
184177
190226
196502
203175
209736
216483
223492
230838
238459
246149
254081
262092
270566
279332
288412
297690
307383
317215
327309
337864
348731
360163
371851
383727
395985
408655
421800
435451
449502
463969
478960
494410
510497
527084
544214
561869
580024
598910
618245
638313
658889
680401
702415
725187
748800
773081
798268
824338
850881
878545
907307
936703
967224
998814
1031221
1064477
1098813
1134606
1171141
1209212
1247792
1288462
1330235
1373495
1418194
1463754
1511058
1560182
1611127
1663320
1717456
1772733
1829780
1889174
1950527
2014121
20591
21278
21963
22683
23435
24222
25064
25855
26668
27532
28354
29312
30234
31235
32261
33296
34363
35492
36625
37835
39091
40330
41658
43025
44380
45829
47281
48816
50381
52077
53737
55442
57217
59017
60937
63004
65065
67149
69325
71567
73859
76268
78701
81249
83862
86559
89396
92330
95220
98209
101429
104599
108012
111568
115190
118900
122788
126757
130974
135203
139609
144021
148719
153538
158416
163544
168841
174367
180099
186102
192122
198441
204790
211445
218478
225436
232663
240406
248094
256225
264654
273389
282276
291477
300914
310758
320962
331334
342050
353394
365102
376716
389106
401583
414650
428127
442038
456304
471036
486063
501660
517988
534787
552113
570092
588599
607782
627580
647862
668876
690522
712819
735944
759583
784139
809884
836045
863292
891547
920364
950202
981182
1013309
1046222
1080310
1115748
1151933
1189444
1228419
1268074
1309017
1351573
1395227
1440156
1487009
1534954
1584574
1636057
1688866
1743457
1800158
1858685
1918570
1980890
2045057
21202
21886
22577
23318
24068
24875
25656
26504
27344
28190
29068
29988
30945
31955
32968
34056
35122
36269
37478
38703
39963
41270
42622
44056
45545
47009
48513
50036
51711
53414
55131
56960
58797
60652
62690
64732
66856
69046
71296
73664
76127
78575
81204
83761
86494
89364
92220
95251
98290
101416
104623
108105
111587
115294
118994
122910
126852
130898
135139
139604
144265
149035
153917
158914
164226
169588
175063
180641
186582
192647
198781
205315
212148
219036
226345
233775
241439
249152
257246
265497
274179
283117
292354
301784
311526
321774
332215
343058
354261
365774
377582
389970
402766
415698
429407
443418
457956
472873
488040
503996
520593
537626
555134
573226
591760
610857
630850
651418
672621
694201
716665
740129
764058
788820
814382
840857
868114
896346
925407
955248
986214
1018096
1051267
1085477
1120495
1156765
1194619
1233293
1273318
1314841
1357519
1402126
1447478
1494551
1543232
1593600
1644916
1698102
1753238
1810235
1868975
1929183
1991963
2056341
21163
21794
22480
23239
23999
24763
25545
26364
27246
28130
29036
29964
30905
31896
32931
34018
35119
36287
37566
38808
40090
41396
42727
44000
45371
46825
48356
49956
51584
