102677
105352
108130
111101
114021
117138
120207
123414
126638
130004
133451
137011
140599
144380
148271
152171
156312
160446
164744
169165
173753
178389
183108
188001
192976
198034
203230
208710
214380
220000
225839
231835
237943
244259
250735
257422
264196
271204
278488
285937
293754
301452
309535
317836
326331
335218
344182
353454
362912
372807
382772
393108
403689
414645
425915
437477
449432
461824
474213
487034
500156
513764
527660
541763
556523
571574
586937
602983
619260
636074
653286
670772
689115
707941
727141
746630
766668
787325
808922
831026
853723
876997
900739
925028
950204
976156
1002832
1030399
1058561
1087314
1116739
1147400
1178815
1211038
1244432
1278553
1313488
1349187
1386252
1424409
1463217
1503808
1545242
1587485
1630914
1675466
1721740
1768272
1816212
1866219
1917400
1970122
2024365
20812
21386
21947
22568
23173
23809
24485
25177
25892
26620
27342
28100
28851
29643
30484
31317
32217
33115
33990
34952
35954
36916
37967
39038
40075
41158
42238
43419
44616
45801
47083
48430
49798
51138
52604
54053
55557
57052
58631
60221
61965
63701
65492
67408
69141
71115
73149
75198
77231
79379
81620
83920
86232
88581
91056
93653
96185
98853
101573
104408
107413
110543
113621
116759
119929
123363
126749
130246
133775
137463
141339
145346
149390
153554
157894
162275
166870
171422
176100
181138
186335
191633
197063
202681
208421
214288
220262
226412
232880
239573
246371
253428
260559
267994
275433
283284
291343
299646
308087
316589
325583
335025
344620
354483
364517
374978
385466
396324
407491
419133
431080
443321
455920
468873
482167
495982
509918
524556
539325
554680
570303
586591
603141
620482
638154
656323
675153
694474
714368
734841
755603
777122
799032
822105
845658
869885
894769
920393
946586
973636
1001392
1029958
1059402
1089910
1121117
1152910
1185907
1220020
1255003
1291116
1328132
1366079
1405160
1445511
1487079
1529491
1573252
1618227
1664400
1712291
1761646
1812366
1864302
1917966
1973312
2030203
20985
21586
22197
22799
23493
24157
24836
25539
26241
26957
27742
28527
29369
30213
31087
31966
32918
33844
34855
35888
36969
38022
39135
40258
41475
42647
43838
45066
46364
47668
49042
50466
51937
53427
54956
56587
58232
59992
61798
63571
65371
67175
69085
71154
73272
75407
77575
79804
82136
84574
86998
89639
92222
94885
97612
100553
103439
106458
109632
112784
116001
119440
122919
126379
130064
133882
137807
141683
145993
150209
154687
159288
163936
168764
173751
178843
184057
189441
194990
200642
206555
212629
218848
225208
231831
238584
245617
252737
260053
267884
275729
283825
292048
300499
309209
318179
327578
337194
347105
357259
367611
378323
389368
400730
412471
424513
437095
450008
463242
476727
490771
505262
520281
535846
551718
567672
584339
601745
619490
637754
656566
675876
695608
716262
737286
759081
781628
804749
828448
852772
878044
903935
930754
958252
986584
1015904
1046032
1076714
1108736
1141393
1174911
1209480
1245108
1282016
1319992
1359082
1399449
1441072
1483560
1527445
1572774
1619209
1667544
1717198
1768509
1820770
1874942
1930406
1987967
2047113
20894
21461
22089
22731
23418
24078
24813
25560
26343
27119
27881
28708
29579
30452
31387
32297
33296
34319
35293
36330
37363
38495
39598
40809
41985
43239
44505
45816
47199
48674
50183
51706
53244
54869
56508
58204
59951
61738
63505
65434
67359
69332
71446
73631
75905
78227
80522
82971
85388
87935
90580
93238
96166
99081
102116
105165
108370
111573
114962
118466
121983
125752
129542
133399
137312
141411
145715
150161
154684
159359
164175
169138
174076
179278
184658
190087
195966
201897
207987
214273
220886
227500
234348
241558
248834
256407
264011
272006
280125
288700
297468
306480
315763
325434
335136
345385
355899
366745
377846
389322
401075
413041
425398
438686
452083
465849
480101
494768
509770
525011
541103
557527
574395
591830
609898
628443
647522
667431
687652
708798
730458
752552
775491
798966
823109
848465
874179
900843
928697
957141
986399
1016620
1047578
1079664
1112640
1146974
1181824
1218060
1255194
1293533
1333135
1373534
1415734
1459044
1503532
1549633
1597102
1645944
1696142
1748086
1801696
1856900
1913869
1972362
2033068
21129
21759
22431
23102
23779
24524
25312
26060
26867
27711
28524
29405
30325
31302
32251
33260
34299
35375
36499
37654
38801
39988
41199
42470
43853
45271
46678
48109
49605
51105
52692
54269
55965
57636
59408
61276
63091
65156
67143
69182
71343
73549
75805
78124
80557
83043
85638
88316
91029
93782
96731
99659
102740
105882
109172
112455
115878
119367
123020
126867
130853
134848
139074
143385
147823
152552
157177
161938
166895
172100
177516
183040
188618
194440
200425
206747
213079
219668
226576
233517
240807
248331
256031
263963
272147
280618
289306
298185
307537
316957
326694
336949
347578
358362
369636
381397
393292
405744
418486
431364
444867
458741
472996
487752
503183
518802
534795
551520
569039
586789
605244
624159
643661
663771
684709
706085
728083
750766
774189
798272
823601
849428
876320
903941
932211
961350
991465
1022410
1054409
1087471
1121932
1157019
1193536
1230756
1269189
1309196
1350275
1392807
1436477
1481591
1528559
1576558
1626397
1677124
1729730
1784064
1840448
1898319
1957958
2020014
20849
21520
22190
22900
23667
24367
25133
25903
26667
27523
28343
29206
30154
31101
32058
33029
34088
35146
36272
37366
38556
39825
41076
42309
43671
45068
46487
47969
49515
51131
52799
54447
56152
57914
59710
61593
63529
65513
67586
69691
71856
74083
76415
78804
81370
83947
86634
89434
92381
95373
98521
101594
104871
108224
111717
115421
119036
122904
126779
130830
134985
139299
143533
148070
152659
157507
162463
167701
173154
178693
184385
190241
196276
202600
208958
215556
222386
229530
236970
244532
252257
260186
268435
276859
285726
294820
304276
314064
324122
334426
345025
356200
367568
379202
391365
403738
416615
429987
443860
457877
472593
487699
503254
519386
536147
553269
570830
589195
608056
627560
647643
668307
689931
711956
734801
758100
782408
807620
833419
860163
887739
916378
945400
975959
1007426
1039587
1073031
1107252
1142570
1179557
1217397
1256482
1296889
1338867
1381779
1426122
1472143
1519572
1568500
1618708
1670768
1724599
1780163
1837680
1896986
1958336
2021514
21004
21641
22295
22985
23772
24523
25305
26114
26941
27783
28726
29703
30708
31719
32711
33774
34855
35971
37167
38341
39560
40853
42204
43507
44906
46313
47784
49283
50868
52547
54209
56089
57893
59720
61673
63618
65623
67776
69931
72163
74567
76908
79470
82101
84741
87421
90226
93209
96186
99395
102658
106010
109408
112895
116491
120171
124175
128286
132506
136788
141163
145727
150409
155335
160377
165608
170959
176344
182007
187970
193966
200287
206790
213670
220630
227855
235339
242983
250807
259051
267530
276275
285397
294582
304180
314108
324195
334753
345777
357023
368522
380562
392879
405604
418870
432487
446648
461092
476140
491698
507886
524362
541657
559360
577323
596123
615641
635685
656381
677790
700140
722982
746610
770803
796047
822150
849066
876791
905279
934779
965233
996874
1029264
1062521
1097124
1133586
1170413
1208687
1248255
1289291
1331656
1375234
1420191
1466620
1514575
1564203
1615537
1668922
1723941
1780297
1838530
1899055
1961549
2026000
20977
21661
22355
23077
23805
24545
25371
26169
27030
27920
28879
29776
30746
31716
32774
33799
34953
36137
37357
38515
39770
41088
42408
43812
45235
46766
48324
49926
51526
53195
55030
56891
58670
60568
62578
64627
66724
68932
71264
73613
76092
78549
81158
83876
86627
89426
92404
95507
98537
101750
105207
108663
112223
115733
119624
123622
127752
131994
136361
140747
145416
150234
155176
160303
165614
171032
176774
182587
188689
194947
201429
208039
214944
222044
229461
236945
244620
252677
261153
269708
278731
287962
297515
307410
317550
327926
338857
350056
361569
373533
385712
398553
411682
425271
439338
453803
468839
484325
500332
516885
533904
551801
570010
588848
608322
628499
649048
670301
692755
715606
739369
763909
789295
815683
842989
871076
900007
929919
961116
992930
1025620
1059599
1094517
1131174
1168710
1207486
1247449
1288559
1331365
1375672
1421100
1468072
1516893
1566823
1619000
1672565
1728134
1785673
1845099
1906460
1969584
2034855
21070
21730
22478
23228
23944
24702
25493
26374
27206
28061
28931
29871
30853
31886
32999
34118
35249
36441
37625
38956
40233
41532
42889
44346
45798
47351
48900
50492
52116
53862
55628
57495
59385
61383
63438
65622
67866
70185
72570
74925
77451
79975
82638
85523
88424
91480
94519
97651
100921
104267
107746
111347
114971
118702
122738
126775
130933
135152
139727
144356
149301
154241
159338
164628
170277
176066
181850
187959
194191
200686
207379
214317
221495
228953
236569
244418
252581
260819
269507
278419
287747
297343
307233
317587
328205
339229
350615
362287
374579
387087
399874
413011
426880
441050
455904
470942
486764
502933
519884
537237
555170
573603
592891
612597
633121
654243
676160
698834
722290
746408
771197
796990
823620
851048
879574
909205
939603
971011
1003422
1036972
1071538
1107665
1144669
1183335
1223314
1264283
1306748
1350630
1395861
1442724
1491071
1541007
1592614
1645886
1701389
1758737
1817461
1878329
1941281
2006636
20599
21257
21964
22691
23427
24234
24991
25839
26722
27565
28504
29487
30482
31488
32514
33565
34708
35884
37085
38346
39625
40931
42309
43778
45265
46801
48461
50134
51819
53569
55324
57206
59022
60904
62972
65076
67325
69577
71892
74353
76846
79437
82091
84802
87670
90596
93602
96664
100000
103364
106804
110364
114092
117878
121831
125877
130131
134596
139245
143896
148761
153809
159009
164219
169814
175505
181261
187347
193644
200179
206973
213925
221204
228596
236385
244472
252638
261164
269985
278941
288089
297777
307815
318227
328957
339890
351420
363301
375591
388157
401125
414884
428702
442791
457652
473006
488990
505233
522398
539952
557763
576498
595823
615860
636672
658200
680402
703301
726844
751067
776338
802495
829954
857691
886652
916822
947759
979871
1013215
1047005
1082393
1118724
1156363
1195289
1235737
1277436
1320484
1364786
1410434
1457921
1507600
1558421
1610995
1665309
1721335
1779194
1839061
1901259
1965628
2031760
21050
21750
22489
23263
24049
24808
25634
26459
27357
28320
29249
30233
31254
32271
33335
34427
35619
36812
38025
39352
40688
42054
43556
45055
46526
48068
49688
51327
53044
54794
56588
58522
60465
62447
64624
66725
68923
71169
73479
75961
78493
81064
83774
86627
89506
92514
95727
99026
102299
105783
109364
113082
116952
120886
124843
129002
133373
137808
142529
147318
152287
157292
162839
168282
173893
179746
185774
192017
198525
205250
212233
219306
226693
234343
242293
250526
259103
267766
276789
286165
295884
305992
316551
327293
338201
349639
361459
373638
386269
399496
412944
426889
441305
456085
471531
487354
503844
520839
538534
556588
575456
594931
614936
635751
657164
679156
701848
725671
749888
775097
801096
828086
855980
884901
914905
945965
977926
1010883
1045086
1080281
1116644
1154442
1193408
1233648
1275583
1318398
1362967
1408668
1456625
1505837
1556989
1609292
1663664
1720437
1778318
1838101
1900123
1964495
2030945
20805
21521
22216
22973
23765
24625
25428
26303
27191
28106
29065
30034
31060
32143
33286
34437
35595
36779
38073
39326
40618
42021
43467
45013
46487
48067
49736
51425
53152
55001
56815
58733
60673
62722
64839
67072
69386
71639
74100
76615
79264
81885
84699
87598
90588
93663
96908
100233
103581
107044
110487
114302
118057
122027
126102
130475
134969
139445
144194
148961
153935
159085
164504
170195
175996
181915
188107
194451
200924
207740
214736
221886
229578
237220
245380
253538
262139
271019
280241
289596
299496
309801
320061
330841
341994
353542
365480
377987
390919
404036
417814
432113
446792
461799
477395
493739
510445
527439
545180
563542
582335
601982
622487
643444
665168
687702
710634
734879
759669
785230
811709
839328
867623
897013
927364
958677
991022
1024669
1059630
1095662
1132534
1170703
1210296
1251345
1293976
1337598
1383004
1429552
1477906
1528016
1579630
1633153
1688544
1745744
1804793
1865920
1929426
1994952
2062262
21320
22055
22794
23552
24346
25156
26000
26852
27851
28803
29756
30800
31838
32893
34011
35160
36373
37679
38981
40265
41658
43088
44578
46068
47630
49232
50886
52620
54421
56222
58101
60032
62109
64173
66300
68570
70858
73278
75727
78320
80964
83611
86470
89360
92384
95540
98815
102152
105616
109210
112915
116744
120698
124859
129087
133433
138038
142731
147487
152517
157700
163080
168683
174327
180251
186314
192672
199254
206096
212920
220199
227491
235276
243285
251407
259899
268968
278254
287779
297454
307603
318113
328844
340150
351756
363607
376054
388879
401875
415482
429503
444021
459091
474638
490894
507499
524696
542434
560724
579684
599226
619427
640583
662136
684403
707734
731862
756795
781985
808627
835869
864492
893992
924270
955903
988091
1021864
1056898
1092862
1129727
1168289
1207662
1248925
1290985
1334557
1379675
1426246
1474575
1524193
1576027
1629395
1684969
1742118
1800872
1862037
1925102
1989875
2057846
21370
22040
22811
23611
24401
25243
26082
26988
27951
28882
29819
30877
31883
32935
34063
35196
36389
37624
38935
40215
41579
42928
44382
45921
47503
49184
50857
52554
54350
56223
58147
60133
62095
64193
66361
68585
71009
73329
75826
78412
81081
83830
86702
89632
92734
95876
99185
102471
105949
109523
113264
117062
120992
125057
129406
133865
138259
142915
147756
152821
158021
163386
168704
174587
180456
186558
192920
199380
206123
213077
220415
227917
235629
243553
251954
260393
269227
278314
287754
297312
307356
317854
328672
339978
351319
363322
375581
388383
401676
415347
429294
443911
459253
474889
491053
507543
524822
542586
561155
580002
599800
620280
641502
663160
685749
709119
733278
758274
784206
811033
838717
867131
896454
926663
958059
990339
1023908
1058512
1094235
1131175
1169639
1209298
1250337
1292948
1336689
1382153
1429425
1477881
1528035
1579893
1633527
1689040
1746312
1805531
1866499
1929682
1995267
2062462
21381
22111
22837
23570
24328
25129
25972
26892
27842
28818
29841
30862
31887
32966
34062
35199
36330
37546
38840
40141
41466
42892
44305
45839
47427
49102
50741
52491
54333
56164
58122
60120
62179
64164
66294
68534
70791
73212
75726
78195
80946
83687
86517
89389
92360
95624
98957
102318
105796
109342
113058
116930
120904
125061
129299
133645
138199
142907
147726
152845
158083
163443
168978
174662
180574
186817
193053
199497
206310
213267
220445
228117
235874
243824
252045
260644
269434
278591
288031
297694
307854
318341
329275
340423
352018
363872
376377
389045
402359
416041
430219
444883
459786
475237
491214
507967
525422
543081
561423
580486
600031
620240
641288
663237
685904
709111
733142
757845
783677
810249
837846
866361
895724
926222
957640
990200
1023728
1058558
1094484
1131754
1170436
1210003
1251082
1293619
1337746
1382846
1429971
1478613
1528852
1581113
1634867
1689961
1747467
1806424
1867549
1931077
1996729
2063803
21490
22213
23007
23788
24621
25450
26317
27257
28224
29217
30238
31246
32266
33356
34435
35576
36791
38053
39290
40592
42012
43485
44985
46501
48062
49716
51427
53183
54962
56868
58789
60815
62903
65002
67247
69451
71808
74228
76724
79316
82115
84967
87896
90864
93965
97190
100485
103916
107447
111138
114947
118880
122951
127016
131287
135791
140378
145138
150105
155163
160443
165899
171493
177294
183298
189543
196064
202651
209742
216879
224254
231890
239710
247808
256165
264906
273902
283354
292881
302889
313151
323867
334854
346183
358039
370287
382722
395919
409595
423418
437507
452328
467703
483634
499997
516898
534321
552625
571264
590838
610961
631446
653058
675107
697968
721629
746117
771526
797651
824548
852601
881369
911360
942215
974185
1007425
1041534
1076714
1112976
1150811
1190020
1230551
1272481
1315679
1360313
1406158
1454018
1503188
1554319
1607142
1661763
1718431
1776649
1837131
1899561
1964167
2031409
20789
21484
22174
22912
23733
24540
25396
26246
27136
28062
28954
29893
30864
31919
33033
34167
35287
36458
37743
38972
40295
41610
43094
44540
46054
47648
49246
50886
52583
54367
56221
58065
60037
62129
64230
66396
68627
70961
73335
75765
78363
80976
83774
86607
89542
92592
95841
99092
102382
105851
109349
113056
116898
120855
124966
129260
133681
138136
142864
147880
152932
158180
163583
169199
174954
180901
187076
193397
199926
206581
213714
220884
228379
236020
244094
252405
260984
269863
279113
288476
298265
308279
318626
329642
340990
352653
364467
376657
389197
402406
416247
430452
444993
460211
475888
492061
508853
526282
544100
562581
581557
601313
621587
642433
664314
686805
710045
734233
758937
784617
811333
838899
867295
896736
926944
958466
991113
1025249
1060303
1096611
1133611
1172127
1211952
1252622
1295205
1339246
1384879
1431776
1480252
1530664
1582902
1636731
1692441
1749863
1809439
1870789
1933907
1998985
2067409
21320
22012
22767
23528
24286
25109
25939
26837
27690
28682
29677
30712
31741
32817
33943
35048
36317
37496
38759
40035
41389
42783
44220
45694
47221
48821
50485
52219
53970
55872
57731
59666
61672
63763
65881
68232
70471
72847
75342
77861
80439
83084
85791
88727
91769
94845
98092
101464
104953
108534
112215
116131
120098
124203
128462
132760
137257
141855
146580
151567
156769
162148
167740
173433
179275
185307
191586
198062
204860
211736
219034
226495
234045
242038
250275
258945
267574
276739
286104
295912
305855
316206
326999
338161
349510
361300
373555
386250
399181
412936
427133
441762
456515
472231
488408
504830
522004
539823
558150
576946
596478
616801
637683
659391
681972
705075
729006
753667
779288
805817
833234
861546
890925
921026
952002
984529
1018037
1052848
1088618
1125748
1163959
1203447
1244099
1286079
1330072
1375005
1422115
1470424
1520142
1571689
1624820
1679958
1737118
1795896
1856818
1919875
1985017
2052552
21157
21875
22569
23345
24180
24985
25847
26712
27692
28600
29570
30550
31563
32612
33681
34856
36093
37302
38548
39895
41245
42658
44128
45598
47177
48796
50456
52221
53994
55814
57688
59638
61628
63738
65937
68139
70459
72910
75401
77949
80566
83256
86065
89010
92138
95329
98506
101865
105254
108772
112508
116398
120363
124466
128693
133113
137719
142394
147088
152025
157215
162628
168233
173930
179847
185970
192206
198689
205471
212490
219655
227107
234903
242912
251164
259758
268549
277693
287030
296854
306931
317496
328165
339277
351016
362885
375193
387974
401321
414835
428890
443717
458771
474258
490418
506872
524052
541518
559597
578402
598021
618497
639460
660811
683271
706253
730223
755063
780902
807274
834486
862857
892288
922341
953764
986245
1019961
1054950
1090743
1127765
1165697
1205320
1246132
1288463
1332205
1377214
1424210
1472669
1522411
1573923
1627023
1682005
1739027
1797749
1858653
1922181
1987593
2055010
21455
22168
22893
23649
24456
25312
26180
27036
27890
28851
29881
30886
31864
32929
34051
35230
36447
37655
38990
40253
41632
43069
44568
46121
47711
49309
50961
52647
54378
56245
58105
60040
62067
64274
66443
68753
71103
73573
76029
78551
81214
83965
86867
89775
92860
95946
99144
102487
105898
109507
113162
116940
120875
125099
129234
133575
138187
142869
147739
152679
157816
163201
168634
174325
180264
186327
192620
199030
205888
212922
220111
227500
235065
243126
251341
259891
268910
278041
287644
297295
307204
317822
328575
339804
351229
363096
375617
388359
401589
415316
429603
444252
459211
474777
490910
507412
524682
542545
561089
580255
599909
620328
641597
663330
685709
708928
733115
758096
783909
810532
837972
866487
895759
926376
958063
990860
1024412
1059421
1095390
1132075
1170453
1210182
1250945
1293149
1337025
1382408
1429500
1478044
1528268
1580328
1634043
1689441
1747082
1806661
1868371
1931725
1997473
2065358
21257
21990
22765
23529
24304
25141
26027
26920
27869
28826
29771
30793
31786
32830
33940
35107
36244
37432
38731
40077
41437
42911
44355
45975
47541
49143
50807
52582
54309
56189
58163
60083
62180
64297
66425
68700
70917
73318
75877
78405
81116
83747
86561
89565
92616
95734
98946
102315
105733
109281
112985
116816
120864
124979
129279
133756
138254
142982
147813
152864
158041
163297
168846
174477
180344
186395
192625
199216
205989
213033
220283
227660
235428
243559
251880
260312
269286
278531
287802
297622
307797
318379
329030
340037
351648
363458
375894
388687
401672
415342
429609
444181
459349
475147
491068
507969
525089
543034
561709
580752
600423
621030
642015
663966
686511
709698
733936
758649
784709
811378
838818
867122
897018
927479
958875
991769
1025548
1060454
1096424
1133911
1172338
1212159
1253035
1295613
1340065
1385589
1432863
1481546
1531858
1583723
1637652
1693530
1750994
1810500
1872102
1935203
2000830
20573
21272
21974
22764
23517
24289
25072
25977
26839
27711
28661
29649
30702
31724
32789
33893
35038
36166
37388
38555
39839
41213
42580
43975
