102474
104988
107513
110157
112942
115739
118668
121602
124661
127717
130885
134209
137521
140952
144456
148178
151885
155784
159600
163639
167702
171994
176372
180883
185598
190218
194944
199868
204920
210059
215189
220533
226056
231784
237666
243694
249827
256207
262805
269565
276420
283482
290846
298165
305808
313642
321667
329796
338383
347155
355937
365068
374346
383856
393689
403705
414181
424675
435533
446758
458341
470245
482178
494646
507294
520442
533868
547524
561680
576150
591005
606310
621884
637938
654445
671159
688603
706312
724493
743156
762508
782217
802199
823248
844691
866453
888988
911759
935627
959895
984895
1010672
1036850
1063816
1091685
1120040
1149225
1179135
1210149
1241809
1274053
1307121
1341005
1376023
1411899
1448923
1486948
1525738
1565664
1606241
1648306
1691371
1735448
1780974
1827591
1875331
1924919
1975642
2027523
20929
21494
22039
22634
23230
23832
24488
25151
25792
26476
27182
27861
28591
29385
30167
30973
31766
32543
33414
34342
35237
36158
37123
38116
39143
40176
41241
42343
43470
44613
45795
46989
48335
49639
50976
52286
53689
55111
56507
58038
59602
61131
62812
64475
66150
67954
69731
71620
73616
75612
77640
79661
81722
83932
86210
88488
90871
93285
95812
98383
100989
103674
106483
109417
112301
115306
118447
121525
124788
128077
131450
134925
138634
142358
146171
150165
154173
158302
162566
167001
171548
176059
180795
185693
190676
195863
201237
206516
212029
217845
223623
229616
235751
242138
248769
255467
262439
269553
276915
284561
292142
300045
308299
316672
325229
334029
343138
352369
361887
371703
381879
392198
402851
413827
425111
436732
448517
460704
473320
486129
499389
513126
527013
541504
556289
571533
587250
603214
619595
636488
653789
671555
689796
708653
727858
747877
768438
789480
810853
833103
855914
879490
903197
928064
953235
979558
1006451
1033854
1062256
1091329
1121438
1152045
1183970
1216736
1250231
1284461
1319819
1356103
1393398
1431378
1471044
1511568
1553054
1595762
1639442
1684348
1730601
1778281
1827292
1877485
1929183
1982087
2036732
20856
21421
21992
22612
23288
23926
24591
25272
26001
26674
27383
28088
28872
29651
30503
31388
32281
33138
34027
34967
35917
36926
37979
39063
40188
41349
42562
43759
44970
46246
47491
48828
50109
51516
52883
54313
55848
57348
58962
60541
62177
63924
65676
67483
69407
71399
73404
75464
77589
79792
81990
84307
86600
89045
91591
94137
96750
99472
102192
105176
108157
111219
114303
117475
120756
124101
127503
131164
134824
138653
142591
146736
150902
155081
159487
163851
168397
173114
177962
183028
188105
193379
198779
204362
210123
215953
221918
228167
234483
241057
247751
254736
261863
269375
276901
284629
292682
300757
309188
317982
326977
336120
345511
355285
365388
375762
386423
397229
408468
419961
431828
444015
456625
469348
482542
496099
510142
524556
539395
554489
570097
586134
602532
619697
637066
654896
673319
692333
711754
731970
752640
773848
795990
818448
841361
865188
889813
914932
940814
967572
995030
1023274
1052087
1081928
1112771
1144398
1176833
1210019
1244540
1279837
1316430
1354189
1392772
1432424
1473474
1515365
1558317
1602699
1648183
1695268
1743418
1793132
1844490
1897030
1951063
2006588
20751
21351
21952
22601
23217
23850
24548
25249
25940
26693
27443
28190
28992
29792
30601
31465
32385
33299
34253
35223
36239
37327
38421
39537
40671
41796
43007
44261
45529
46834
48177
49542
50937
52479
54005
55487
57048
58730
60395
62098
63925
65771
67707
69600
71622
73660
75758
77947
80135
82484
84771
87178
89572
92222
94904
97672
100418
103335
106254
109362
112437
115633
118924
122355
125855
129433
133140
136888
140854
144831
149003
153341
157648
162237
166827
171686
176643
181797
187047
192546
198100
203826
209715
215746
222063
228583
235086
241747
248818
255890
263387
270912
278716
286826
295073
303549
312494
321612
330979
340582
350422
360444
370776
381484
392434
403946
415574
427679
440294
453258
466538
480185
494083
508690
523341
538472
553826
570023
586544
603481
621021
639042
657746
676683
696316
716595
737405
759129
781241
804114
827610
851600
876227
901961
928247
955200
983309
1011950
1041740
1072224
1103619
1135679
1168577
1202899
1237992
1274089
1311288
1349621
1389282
1429824
1471660
1514855
1559210
1604604
1651831
1700345
1749975
1800951
1853917
1908038
1963814
2021698
20934
21598
22272
22892
23607
24297
24994
25737
26477
27269
28080
28887
29738
30569
31478
32411
33343
34312
35361
36432
37424
38501
39638
40826
42002
43198
44500
45786
47122
48487
49943
51394
52909
54433
56021
57624
59357
61120
62906
64764
66651
68625
70682
72784
74926
77185
79478
81844
84237
86724
89332
92045
94832
97630
100510
103438
106525
109670
112944
116241
119674
123184
126885
130583
134366
138297
142415
146541
150773
155148
159833
164468
169433
174451
179793
185077
190532
196180
201909
207890
213968
220318
226851
233528
240577
247585
254952
262624
270429
278635
286894
295517
304335
313255
322464
332026
341724
351983
362346
373146
384248
395586
407524
419769
432194
444980
458355
472021
486102
500533
515408
530798
546560
563033
579761
596885
614760
632812
651336
670861
690737
710951
732170
754257
776936
800057
823899
848516
873663
899432
926166
953510
982087
1011652
1041837
1072814
1104981
1138529
1172645
1207791
1243714
1280980
1318987
1358497
1399220
1441226
1484629
1528887
1575071
1622200
1670644
1720713
1772102
1825097
1879746
1935726
1994218
2054046
20882
21483
22120
22744
23423
24133
24875
25621
26414
27225
28038
28888
29792
30687
31638
32584
33514
34497
35535
36583
37654
38829
40052
41269
42534
43733
45062
46428
47819
49220
50731
52220
53796
55439
57125
58827
60521
62386
64254
66213
68138
70228
72264
74509
76748
79127
81487
83932
86539
89088
91777
94455
97388
100264
103323
106432
109573
112803
116101
119744
123235
126872
130692
134649
138657
142852
147195
151655
156376
161149
165982
170994
176059
181465
186948
192632
198458
204478
210696
217018
223604
230347
237293
244441
252061
259742
267753
275876
284265
292853
301694
310808
320263
329867
339822
350085
360741
371677
382965
394500
406575
418932
431676
444954
458458
472434
486789
501757
516993
532761
549008
565697
582883
600671
618784
637653
656965
676938
697469
718618
740484
762971
786347
809984
834794
860283
886489
913531
941684
970407
1000002
1030581
1061936
1094384
1127542
1161864
1197624
1234080
1271783
1310695
1351051
1392284
1434782
1478580
1523551
1570129
1618430
1667924
1718793
1771470
1825906
1881912
1939771
1999019
2060225
21307
21963
22681
23349
24086
24836
25613
26396
27199
27990
28889
29796
30725
31639
32618
33638
34631
35683
36830
38038
39214
40443
41713
42976
44314
45695
47097
48581
50146
51651
53172
54793
56522
58233
59997
61815
63696
65709
67727
69853
72067
74261
76621
79015
81417
83926
86448
89117
91875
94770
97613
100651
103745
106901
110170
113594
117065
120540
124251
128059
132121
136129
140367
144697
149208
153875
158555
163367
168315
173526
178908
184493
190184
196127
202106
208359
214867
221589
228406
235451
242754
250203
258023
265939
274293
282722
291494
300474
309833
319469
329302
339588
350216
360950
372069
383673
395521
407850
420500
433582
447175
460968
475389
490099
505241
520882
536965
553594
570980
588606
606716
625486
644716
664817
685690
707036
729097
751739
775243
799073
824257
850300
876760
904369
932396
961390
991192
1021914
1053510
1086213
1120476
1155578
1191383
1228532
1266995
1306590
1347247
1389086
1432423
1477257
1523288
1570869
1619609
1670124
1722160
1776162
1831585
1888950
1948162
2009287
20723
21362
22072
22763
23447
24163
24922
25700
26565
27389
28228
29121
29986
30882
31870
32861
33908
34957
36023
37165
38346
39492
40765
42069
43433
44825
46225
47683
49139
50734
52315
53958
55641
57408
59270
61095
63050
64981
67043
69192
71360
73655
75976
78355
80763
83308
85887
88634
91369
94206
97105
100160
103379
106623
109942
113351
116907
120445
124153
127977
131997
136104
140452
144871
149573
154308
159044
164071
169298
174623
180159
185780
191472
197530
203861
210381
216973
223832
230981
238136
245639
253331
261338
269581
277971
286784
295755
305144
314561
324351
334801
345401
356205
367467
378892
390809
403184
415880
429064
442482
456388
470858
485610
500857
516676
533036
549751
567183
585034
603628
622658
642477
662828
683835
705388
727735
750812
774892
799345
824270
850408
877037
904410
932824
962556
993035
1024624
1057393
1090748
1125250
1161037
1197473
1235465
1274731
1314670
1356149
1399233
1443357
1489094
1535882
1584111
1634372
1686158
1739480
1794322
1851500
1910364
1970791
2033119
20903
21612
22311
22980
23675
24382
25101
25908
26731
27576
28433
29304
30229
31221
32176
33246
34279
35321
36382
37559
38773
39973
41263
42596
43928
45351
46775
48231
49752
51291
52864
54497
56208
58043
59872
61857
63871
65916
67968
70136
72341
74607
77004
79481
81970
84559
87212
89932
92756
95650
98649
101721
104900
108160
111684
115214
118780
122538
126414
130490
134566
138805
143117
147746
152384
157213
162211
167427
172662
178264
183864
189527
195468
201703
208211
214728
221502
228535
235674
243278
250911
258883
267172
275665
284491
293473
302707
312336
322087
332324
342893
353735
364976
376479
388651
401124
413993
427237
440938
455003
469620
484489
500041
515868
532218
549120
566701
584706
603224
622157
641964
662596
683629
705299
727957
751208
775166
800131
825776
851847
878763
906896
935665
965810
996738
1028351
1061254
1095165
1129923
1165721
1203046
1241379
1280910
1321788
1363721
1407229
1452263
1498729
1546448
1596154
1646836
1699047
1753428
1808891
1866672
1925844
1986975
2050590
21152
21864
22564
23267
24042
24753
25531
26352
27202
28071
28928
29889
30807
31803
32780
33894
34940
36064
37243
38472
39688
40972
42325
43625
44997
46408
47873
49459
51029
52654
54378
56169
57904
59726
61653
63627
65615
67682
69836
72036
74293
76732
79240
81763
84414
87019
89842
92653
95572
98678
101872
105094
108476
111891
115431
119223
122928
126784
130877
135126
139515
143969
148546
153242
158261
163411
168792
174166
179704
185501
191502
197576
203852
210463
217166
224132
231276
238519
246113
253876
262000
270484
279021
288046
297396
306863
316616
326910
337359
348145
359411
370878
382850
395072
407470
420537
433955
448001
462552
477498
492748
508316
524547
541293
558770
576705
595134
614036
633583
653981
674903
696837
719063
742219
766106
790635
815851
842235
869143
897054
925759
955805
986507
1017861
1050347
1084119
1119074
1155189
1192407
1230546
1269892
1310958
1353055
1396315
1441247
1487706
1535312
1584852
1635930
1688370
1742735
1798683
1855900
1915207
1977071
2040531
21240
21937
22627
23312
24064
24762
25559
26413
27252
28200
29113
30018
30973
31996
33023
34083
35198
36359
37479
38695
39897
41194
42563
43971
45416
46861
48339
49966
51562
53203
54946
56741
58613
60524
62485
64504
66582
68699
70876
73273
75686
78074
80589
83130
85832
88573
91430
94412
97434
100516
103718
106957
110393
114006
117660
121397
125295
129309
133332
137691
142076
146746
151493
156389
161341
166627
171903
177634
183447
189437
195546
201739
208227
214880
221715
228926
236206
243689
251674
259749
268057
276756
285777
294988
304586
314406
324670
335292
346089
357229
368665
380497
392912
405594
418852
432601
446387
460902
475695
490784
506548
522814
539835
557121
574857
593141
612378
631969
652239
673230
694811
717129
740345
764327
788842
814622
840724
867808
895775
924387
954220
984818
1016803
1049553
1083202
1118233
1154535
1191653
1229739
1269365
1309965
1352111
1395458
1440529
1487094
1535119
1584812
1636063
1688904
1743102
1799314
1857278
1917193
1978661
2042532
21328
22010
22686
23405
24126
24945
25730
26569
27404
28298
29211
30162
31155
32169
33178
34290
35331
36442
37596
38815
40089
41376
42686
44059
45506
47004
48480
50077
51712
53377
55123
56843
58679
60619
62577
64554
66629
68745
70932
73246
75648
78066
80654
83318
86014
88783
91649
94661
97601
100869
104196
107526
110941
114498
118226
121976
125976
130002
134156
138398
142954
147529
152300
157183
162193
167466
172822
178379
184256
190214
196309
202598
209146
216022
222900
230014
237394
245044
253011
261165
269592
278220
287107
296347
305947
315937
326099
336479
347261
358446
369991
381942
394203
406814
420087
433619
447659
462126
477015
492492
508428
524550
541291
558766
576812
595381
614504
634401
654730
675778
697660
720183
743560
767424
792051
817545
843996
871136
899261
928398
958315
989115
1021154
1054106
1088096
1123129
1159508
1197172
1235727
1275485
1316782
1359267
1403017
1448028
1494808
1543081
1593206
1644936
1697973
1752650
1809449
1867927
1927940
1989724
2053953
21266
21950
22637
23335
24192
24942
25752
26557
27416
28274
29143
30077
31020
32025
33024
34083
35170
36282
37505
38680
39918
41182
42516
43831
45237
46611
48160
49744
51455
53107
54871
56609
58373
60253
62238
64229
66301
68426
70626
72874
75194
77633
80178
82782
85464
88218
91069
93937
97031
100191
103432
106846
110257
113733
117306
121079
125060
129000
133141
137392
142015
146724
151476
156388
161449
166570
172069
177812
183411
189227
195437
201618
208053
214868
221781
229107
236535
244107
252070
260182
268634
277279
286059
295376
304893
314484
324552
335140
345858
356814
368469
380309
392483
404965
418062
431489
445528
460043
474768
490187
506166
522397
539288
556825
574680
593136
612225
631961
652278
673510
695413
717848
741231
765275
789912
815233
841693
869054
896973
925858
955792
986996
1018869
1051746
1085431
1120457
1156420
1193416
1231910
1271701
1313205
1355979
1399856
1445306
1491580
1539897
1589411
1641229
1694202
1749101
1805769
1864083
1924301
1986363
2051174
21134
21798
22448
23173
23911
24644
25458
26251
27101
27987
28880
29841
30766
31771
32827
33859
34926
35992
37218
38423
39668
40906
42253
43644
45080
46506
48036
49508
51139
52839
54688
56413
58230
60106
62095
64051
66158
68383
70617
72846
75227
77677
80175
82742
85427
88143
90992
93884
97001
100213
103436
106819
110250
113788
117454
121279
125162
129185
133378
137812
142395
146905
151715
156784
161869
167152
172577
178142
183912
189883
196120
202443
209005
215912
222906
230112
237627
245253
253245
261525
269945
278585
287484
296717
306219
316190
326411
336821
347763
359087
370559
382693
394982
407808
421073
434541
448638
463222
478186
493587
509472
525896
542793
560198
578403
597424
616880
636789
657553
678769
700722
723591
747095
771336
796488
822241
848521
876129
904368
934003
963851
995125
1027413
1060757
1094958
1130399
1166951
1204888
1243798
1284255
1325956
1369166
1413575
1459190
1506231
1554870
1605055
1657447
1711312
1766784
1824126
1883270
1944306
2006710
20621
21335
22065
22754
23521
24295
25101
25889
26764
27635
28528
29418
30334
31308
32232
33235
34257
35372
36509
37656
38879
40120
41377
42724
44106
45540
47064
48598
50205
51844
53534
55370
57166
58976
60846
62802
64903
67034
69194
71415
73723
76054
78495
81080
83694
86371
89169
92042
95037
98100
101246
104501
107844
111384
115026
118679
122512
126485
130504
134755
139077
143680
148336
153172
158159
163168
168541
174073
179796
185575
191565
197705
204041
210706
217541
224595
231935
239356
247207
255236
263507
272030
280841
290023
299314
308986
318965
329127
339763
350820
362095
373853
386004
398556
411476
424596
438417
452684
467466
482650
498436
514513
531169
548613
566199
584613
603500
623142
643153
663864
685297
707476
730347
754044
778542
803689
829936
857141
884634
913614
943052
973454
1004886
1037549
1071278
1105770
1141842
1178799
1217144
1256503
1297408
1339342
1382486
1427478
1473819
1521618
1570915
1621809
1674256
1728350
1784566
1842449
1901795
1963392
2027285
21166
21882
22613
23299
24037
24861
25651
26471
27341
28253
29143
30044
31046
32115
33166
34263
35375
36538
37722
38988
40275
41563
42940
44335
45670
47166
48693
50313
51988
53611
55320
57127
58921
60887
62893
64959
67105
69300
71625
73883
76360
78901
81400
83983
86705
89431
92283
95181
98246
101402
104760
108147
111688
115297
119071
122907
126978
131093
135367
139754
144250
149045
153874
158994
164181
169479
175031
180787
186663
192685
198909
205401
212082
219042
226339
233644
241069
248891
257043
265360
273931
282625
291688
301134
310869
321004
331488
342036
352985
364376
376319
388659
401301
414360
427827
441629
455925
470795
486090
501678
517859
534579
551619
569328
587692
606702
626275
646639
667410
688843
711036
734081
757802
782279
807406
833522
860130
887865
916497
946092
976609
1008645
1041083
1075083
1109829
1145671
1182994
1221133
1260687
1301798
1343906
1387505
1431963
1478037
1525709
1574996
1625918
1678825
1733420
1789439
1847175
1906965
1968356
2032287
20619
21344
22009
22738
23462
24224
25000
25796
26671
27560
28473
29355
30291
31327
32307
33331
34412
35541
36664
37880
39107
40368
41701
43064
44402
45839
47307
48832
50398
52042
53755
55459
57259
59108
60954
62901
64937
67014
69197
71491
73764
76158
78621
81183
83830
86557
89351
92297
95337
98538
101710
104969
108452
112005
115612
119477
123442
127288
131367
135618
140013
144497
149193
154031
158921
164078
169462
174956
180677
186439
192484
198755
205240
211995
218817
225968
233307
240802
248465
256415
264699
273297
282129
291213
300625
310321
320636
330953
341674
352764
364007
375892
387983
400591
413783
426997
440624
455037
469591
485031
500565
516787
533391
550620
568393
586731
605737
625484
645641
666615
688180
710547
733662
757517
782128
807835
833859
860738
888472
917307
946945
977733
1009322
1042091
1075719
1110539
1146510
1183531
1222175
1261999
1302838
1345357
1389085
1434710
1480853
1529108
1578692
1629649
1682748
1737327
1793674
1852000
1911892
1973704
2037946
20978
21616
22289
23034
23786
24565
25381
26170
27037
27901
28759
29714
30679
31630
32633
33682
34772
35945
37129
38390
39606
40886
42224
43626
45019
46564
48089
49686
51305
52882
54550
56221
58021
59906
61799
63738
65834
67983
70182
72516
74836
77221
79701
82255
84836
87611
90504
93429
96436
99455
102625
105926
109288
112829
116411
120207
124089
128123
132309
136510
140891
145531
150263
155159
160189
165572
170998
176410
182077
188054
194149
200375
206676
213482
220399
227635
234900
242524
250566
258677
267142
275886
284718
294009
303555
313398
323624
334004
344813
355963
367522
379360
391662
404362
417398
430889
444740
459247
474062
489377
505150
521542
538470
555735
573719
592498
611733
631524
652027
673295
694956
717411
740709
764789
789518
815048
841678
869044
897113
926287
956076
987023
1019013
1051972
1086455
1121611
1157934
1195733
1234617
1274363
1315927
1358804
1403143
1448879
1495766
1544069
1594164
1646039
1699123
1754254
1810801
1869849
1930252
1992977
2057414
21085
21765
22445
23215
23986
24768
25528
26378
27197
28044
28949
29898
30865
31860
32928
34039
35074
36224
37399
38707
39958
41268
42595
43961
45405
46932
48510
50054
51648
53236
54883
56570
58417
60344
62237
64242
66320
68462
70712
72938
75293
77684
80228
82739
85309
88071
91002
93853
96938
100019
103268
106580
110110
113724
117464
121368
125265
129344
133526
137983
142420
147102
151935
156928
161909
167082
172616
178330
184106
189949
196166
202649
209174
215944
222915
230195
237661
245504
253512
261801
270350
279223
288357
297828
307575
317680
327801
338472
349418
360760
372649
384806
397407
410251
423607
437237
451297
465963
480995
496802
512963
529654
546998
564603
583120
601997
621335
641301
662079
683815
705875
728734
752479
777069
802387
828794
855679
883297
911795
941365
971651
1003228
1035629
1069126
1104045
1139795
1176447
1214575
1254138
1295031
1336928
1379847
1424762
1470698
1518398
1567799
1618406
1670938
1725006
1780926
1838379
1897879
1959336
2023368
20716
21364
22062
22760
23478
24294
25087
25880
26710
27563
28427
29383
30346
31308
32320
33414
34506
35564
36710
37971
39198
40486
41836
43129
44571
46038
47472
48980
50504
52139
53844
55488
57304
59099
61015
62948
64990
67074
69227
71429
73747
76176
78673
81218
83831
86556
89292
92118
95155
98249
101472
104746
108185
111691
115281
119113
123101
127075
131299
135559
140100
144579
149267
154044
159037
164248
169506
175028
180776
186606
192718
198960
205432
212186
219163
226265
233725
241464
249189
257166
265491
273966
282841
292043
301520
311391
321363
331916
342618
353691
365133
377081
389358
401876
414585
428039
442036
456640
471443
486922
502577
518803
535650
552977
570987
589688
609041
628916
649219
670274
692094
714517
737373
761450
786295
811666
837922
865124
893088
922082
951686
982626
1014468
1047009
1081182
1116212
1152572
1189852
1228486
1268355
1309190
1352015
1395527
1440592
1486925
1535286
1585110
1636888
1690028
1744913
1801560
1860076
1920678
1983126
2047578
21134
21830
22499
23222
24045
24808
25655
26464
27317
28233
29138
30072
31057
32079
33125
34210
35267
36492
37657
38917
40181
41425
42724
43966
45349
46814
48273
