102758
105503
108321
111231
114211
117283
120347
123556
126848
130124
133697
137136
140806
144427
148247
152070
156139
160263
164519
168946
173419
178125
182959
187694
192857
198033
203327
208726
214240
219977
225902
231942
238221
244603
251301
258128
264846
271992
279287
286814
294495
302404
310419
318779
327371
336259
345291
354616
364186
374187
384260
394300
404973
415995
426999
438557
450421
462478
475142
488044
501286
514904
528693
543095
557864
573094
588605
604497
620809
637726
655129
672801
691204
709782
729249
749038
769360
790384
811938
834021
856827
880190
904183
929034
954263
980393
1007069
1034384
1062259
1091368
1120985
1151518
1183001
1215400
1248491
1282618
1317515
1353857
1390630
1428773
1467923
1507995
1549540
1591793
1635655
1680590
1726882
1774272
1822629
1872829
1924400
1977228
2032006
20736
21275
21854
22499
23137
23806
24419
25083
25774
26456
27209
27974
28681
29462
30270
31088
31925
32799
33718
34676
35662
36644
37707
38716
39778
40859
41956
43156
44395
45608
46872
48216
49536
50875
52222
53689
55195
56744
58361
59922
61608
63312
64994
66773
68593
70512
72469
74450
76547
78704
80882
83021
85380
87722
90153
92721
95360
98032
100712
103584
106478
109445
112540
115641
118882
122096
125512
129118
132657
136458
140219
144064
148120
152338
156587
160926
165506
170248
175039
179885
184960
190270
195640
201051
206648
212511
218522
224696
230999
237508
244185
251081
258236
265486
273058
280833
288846
297155
305448
314062
322790
331871
341230
350870
360826
371061
381621
392578
403632
415230
427025
439177
451673
464396
477629
491183
505021
519378
534165
549493
565259
581318
597756
614778
632214
650317
668852
687792
707391
727482
748028
769368
791313
813898
836951
860872
885449
910638
936476
963381
990847
1019244
1048244
1078222
1109052
1140617
1173103
1206803
1240899
1276449
1313012
1350889
1389667
1429271
1470496
1512671
1556199
1600915
1646811
1694060
1742727
1792694
1844252
1897775
1952400
2007847
20460
21044
21663
22276
22919
23590
24268
24973
25669
26424
27156
27966
28787
29641
30473
31346
32240
33197
34093
35112
36106
37077
38112
39185
40303
41506
42686
43889
45172
46538
47841
49240
50759
52197
53677
55199
56840
58551
60309
62038
63853
65723
67632
69547
71559
73664
75810
77938
80147
82523
84969
87416
89926
92577
95267
98015
100900
103770
106841
109946
113183
116477
119916
123487
127111
130804
134733
138590
142533
146717
150976
155352
159798
164539
169383
174412
179550
184836
190265
195839
201603
207391
213540
219761
226307
232921
239729
246698
253920
261374
269055
276983
285172
293519
302073
311137
320249
329653
339410
349357
359628
370170
381112
392377
404068
415887
428081
440578
453754
467003
480762
494997
509496
524418
539849
555796
572163
588871
606521
624349
642735
661493
681103
701331
721942
743338
765294
788004
810965
835102
859861
885437
911576
938455
966399
994818
1024497
1054864
1085961
1118330
1151433
1185546
1220654
1257149
1294377
1332525
1371885
1412543
1454505
1497658
1541911
1587799
1634802
1683279
1733531
1785345
1838395
1892834
1948881
2007024
20777
21371
21993
22646
23287
23986
24635
25384
26115
26850
27638
28467
29341
30226
31079
32020
32942
33904
34939
35983
37098
38139
39269
40446
41622
42916
44220
45491
46831
48237
49676
51125
52654
54188
55835
57456
59151
60906
62840
64740
66676
68630
70742
72827
75023
77327
79649
82088
84571
87084
89702
92504
95305
98206
101144
104187
107291
110513
113794
117193
120794
124356
128144
132023
135971
140161
144349
148660
153050
157681
162400
167211
172350
177487
182888
188465
194138
200004
205988
212104
218599
225221
232014
239061
246135
253449
261007
268988
277166
285435
293880
302823
312030
321635
331279
341090
351323
361846
372771
383981
395514
407560
419762
432620
445536
458947
472939
487260
502110
517344
533093
549160
565977
583281
601037
619353
638175
657664
677438
698187
719354
741293
763757
787020
811083
835804
861017
887309
914073
942080
970999
1000349
1030572
1062166
1094532
1127577
1161751
1197379
1234136
1271633
1310108
1350330
1391590
1434383
1478149
1523534
1570005
1618163
1667670
1718819
1771269
1825442
1881392
1939033
1998621
2060288
21340
21990
22638
23291
23992
24758
25478
26277
27070
27876
28737
29620
30517
31419
32398
33403
34435
35487
36564
37651
38818
40027
41189
42506
43791
45154
46495
47897
49370
50883
52481
54113
55806
57476
59208
61068
62916
64869
66917
68894
71043
73190
75448
77687
80050
82458
84928
87430
90148
92918
95805
98678
101711
104869
108164
111512
114998
118567
122285
125947
129800
133831
138008
142280
146604
151149
155762
160492
165450
170558
175867
181377
187081
192760
198623
204886
211401
217865
224665
231520
238657
245909
253523
261366
269463
277863
286311
295474
304615
314097
323757
333778
343966
354431
365423
376742
388551
400645
413126
425874
439253
452963
466971
481425
496494
511921
527924
544509
561335
578887
597052
615910
635018
654777
675139
696317
718033
740557
763722
787688
812081
837513
863654
890711
918545
947529
977176
1007659
1039225
1071704
1105108
1139631
1175281
1212278
1249966
1288957
1329121
1371077
1413935
1458405
1504072
1551244
1600111
1650652
1702317
1755879
1811054
1868373
1926907
1987302
2049671
21140
21854
22512
23284
23975
24759
25555
26338
27166
27978
28816
29741
30673
31631
32661
33679
34771
35864
37003
38143
39320
40516
41827
43144
44444
45900
47343
48804
50334
51948
53591
55245
56934
58723
60560
62518
64486
66559
68621
70893
73065
75415
77803
80284
82907
85597
88354
91185
94040
97073
100158
103424
106686
110108
113563
117162
120855
124787
128766
132823
137053
141323
145801
150453
155292
160213
165222
170477
175888
181485
187298
193204
199410
205845
212420
219221
226131
233179
240750
248163
256015
264200
272629
281378
290387
299488
308945
318693
328799
339178
350039
361347
372868
384697
396964
409704
422886
436359
450366
464820
479626
494884
510704
527111
543978
561434
579686
598246
617540
637401
657798
678580
700145
722455
745530
769585
794325
819476
846070
872837
900757
929654
959465
990444
1022699
1055721
1089818
1124845
1160889
1198717
1237511
1277385
1318505
1361064
1405063
1450473
1497290
1545419
1595118
1646585
1699946
1754828
1811489
1869696
1929824
1991601
2055537
21575
22270
22969
23742
24490
25264
26073
26936
27748
28643
29575
30492
31502
32565
33599
34703
35802
36986
38195
39429
40708
42026
43404
44773
46207
47662
49166
50733
52382
54111
55890
57658
59494
61408
63436
65459
67550
69771
72080
74348
76742
79276
81861
84445
87142
89932
92927
95980
99145
102361
105744
109173
112578
116294
120049
124008
128047
132207
136544
140986
145518
150283
155039
160148
165321
170655
176143
181889
187676
193857
200072
206581
213304
220324
227409
234727
242402
250329
258448
266825
275682
284612
293896
303432
313361
323550
334194
345148
356349
367952
379869
392249
405221
418280
431833
445891
460265
475366
490794
506747
523177
540180
557809
575977
594791
614320
634390
655022
676295
698280
721164
744602
769058
794230
819764
846666
874590
903101
932417
962787
994136
1026456
1059899
1094580
1130252
1167044
1205178
1244702
1285527
1327777
1371250
1416610
1462835
1510413
1560230
1611295
1664227
1718397
1774613
1832717
1892481
1954154
2018414
20800
21452
22172
22914
23668
24442
25250
26090
26916
27816
28692
29650
30652
31656
32742
33826
34918
36046
37224
38436
39766
41073
42451
43805
45264
46713
48233
49795
51383
53143
54906
56725
58483
60422
62360
64398
66520
68725
71009
73369
75831
78378
80956
83624
86290
89153
92000
95035
98183
101545
104885
108259
111859
115535
119352
123343
127416
131542
135932
140477
145141
149872
154673
159769
165070
170462
176134
181903
188060
194268
200653
207274
214170
221196
228586
236153
244074
252134
260334
268809
277731
286818
296445
306184
316286
326754
337541
348689
360099
372058
384432
397343
410568
424353
438450
452895
468041
483510
499720
516363
533366
550789
568851
587691
606998
627047
648153
669586
691650
714606
738164
762667
787871
814114
840741
868547
897163
926791
957633
989549
1022359
1055979
1090841
1127037
1164490
1203165
1243081
1284571
1327031
1371381
1417084
1464335
1513185
1563302
1614908
1668523
1723956
1781208
1840497
1901604
1964123
2029119
21256
21978
22700
23476
24258
25074
25961
26809
27696
28630
29572
30552
31568
32661
33722
34788
35834
37047
38263
39561
40858
42264
43740
45271
46748
48328
49967
51643
53351
55153
57084
58991
60957
62957
65027
67108
69310
71564
74002
76485
78943
81666
84444
87245
90155
93171
96240
99445
102734
106249
109809
113509
117256
121273
125333
129450
133676
138171
142815
147529
152517
157598
162884
168405
173974
179815
185775
192045
198444
205072
211826
218747
226080
233699
241615
249793
258159
266757
275819
284989
294417
304198
314364
325005
336032
347445
359088
371132
383660
396644
409836
423446
437711
452145
467268
482970
498992
515753
533279
551155
569601
588364
608225
628874
649720
671497
694094
717088
740967
765641
791330
817616
844929
873452
902749
933213
964454
996751
1030080
1064243
1099887
1136780
1174822
1214212
1255238
1297630
1341124
1385898
1432490
1480730
1530371
1581613
1634060
1688472
1745283
1803418
1863625
1926547
1990973
2057230
21137
21793
22564
23317
24073
24884
25716
26571
27473
28420
29402
30382
31432
32524
33623
34756
35909
37173
38421
39687
41100
42525
43973
45460
47018
48564
50221
51892
53654
55468
57399
59242
61291
63330
65464
67616
69850
72185
74612
77087
79609
82325
85196
88018
90922
94084
97295
100570
103887
107443
111051
114827
118698
122539
126537
130949
135416
139876
144442
149220
154154
159405
164831
170421
176154
182048
188208
194601
201161
207900
214844
222123
229547
237148
245205
253398
261997
270798
279918
289169
298935
309092
319416
330081
341152
352667
364448
376704
389380
402477
416065
430124
444751
460016
475763
491750
508168
525236
542961
561391
580268
599715
619926
640747
662269
684776
707824
731720
756442
781795
808223
835322
863509
892617
922421
953380
985273
1018687
1052852
1087945
1124069
1161976
1200850
1241009
1283079
1326329
1371319
1417786
1465782
1514381
1565638
1618276
1673008
1729503
1787774
1848602
1910682
1975095
2041680
20872
21607
22367
23130
23943
24770
25565
26433
27360
28275
29209
30179
31211
32311
33439
34579
35776
37021
38294
39613
40936
42283
43702
45284
46802
48345
49947
51654
53362
55068
56894
58865
60879
62958
65156
67335
69645
72008
74433
77016
79576
82385
85220
88148
91133
94197
97384
100687
104085
107658
111345
115059
118924
122906
126953
131242
135776
140331
145057
149976
155171
160447
165822
171464
177124
183043
189291
195566
202171
209085
216061
223444
231075
238852
246839
255062
263769
272560
281714
291424
301407
311647
322257
333102
344240
355754
367858
380318
393238
406538
420320
434777
449436
464710
480325
496355
513318
530638
548524
567088
586192
606064
626437
647613
669670
692192
715254
739481
764516
790327
817167
844857
873653
903135
933739
965213
997619
1031530
1066407
1102573
1140044
1178723
1218578
1260008
1302373
1346088
1391523
1438715
1487283
1537618
1589630
1643314
1698854
1756403
1816232
1877859
1941404
2007563
20703
21368
22084
22838
23582
24369
25231
26103
27007
27864
28826
29828
30842
31923
33052
34172
35255
36417
37675
38984
40288
41650
43048
44436
45918
47453
49093
50767
52504
54302
56086
58012
59936
61908
63965
66121
68294
70645
73029
75496
78051
80737
83466
86200
89181
92142
95247
98594
101985
105469
109129
112785
116709
120804
124847
129166
133444
137954
142674
147503
152484
157753
162983
168510
174190
180015
186140
192391
198971
205667
212723
219912
227399
235155
243115
251183
259670
268430
277518
286949
296733
306737
317026
327858
338901
350569
362306
374433
387119
400324
414106
428225
442808
457961
473380
489413
506141
523596
541470
559716
578510
597973
618085
639021
660773
683302
706459
730332
755403
781257
807560
835052
863358
892588
922382
953550
986128
1019618
1054113
1090012
1127022
1164942
1203935
1244763
1287129
1330724
1375876
1422471
1470527
1520199
1571762
1624989
1680107
1736951
1795856
1856664
1919063
1984263
2051719
21135
21862
22581
23320
24104
24939
25768
26622
27547
28497
29450
30400
31415
32473
33627
34718
35919
37141
38426
39709
41029
42419
43892
45308
46816
48456
50119
51807
53546
55331
57223
59202
61254
63252
65423
67635
69977
72368
74748
77189
79851
82556
85428
88378
91406
94384
97599
100977
104273
107804
111469
115393
119337
123405
127597
131984
136524
141059
145853
150771
155866
161249
166765
172427
178312
184305
190555
196975
203530
210454
217499
224975
232547
240445
248526
256698
265330
274324
283540
293261
303193
313403
323971
334901
346319
358145
370395
383171
396138
409596
423256
437528
452420
467642
483596
499956
517183
534675
552842
571731
591223
611070
631751
653159
675150
698203
721839
746230
771778
797962
825061
852943
882141
912287
943271
975269
1008196
1042492
1077829
1114314
1152105
1191388
1231994
1273557
1316763
1361237
1407737
1455357
1504592
1555447
1607849
1662587
1719081
1777259
1837450
1900248
1964541
2030902
21050
21723
22420
23160
23950
24786
25598
26449
27359
28234
29202
30209
31225
32331
33467
34660
35830
37101
38344
39651
41073
42481
43922
45367
46900
48488
50133
51841
53576
55340
57214
59136
61214
63231
65376
67563
69911
72320
74758
77255
79936
82655
85407
88417
91444
94467
97694
101060
104416
107995
111683
115501
119414
123450
127653
132012
136423
141059
145868
150779
155942
161214
166713
172393
178183
184144
190381
196753
203356
210376
217449
224911
232414
240246
248516
256956
265696
274673
284100
293608
303598
314011
324807
335787
347043
358741
370963
383659
396705
410167
423944
438007
452877
467940
483852
500176
517172
535002
553277
572256
591523
611815
632416
653981
676131
698882
722372
746989
772206
798289
825452
853469
882464
912442
943269
975056
1007782
1041918
1077521
1114161
1151708
1191104
1231804
1273615
1316661
1361142
1407332
1455477
1504994
1556403
1608940
1663751
1720572
1778849
1839126
1901686
1966065
2032870
21051
21766
22462
23200
23978
24812
25618
26440
27318
28197
29118
30143
31173
32247
33328
34507
35674
36893
38112
39369
40578
41972
43349
44796
46320
47893
49492
51163
52879
54678
56541
58444
60406
62441
64656
66859
69100
71430
73889
76407
79040
81694
84389
87254
90203
93239
96411
99723
103066
106615
110205
113988
117952
121949
126133
130461
134909
139570
144377
149287
154450
159729
165241
170826
176747
182771
188984
195406
201903
208566
215586
222858
230390
238185
246154
254508
263162
271997
281232
290844
300575
310585
321121
331951
343114
354851
366959
379370
392268
405487
419400
433739
448330
463462
479010
495106
511914
529484
547365
565881
585112
605055
625783
646824
668735
691499
714970
739122
764112
789931
816652
844125
872951
902448
932992
964821
997434
1031460
1066322
1103059
1140711
1179374
1219353
1260480
1303121
1347493
1392934
1440085
1488803
1539027
1591339
1645871
1701438
1759139
1818807
1880379
1944054
2010292
20758
21410
22119
22866
23668
24470
25328
26156
27045
27944
28907
29868
30921
32029
33055
34230
35364
36551
37810
39085
40399
41788
43246
44717
46230
47738
49358
51010
52789
54603
56549
58477
60460
62537
64626
66883
69163
71521
73907
76356
78936
81679
84457
87357
90284
93314
96511
99818
103105
106721
110360
114151
118031
122092
126275
130498
135024
139507
144257
149179
154276
159367
164763
170354
176197
182145
188307
194814
201508
208306
215273
222661
230281
238172
246252
254659
263348
272149
281437
290861
300777
311013
321494
332319
343754
355532
367756
380162
393158
406443
420160
434247
448961
464367
480277
496430
513270
530863
548798
567423
586814
606666
627390
648707
670645
693216
716739
741079
766220
792371
819470
847298
876008
905685
936388
968237
1001339
1035515
1070925
1107197
1145191
1184383
1224362
1266051
1309087
1354085
1400277
1447650
1496815
1547252
1599678
1654313
1709854
1768321
1828531
1890340
1954537
2020947
21106
21864
22658
23415
24197
25009
25891
26749
27654
28690
29700
30668
31702
32777
33920
35043
36278
37498
38752
40108
41461
42864
44352
45806
47342
48958
50595
52327
54070
55899
57866
59868
61863
63995
66188
68483
70712
73189
75739
78417
80972
83748
86557
89379
92427
95624
98799
102171
105541
109110
112720
116526
120536
124648
128979
133347
137806
142482
147287
152343
157442
162889
168406
173939
179906
186003
192263
198863
205641
212513
219699
227079
234799
242840
251120
259580
268389
277482
287044
296715
306965
317453
328241
339316
350945
362860
375151
388037
401051
414607
428770
443245
458373
473870
489903
506414
523506
541326
559564
578433
598032
618444
639386
660853
683237
706316
730295
754988
780689
807038
834562
862823
892249
922861
954056
986508
1019797
1054121
1089742
1126760
1164923
1204579
1245580
1287470
1331125
1376024
1423059
1471451
1521527
1573169
1626590
1681930
1739130
1798144
1858894
1922126
1986989
2054432
21058
21779
22527
23304
24065
24876
25749
26623
27519
28474
29473
30482
31519
32581
33680
34801
36005
37270
38502
39823
41195
42614
44049
45575
47132
48732
50373
52046
53740
55526
57530
59425
61427
63517
65766
68103
70424
72757
75273
77877
80495
83195
85984
88937
91951
95079
98304
101642
105121
108587
112257
116197
120064
124186
128281
132572
137046
141699
146482
151406
156613
161914
167252
172948
178779
184824
191155
197636
204229
211184
218323
225750
233479
241433
249732
258162
267052
276277
285495
295304
305422
315710
326383
337562
349176
361061
373404
386201
399416
413131
427130
441589
456707
472277
488733
505113
522217
539845
558155
576975
596504
616890
637877
659418
681814
705073
729173
753702
779161
805802
833429
861823
891313
921519
953123
985335
1018700
1053479
1088837
1125625
1164006
1203696
1244859
1287268
1330810
1376651
1423899
1471947
1521820
1573520
1626961
1681769
1738689
1797594
1858527
1921367
1986848
2054618
21164
21934
22665
23418
24263
25060
25846
26718
27652
28600
29588
30558
31624
32704
33822
34955
36162
37417
38680
39979
41322
42773
44207
45725
47376
48942
50589
52312
54088
55921
57841
59707
61717
63806
65966
68252
70614
73073
75578
78095
80693
83429
86285
89135
92132
95287
98620
101944
105382
108936
112695
116476
120489
124437
128664
133021
137561
142307
147107
152173
157272
162649
168349
174074
179880
185960
192431
198936
205595
212529
219819
227385
235021
243097
251324
259748
268516
277358
286873
296544
306498
316892
327610
338782
350434
362365
374629
387438
400524
414218
428381
442894
457956
473562
489582
506175
523362
541132
559411
578409
598115
618241
639426
661144
683431
706400
730496
755478
781442
807699
835347
864082
893530
923833
955260
987576
1021170
1055570
1091352
1128256
1167002
1206742
1247500
1289930
1333836
1379487
1426451
1474824
1524879
1576737
1630556
1685899
1743084
1801853
1862901
1926448
1992066
2059675
21366
22127
22871
23653
24448
25278
26199
27072
27975
28917
29853
30875
31959
33051
34170
35337
36557
37826
39173
40544
41940
43302
44771
46342
47898
49572
51256
53030
54872
56729
58697
60682
62810
64954
67179
69409
71812
74293
76823
79427
82072
84809
87726
90698
93692
96931
100228
103636
107057
110728
114406
118365
122392
126331
130630
135111
139754
144588
149508
154548
159822
165234
170844
176656
182730
189059
195450
202162
209091
216111
223512
231246
239083
247290
255629
264283
273312
282639
292194
302065
312321
322971
334062
345609
357316
369345
382037
395027
408307
422249
436611
451383
466723
482701
499156
515925
533328
551516
570218
589725
609882
630866
652139
674255
696877
720328
744453
769908
796003
822874
851112
880143
909800
940796
972600
1005604
1039733
1074752
1111264
1148642
1187793
1228418
1270169
1313093
1357437
1403374
1451189
1500891
1551572
1604067
1658704
1714909
1773636
1834105
1896239
1961069
2028189
21150
21856
22585
23331
24085
24884
25674
26545
27411
28296
29237
30221
31203
32242
33273
34430
35549
36792
38053
39330
40654
42019
43475
44912
46440
48020
49654
51307
53051
54832
56750
58725
60727
62795
64895
67088
69390
71732
74178
76678
79283
82053
84817
87664
90758
93836
97019
100312
103736
107274
110983
114725
118728
122716
126878
131067
135528
140335
145007
149895
154903
160301
165615
171311
177202
183141
189335
195736
202522
209459
216392
223756
231566
239524
247652
256142
264783
273810
283127
292648
302571
312763
323289
334412
345694
357410
369443
381858
394809
408276
422341
436644
451600
466852
482910
499357
516268
533622
551575
570414
589912
609985
630849
652546
674794
697584
721144
745953
771238
797354
824706
852803
881739
911602
942836
974958
1007408
1041526
1076791
1113276
1151230
1190235
1230694
1272595
1315835
1360314
1406681
1454263
1503554
1554630
1607170
1661852
1718355
1776415
1836756
1899155
1963895
2030755
21280
22026
22758
23537
24338
25121
25993
26878
27769
28723
29688
30730
31796
32904
34038
35248
36463
37687
38981
40336
41735
43146
44583
46101
47684
