102444
105003
107559
110250
113016
115846
118752
121741
124798
128008
131152
134508
137926
141464
145015
148580
152350
156221
160168
164086
168209
172439
176631
181040
185527
190191
194988
200060
205195
210343
215575
221063
226663
232463
238509
244655
251001
257367
263857
270667
277573
284593
291844
299427
307050
314974
323093
331246
339882
348607
357674
366850
376207
385705
395516
405753
416108
426726
437550
448817
460371
472198
484245
496568
509210
522213
535607
549355
563460
577867
592702
608029
623876
640050
656702
673455
690823
709003
727461
746532
765799
785743
805771
826777
848240
870281
892861
915878
939580
963804
988762
1014265
1040711
1067594
1095406
1124108
1153397
1183093
1214042
1245552
1278033
1311203
1345616
1380886
1417105
1454357
1492517
1531438
1571254
1612010
1653553
1696975
1741502
1787429
1834232
1882737
1932192
1982904
2034710
20865
21412
21983
22564
23142
23777
24405
25013
25687
26327
26979
27738
28485
29278
30067
30825
31627
32441
33273
34139
34991
35934
36922
37886
38858
39824
40846
41934
43009
44154
45326
46540
47786
49050
50362
51784
53153
54533
55982
57445
59037
60609
62178
63886
65651
67444
69201
71096
73044
75093
77087
79180
81311
83445
85662
87960
90332
92763
95281
97791
100364
103172
106022
108863
111775
114779
117872
121048
124296
127647
131047
134478
138177
141952
145810
149707
153689
157855
162180
166575
171029
175645
180281
184973
190012
195052
200351
205766
211371
217055
222957
229064
235169
241501
248002
254865
261736
268762
276132
283514
291234
299210
307368
315452
324052
332856
341820
351160
360716
370506
380646
390863
401614
412701
423968
435691
447455
459466
471802
484559
497872
511544
525563
540008
554978
570122
585725
601629
617978
634955
652502
670412
688797
707548
726986
746679
767403
788490
809844
831965
854863
878263
902377
926807
952484
978731
1005835
1033286
1061543
1090358
1120000
1150819
1182557
1215118
1248648
1282977
1318347
1354749
1391946
1430581
1469731
1510605
1552269
1595297
1639244
1684323
1730868
1778596
1827628
1878426
1930311
1983753
2038737
20888
21454
22097
22680
23317
23962
24642
25310
25992
26741
27521
28294
29052
29798
30607
31452
32338
33196
34168
35135
36144
37168
38209
39343
40496
41561
42814
44058
45271
46561
47868
49205
50544
51938
53346
54811
56373
58010
59666
61320
62958
64690
66481
68248
70139
72110
74161
76291
78423
80465
82756
85110
87539
90015
92436
95064
97799
100546
103366
106394
109461
112505
115606
118818
122137
125551
129043
132781
136419
140386
144339
148449
152521
156778
161253
165893
170544
175332
180288
185345
190517
195921
201400
207045
212885
218710
224736
231126
237766
244400
251154
258206
265503
272884
280733
288753
296820
305271
313684
322433
331478
340893
350439
360300
370442
380766
391642
402596
414027
425776
437770
450280
463120
476450
489808
503648
517723
532498
547502
562881
578757
595107
611963
629340
647134
665504
684359
703818
723680
744397
765655
787532
810352
833402
856959
881151
906318
931812
958279
985700
1013947
1042692
1072369
1103082
1134370
1166846
1200009
1234077
1269172
1305143
1342480
1380753
1420107
1460827
1502461
1545280
1589272
1634424
1681076
1729486
1778885
1829849
1882173
1935881
1990982
2048417
21143
21738
22360
23029
23684
24367
25025
25756
26501
27243
27999
28839
29689
30523
31335
32225
33182
34059
35035
36017
37095
38153
39277
40447
41543
42768
43981
45266
46556
47935
49320
50757
52177
53712
55253
56871
58448
60137
61869
63595
65402
67310
69246
71230
73307
75384
77634
79937
82233
84646
87087
89555
92202
94861
97676
100483
103369
106382
109472
112476
115751
119140
122636
126232
129897
133599
137530
141468
145560
149766
154094
158532
163127
167927
172792
177841
183067
188461
193842
199391
205161
211135
217346
223606
229985
236590
243483
250562
257823
265404
273220
281157
289094
297585
306272
315195
324403
333891
343658
353407
363557
374320
385278
396495
408132
419889
432232
444740
457551
470854
484595
498647
512941
527741
543259
559362
575743
592360
609690
627548
645916
664911
684111
704065
724679
745807
767470
789704
812889
836607
861036
886437
912121
938971
966430
994555
1023807
1053806
1084580
1116251
1149046
1182671
1217140
1252711
1289551
1327500
1366459
1406517
1447819
1490287
1534065
1578853
1625115
1672514
1721284
1771763
1823807
1877229
1932541
1989045
2047642
20973
21571
22183
22862
23542
24265
24927
25643
26403
27165
27932
28731
29592
30519
31402
32290
33288
34238
35243
36274
37294
38401
39478
40630
41769
43054
44346
45630
46986
48334
49714
51184
52671
54151
55756
57466
59178
60907
62772
64612
66441
68382
70490
72620
74794
76982
79219
81543
83907
86356
88803
91419
94246
97071
99945
102834
105867
108952
112154
115476
118900
122317
125904
129636
133464
137400
141461
145530
149848
154287
158965
163769
168599
173711
178775
184216
189631
195294
201104
207109
213268
219528
225965
232797
239860
246833
254241
261765
269600
277836
285865
294261
302904
312052
321319
330707
340479
350555
361043
371744
382722
394081
405900
418015
430583
443286
456596
470159
484420
498696
513616
529025
544805
561102
577609
594913
612812
631047
649785
669116
689285
709848
731025
752955
775712
798883
822717
847326
872393
898116
925296
953036
981354
1010698
1041007
1072404
1104323
1137395
1171590
1207067
1243034
1280494
1318835
1358528
1399342
1441076
1484435
1529102
1574801
1621933
1670659
1720854
1772225
1825171
1880252
1936822
1995215
2055128
21214
21859
22506
23212
23921
24659
25439
26184
26972
27771
28640
29512
30420
31342
32228
33142
34145
35197
36254
37334
38422
39578
40843
42066
43344
44651
45990
47414
48883
50339
51890
53471
55027
56705
58379
60169
62054
63900
65868
67854
69876
71970
74147
76340
78530
80939
83292
85883
88566
91230
93964
96852
99856
102974
106194
109457
112683
116112
119629
123250
126934
130844
134903
139075
143213
147576
152035
156627
161357
166155
171205
176359
181769
187320
192992
198925
205022
211182
217680
224397
231254
238161
245574
253139
260776
268830
277129
285547
294185
302974
312202
321470
331301
341357
351674
362436
373482
384816
396391
408446
420706
433622
447032
460664
474727
489175
504014
519401
535224
551683
568520
585885
603735
622325
641250
660753
680992
701619
723370
745541
768732
792426
816665
841860
867585
893883
921252
949361
978805
1008897
1039415
1071231
1104591
1138526
1173612
1209424
1246170
1284105
1323827
1363951
1405674
1448661
1493068
1539034
1586384
1635495
1685918
1737592
1790925
1845994
1902604
1960897
2020985
20652
21327
22012
22701
23445
24232
24972
25764
26582
27401
28206
28993
29926
30862
31804
32757
33780
34805
35885
37022
38170
39350
40616
41855
43165
44429
45749
47194
48636
50069
51577
53162
54768
56405
58217
59977
61835
63729
65727
67826
69873
72024
74208
76490
78864
81347
83849
86441
89059
91948
94778
97631
100618
103713
106871
110214
113632
117154
120764
124451
128284
132239
136299
140552
144923
149352
154068
158902
163876
168923
174259
179739
185203
190826
196735
202825
209062
215532
222142
229095
236205
243511
251121
258935
266992
275363
283928
292734
301762
311053
320798
330846
341077
351491
362454
373643
385120
397009
409250
422042
435139
448733
462364
476572
491303
506520
521997
538363
555080
572309
590095
608481
627249
646642
666831
687565
709161
731260
754064
777546
801500
826479
852290
879032
906778
935043
963990
994211
1025277
1057422
1090415
1124618
1159903
1195700
1232787
1271436
1311096
1352053
1394157
1437702
1482835
1529102
1576543
1626106
1677051
1729091
1783170
1839094
1896448
1955514
2016456
20738
21415
22062
22745
23511
24268
25046
25855
26629
27457
28305
29209
30128
31052
32044
33045
34047
35084
36220
37319
38450
39651
40935
42200
43522
44845
46230
47710
49205
50679
52269
53917
55616
57315
59081
60979
62879
64836
66888
68966
71085
73329
75618
78031
80485
82947
85578
88273
91061
93910
96777
99871
102939
106265
109603
112979
116567
120300
124104
128051
132131
136183
140363
144805
149302
154036
158847
163922
169106
174496
180014
185703
191631
197671
203797
210200
216843
223638
230630
237701
245133
252767
260741
269047
277494
286266
295323
304660
314251
324110
334320
344765
355665
366899
378472
390235
402512
415212
428570
442035
455860
470237
484971
500527
516262
532553
549223
566608
584575
602980
622076
642085
662394
683373
704959
727165
749840
773466
797570
822720
848674
875460
903081
931720
960951
991197
1022568
1055178
1088330
1122839
1158143
1194961
1232619
1271653
1311937
1353360
1396381
1440669
1486491
1533343
1581806
1631964
1683519
1737235
1792266
1848997
1907105
1967660
2029925
21092
21733
22360
23093
23811
24559
25337
26120
26944
27781
28701
29623
30525
31521
32517
33531
34576
35635
36764
37941
39132
40378
41725
43053
44458
45914
47360
48806
50339
52000
53637
55345
57063
58850
60733
62651
64590
66628
68672
70886
73189
75507
77891
80364
82925
85527
88205
91052
93981
96955
99985
103150
106504
109921
113460
117076
120798
124611
128479
132687
136844
141204
145767
150407
155264
160178
165234
170535
176020
181630
187439
193417
199637
206047
212596
219385
226503
233664
241244
248933
256779
264900
273377
282025
290862
300041
309534
319490
329803
340235
351067
362165
373804
385777
398047
410653
423699
437130
451123
465673
480552
495859
511730
528274
545234
562502
580438
599133
618165
637938
658427
679488
701342
723679
746690
770483
795292
820855
847050
874222
902075
930698
960313
991225
1022825
1055540
1089501
1124180
1159892
1197289
1235193
1274618
1315173
1356966
1400134
1445463
1491842
1539505
1588609
1639313
1691780
1746190
1801759
1859522
1918888
1979996
2043103
21241
21966
22675
23386
24129
24938
25731
26590
27472
28312
29208
30155
31119
32127
33146
34298
35379
36491
37673
38898
40113
41362
42692
44084
45523
46911
48374
49949
51548
53254
55042
56724
58586
60440
62417
64398
66448
68604
70825
73109
75463
77953
80422
82919
85584
88353
91165
94126
97151
100234
103440
106679
109934
113507
117214
120954
124820
128755
132846
137076
141514
146119
150728
155571
160659
165863
171211
176628
182402
188133
194162
200491
206835
213438
220353
227513
234864
242464
250239
258439
266829
275418
284283
293387
302900
312688
322642
333085
343983
355010
366399
378252
390390
402957
415847
429244
442991
457507
472234
487465
503125
519209
535851
553115
570869
588933
607838
627221
647096
667887
689300
711500
734218
757554
781941
806995
832818
859255
886968
915563
944835
975328
1006762
1039269
1072609
1106796
1142495
1179216
1217318
1256518
1296927
1338553
1381303
1425693
1471629
1518388
1566975
1617369
1669293
1722869
1778167
1835390
1894022
1955156
2018208
20731
21389
22092
22831
23544
24333
25125
25981
26825
27694
28582
29464
30464
31433
32508
33531
34618
35705
36863
38064
39319
40544
41815
43183
44546
45990
47493
49039
50586
52161
53849
55592
57380
59240
61163
63106
65117
67189
69409
71646
73883
76268
78664
81164
83765
86515
89362
92253
95302
98348
101524
104755
108074
111473
114992
118686
122439
126326
130454
134622
138868
143399
148089
152921
157918
163017
168186
173607
179266
185071
190971
197086
203507
210100
216803
223806
231006
238489
246265
254138
262335
270802
279598
288639
297872
307420
317319
327671
338239
349053
360167
371681
383468
395809
408527
421724
435271
449286
463941
478852
494238
509930
526447
543238
560766
578647
597491
616736
636550
657044
678290
700311
722992
746174
770130
795108
820519
846958
874042
902333
931128
960791
991855
1023833
1056757
1090920
1126202
1162395
1199618
1238429
1278505
1319698
1361866
1405718
1450854
1497147
1545292
1595038
1646398
1699242
1754136
1810405
1868478
1928778
1990743
2055292
21219
21912
22608
23340
24099
24880
25668
26474
27370
28270
29227
30187
31147
32126
33128
34236
35353
36492
37656
38827
39994
41250
42556
43913
45297
46780
48244
49848
51424
53029
54755
56570
58416
60268
62171
64169
66247
68449
70664
73028
75378
77809
80305
82850
85457
88154
91014
93969
97070
100246
103476
106833
110261
113976
117646
121383
125350
129418
133646
137910
142397
146943
151748
156550
161542
166768
172164
177732
183419
189451
195480
201819
208383
215188
222176
229413
236822
244357
252290
260373
268710
277287
286350
295747
305406
315220
325221
335867
346705
357863
369259
381112
393283
405765
418872
432288
446387
460826
475877
491332
507309
523562
540423
558070
576119
594992
614113
634044
654619
675777
697599
720446
743832
767706
792202
817743
844380
871710
899492
928321
958259
989104
1020967
1053910
1088103
1123433
1159579
1197216
1235840
1275876
1317212
1359563
1403014
1447966
1494812
1543030
1592955
1644599
1697533
1751970
1808517
1867446
1927980
1989979
2054032
21062
21721
22429
23149
23894
24719
25506
26352
27194
28061
28976
29916
30857
31855
32846
33936
35050
36182
37321
38564
39776
41027
42316
43653
45069
46486
47936
49421
51078
52732
54454
56151
57993
59935
61886
63941
66081
68180
70318
72651
75031
77431
79901
82518
85191
88081
90996
93927
96878
100050
103298
106681
110078
113623
117220
121132
125042
129034
133189
137509
142106
146693
151421
156411
161423
166712
172086
177717
183465
189398
195580
201898
208404
215173
221995
229074
236533
244074
252004
260130
268586
277113
285950
295130
304827
314697
324738
335302
346005
357250
368699
380537
392995
405566
418715
432287
446381
460821
475808
491055
506984
523482
540528
558254
576224
594658
613857
633718
654211
675480
697566
720015
743398
767281
791924
817428
844039
871702
899844
928754
958888
989698
1021766
1054830
1088791
1124111
1160592
1198100
1236762
1276884
1318082
1360671
1404466
1450126
1496820
1545445
1595336
1646833
1700301
1755016
1811581
1870222
1930707
1993090
2057245
21126
21760
22449
23199
23940
24733
25478
26302
27153
28039
28991
29938
30934
31925
32948
33962
35057
36192
37317
38471
39706
40999
42296
43611
45004
46423
47955
49480
51144
52728
54457
56223
58025
59902
61895
63866
65912
68108
70398
72666
75112
77536
80072
82634
85273
88092
90950
93882
96768
99987
103224
106524
110002
113505
117301
121146
125066
129051
133056
137424
141854
146340
150909
155790
160809
165844
171318
176735
182410
188293
194491
200839
207440
214112
221025
228184
235434
243178
251018
258998
267286
275941
284930
294132
303715
313454
323614
333930
344626
355812
367391
379184
391567
404192
417331
430806
444599
459097
473855
489098
504827
521098
538005
555360
573481
591993
611283
630804
651229
672378
694155
716478
739716
763515
788436
814015
840260
867568
895580
924622
954330
985242
1017173
1049967
1084219
1119176
1155747
1193106
1231620
1271373
1312707
1355009
1398970
1444037
1490947
1539482
1589248
1640919
1694106
1749465
1805933
1864530
1924808
1987272
2051578
21155
21823
22545
23273
23985
24731
25533
26311
27172
28075
29021
30032
31009
32013
33030
34040
35163
36264
37406
38603
39842
41127
42445
43829
45251
46680
48195
49820
51436
53073
54757
56489
58282
60168
62086
64051
66082
68182
70373
72665
74964
77458
80040
82605
85252
87869
90761
93730
96757
99927
103041
106257
109750
113211
116878
120708
124660
128649
132834
137140
141615
146251
150954
155783
160910
166168
171622
177055
182847
188971
195149
201530
208161
214838
221701
228976
236421
244168
251891
260042
268423
276946
285888
295234
304618
314614
324816
335608
346410
357705
369532
381403
393881
406943
420086
433645
447506
461795
476890
492490
508431
524755
541696
559285
577485
596144
615461
635338
656258
677408
699542
722463
745765
770102
795090
821094
847936
875173
903324
932741
962914
993884
1026395
1059740
1094075
1129400
1166109
1203820
1243012
1283396
1325032
1367481
1411697
1457260
1504567
1553070
1603394
1655683
1709892
1765568
1823219
1881875
1942838
2005790
20838
21538
22261
22972
23695
24495
25316
26133
27023
27948
28871
29771
30732
31735
32781
33834
34955
36043
37231
38465
39708
41046
42386
43698
45109
46618
48102
49663
51272
52916
54622
56421
58243
60138
62075
64062
66129
68311
70568
72766
75031
77444
79918
82450
85111
87821
90683
93667
96739
99822
103090
106515
109994
113529
117246
121045
125003
129136
133333
137658
142107
146803
151589
156426
161565
166761
172103
177670
183556
189575
195702
201957
208458
215262
222437
229667
237104
244899
252940
261323
269693
278292
287268
296647
306318
316087
326307
336947
347828
359085
370751
382816
395291
407970
421073
434819
449073
463497
478515
493988
510070
526805
544133
561694
579978
598821
618246
638341
659092
680274
702198
725127
748727
772531
797431
823071
849424
876970
905487
934861
965402
996613
1029105
1062352
1096373
1131803
1168029
1205747
1244426
1284795
1326459
1369193
1413795
1459748
1507302
1555740
1606194
1658159
1711716
1767157
1824430
1883498
1944508
2007401
20794
21454
22088
22831
23604
24420
25211
25999
26860
27672
28596
29524
30502
31460
32431
33511
34605
35747
36954
38124
39413
40668
41959
43303
44758
46145
47611
49173
50820
52426
54144
55863
57687
59484
61367
63402
65359
67458
69625
71805
74076
76562
79066
81617
84195
86851
89655
92661
95663
98708
101865
105169
108527
111954
115492
119214
123105
127094
131264
135446
139792
144388
149046
153933
158837
164037
169379
174867
180610
186512
192559
198844
205204
211780
218839
226057
233401
240953
248655
256565
264684
273366
282208
291523
300873
310772
320757
331152
341895
352952
364445
376314
388343
400863
413820
427210
441139
455419
470287
485420
501244
517704
534407
551737
569710
588186
607284
626722
646768
667423
689071
711575
734494
758642
782901
808103
834175
860926
888763
917488
947121
977749
1009658
1042437
1076056
1110799
1146959
1184161
1222361
1262143
1302964
1344997
1388545
1433450
1479727
1527188
1576673
1628113
1680736
1735430
1791329
1849321
1909119
1970932
2034874
20870
21510
22239
22971
23726
24512
25303
26125
26996
27875
28738
29695
30604
31553
32588
33626
34669
35836
37006
38227
39450
40784
42071
43434
44838
46243
47796
49323
50919
52557
54311
56095
57914
59703
61622
63599
65648
67677
69915
72188
74616
77039
79490
82094
84751
87471
90299
93271
96315
99528
102895
106282
109693
113169
116807
120478
124371
128420
132545
136847
141274
145885
150693
155603
160669
165793
171265
176874
182635
188623
194749
201000
207642
214290
221274
228280
235602
243261
251204
259415
268034
276691
285628
294787
304262
314116
324220
334611
345460
356661
368068
380048
392331
404994
418171
431695
445657
459900
474694
490073
506117
522430
539570
557043
575118
593737
612977
632886
653365
674350
695977
718829
742086
766234
790919
816595
843128
870432
898707
927652
957806
988869
1021183
1054209
1088214
1123299
1159689
1197434
1236291
1276473
1318111
1360760
1404836
1450253
1497453
1545906
1595971
1647584
1701012
1756350
1812914
1871607
1932766
1995379
2060342
21326
22040
22718
23427
24193
24949
25762
26610
27459
28339
29295
30287
31263
32236
33285
34413
35517
36711
37849
39081
40402
41705
43069
44549
45982
47472
48990
50586
52287
53982
55713
57509
59411
61433
63448
65562
67669
69847
72089
74455
76905
79385
81796
84477
87216
89974
92868
95939
99104
102385
105797
109350
112915
116521
120224
124194
128255
132405
136699
141142
145794
150562
155531
160541
165653
170958
176609
182317
188200
194242
200560
207067
213894
220753
227821
235131
242817
250767
258872
267344
276100
284942
294126
303519
313438
323611
334311
345133
356418
368152
380136
392212
405028
418166
431501
445641
460088
474784
490160
505838
522154
538998
556240
574393
592883
612024
631844
652525
673685
695711
718096
741362
765215
790018
815539
841850
868981
897109
926114
955842
986705
1018625
1052004
1086135
1121244
1157617
1195352
1234384
1274500
1316049
1358915
1402563
1447947
1494730
1543354
1593602
1645216
1698623
1753824
1810728
1869491
1930223
1992726
2056731
21235
21935
22626
23353
24069
24874
25634
26485
27294
28197
29111
30072
31014
32034
33122
34192
35243
36376
37563
38768
40003
41277
42569
43995
45459
46912
48412
49989
51624
53343
55105
56878
58768
60671
62636
64602
66707
68888
71169
73461
75811
78301
80752
83388
86045
88849
91709
94652
97682
100835
103998
107368
110824
114351
117996
121797
125802
129891
134143
138395
142835
147547
152366
157274
162353
167593
173010
178750
184428
190456
196468
202805
209337
216168
223318
230481
238004
245601
253467
261617
270136
278952
287868
297372
307116
317197
327319
337928
348886
360093
371746
383952
396200
409046
422439
436100
450298
464912
480111
495685
511716
528308
545558
563275
581705
600748
620267
640463
661390
682748
704994
727912
751841
776357
801865
827944
854310
881722
910085
939583
970099
1001551
1033947
1067534
1101761
1137454
1174360
1212207
1251565
1292157
1334281
1377345
1422351
1468359
1516207
1565311
1615987
1667848
1722033
1777608
1835356
1894632
1956304
2019745
20788
21495
22192
22951
23688
24448
25234
26079
26927
27835
28774
29702
30671
31644
32683
33712
34841
35994
37156
38289
39530
40753
42110
43488
44878
46301
47825
49397
50996
52590
54318
