102668
105336
108172
111060
113994
116991
120120
123206
126458
129710
133268
136864
140475
144282
148183
152174
156289
160476
164965
169402
173694
178218
182959
187889
192921
198151
203386
208818
214404
220091
225906
232027
238349
244779
251384
258222
265200
272530
279817
287426
295165
303100
311188
319595
328395
337330
346342
355680
365453
375278
385443
395911
406590
417713
429096
440997
453041
465730
478545
491772
505389
519208
533410
547981
562903
578164
593946
609997
626475
643406
661071
679111
697634
716784
736557
756709
777304
798575
820479
842840
866082
889892
914368
939595
965478
991748
1019033
1047252
1076003
1105732
1136435
1167459
1199700
1232765
1266455
1301354
1337352
1374543
1412647
1451899
1492123
1533443
1575858
1619643
1664457
1710507
1757975
1806930
1856815
1908266
1961115
2015212
20696
21264
21834
22431
23062
23689
24374
25055
25733
26438
27230
28050
28880
29703
30462
31325
32201
33100
34025
34958
35914
36915
37919
38968
40067
41232
42395
43565
44729
45978
47303
48600
49966
51345
52836
54318
55852
57339
58901
60489
62178
63921
65638
67455
69387
71343
73305
75348
77458
79633
81817
84124
86561
89014
91474
94145
96748
99467
102340
105279
108241
111350
114556
117793
121090
124455
127923
131608
135274
139223
143131
147158
151369
155690
160121
164595
169236
174144
179212
184325
189444
194921
200561
206272
212291
218427
224612
231045
237553
244319
251376
258600
265921
273698
281443
289396
297760
306308
315171
324177
333423
343056
352938
363014
373443
384088
395124
406397
418106
430169
442440
454997
468220
481698
495491
509663
524415
539426
554959
571066
587550
604429
621864
639719
658131
677066
696674
716647
737375
758417
780274
802756
825870
849696
874534
899702
925949
952749
980358
1008833
1038067
1068231
1099310
1131140
1163984
1198162
1233308
1268866
1305902
1343492
1382495
1422779
1464206
1506939
1550986
1596013
1642565
1690604
1739870
1790502
1842854
1896876
1951909
2008556
20571
21194
21779
22418
23092
23778
24442
25139
25860
26601
27390
28189
29016
29886
30710
31624
32552
33488
34548
35552
36608
37716
38795
39936
41040
42261
43510
44802
46121
47545
48972
50357
51818
53361
54974
56636
58285
59971
61768
63612
65475
67457
69340
71429
73427
75636
77812
80111
82420
84824
87379
90003
92711
95512
98378
101320
104328
107470
110593
113914
117398
120854
124470
128160
131913
135856
139818
143879
148240
152609
157202
161842
166555
171525
176598
181842
187115
192790
198503
204400
210558
216906
223368
230028
236997
244031
251330
258667
266372
274279
282378
290839
299407
308430
317562
327005
336788
346829
357219
367724
378881
389938
401728
413735
425939
438864
452015
465511
479390
493625
508532
523744
539429
555796
572482
589599
607273
625644
644510
663759
683798
704452
725510
747401
769866
792921
816807
841493
866601
892457
919110
946689
975417
1004863
1035399
1066714
1098881
1132106
1166080
1201468
1237596
1275136
1313585
1353060
1393527
1435599
1479242
1524014
1570096
1617884
1666670
1717158
1768883
1822108
1877018
1934221
1993025
2053224
21050
21653
22362
23052
23730
24460
25214
25998
26729
27543
28403
29227
30106
31019
31991
32985
33943
35001
36028
37148
38270
39467
40675
41906
43165
44532
45986
47397
48809
50313
51816
53380
55034
56655
58332
60150
61963
63912
65858
67931
70014
72036
74221
76442
78785
81195
83704
86246
88833
91586
94421
97379
100258
103305
106395
109663
113031
116376
119924
123658
127331
131274
135308
139504
143785
148263
152678
157401
162139
167125
172337
177475
182888
188459
194128
200054
206116
212502
218910
225589
232538
239673
247108
254775
262590
270537
278810
287484
296186
305117
314456
324032
334072
344437
355083
365831
377033
388686
400641
412929
425721
438603
451870
465765
480067
494764
510153
525913
542109
559031
575983
593484
611636
630382
649797
670041
691131
712603
734494
757129
780665
804724
829669
855237
881752
909025
937096
965866
995383
1026300
1058180
1090580
1124551
1159167
1194686
1231909
1269978
1309212
1349943
1391532
1434545
1478948
1524918
1571979
1620539
1670502
1722167
1775377
1830619
1887341
1945452
2005683
20702
21357
22029
22714
23415
24130
24896
25684
26456
27331
28159
28972
29842
30724
31711
32698
33659
34717
35789
36835
37962
39089
40302
41586
42864
44186
45579
47028
48521
49991
51582
53178
54796
56503
58294
60169
62012
63929
65915
67959
70078
72301
74589
76967
79255
81772
84345
86987
89759
92560
95486
98457
101552
104703
107885
111238
114677
118147
121761
125596
129428
133488
137531
141783
146141
150615
155312
160115
165201
170391
175730
181085
186751
192535
198497
204831
211218
217834
224720
231827
239200
246676
254491
262318
270641
279179
287782
296894
306085
315606
325478
335673
346072
357008
368298
379731
391641
404005
416764
429876
443387
457227
471541
486398
501676
517329
533489
549926
567242
585127
603356
622301
641654
662005
682747
704304
726534
749598
773266
797115
822001
847840
874605
902040
930455
959889
989781
1020974
1053201
1086392
1120582
1155830
1192320
1229807
1268434
1308256
1349353
1391683
1435593
1480597
1527171
1575499
1625145
1676347
1729213
1783284
1839320
1897394
1957329
2019129
20810
21488
22127
22809
23513
24244
25040
25832
26629
27447
28300
29178
30056
31045
32082
33107
34149
35215
36358
37485
38643
39766
41015
42325
43598
44996
46449
48010
49547
51064
52694
54302
56011
57780
59653
61533
63440
65455
67487
69656
71855
74064
76433
78732
81220
83882
86591
89468
92195
95061
98040
101123
104319
107551
110863
114305
117881
121590
125407
129427
133509
137695
142005
146443
151166
155994
160839
166118
171431
176906
182380
188157
194201
200433
206780
213222
220048
227079
234285
241841
249421
257337
265574
273793
282310
291295
300617
310011
319726
329977
340510
351348
362436
374145
386046
398276
410980
424083
437400
451303
465549
480395
495697
511424
527745
544631
561829
579628
597986
617081
636839
656964
678052
699540
721711
744666
768292
792625
817782
843766
870707
898495
927252
956651
986974
1018699
1051162
1084724
1119098
1154710
1191456
1229214
1268438
1309213
1350947
1394046
1438253
1483995
1531220
1580059
1630191
1682187
1735802
1791494
1848371
1907059
1968069
2031028
20544
21229
21899
22612
23328
24057
24842
25625
26480
27291
28182
29092
30008
30967
31987
33001
34028
35168
36316
37476
38676
39853
41138
42476
43824
45269
46710
48228
49778
51471
53131
54777
56511
58304
60183
62114
64103
66204
68283
70462
72687
75039
77428
79969
82510
85142
87928
90715
93644
96680
99688
102925
106190
109672
113299
117015
120782
124784
128856
133013
137160
141563
146220
150925
155768
160716
165864
171171
176685
182332
188352
194302
200463
206957
213628
220339
227370
234674
242141
249893
257775
266037
274522
283252
292266
301490
311308
321301
331607
342390
353271
364551
376452
388577
401171
414179
427444
441314
455653
470179
485268
500661
516780
533550
550782
568419
586833
605565
625210
645243
666027
687677
709982
732912
756468
780971
805726
831692
858507
886082
914504
943845
973955
1005469
1037769
1071195
1105990
1141945
1178764
1216630
1256082
1296227
1338227
1381295
1425807
1471520
1519094
1568003
1618733
1671167
1725518
1781278
1838547
1897871
1958767
2022045
20723
21370
22073
22775
23499
24249
25028
25835
26638
27523
28395
29317
30286
31286
32270
33323
34491
35532
36708
37909
39118
40410
41710
43106
44475
45919
47447
49036
50631
52249
53949
55707
57528
59379
61289
63263
65328
67454
69491
71716
74109
76465
78981
81610
84311
87053
89845
92635
95534
98602
101838
105232
108679
112112
115716
119425
123333
127232
131310
135515
139956
144502
149176
154005
159107
164211
169495
174919
180576
186378
192410
198538
204879
211425
218431
225459
232833
240372
248190
256268
264516
273178
282030
291157
300662
310332
320449
330922
341639
352621
364268
375948
388113
400691
413614
427090
440887
455062
469807
485091
500716
516907
533572
551021
568814
587415
606555
626028
646506
667376
688745
711155
734328
758117
782740
808031
834089
860950
888736
917495
947451
978114
1009631
1042444
1076123
1111171
1146889
1183762
1222159
1262147
1303465
1345966
1389599
1434503
1481073
1529124
1578731
1630123
1682507
1737244
1793921
1852096
1911996
1973644
2037864
20937
21635
22364
23060
23787
24548
25340
26192
27081
27954
28844
29720
30706
31660
32722
33785
34873
35961
37102
38299
39594
40915
42271
43602
44954
46401
47933
49458
51063
52685
54459
56253
58110
59932
61838
63891
65969
68091
70438
72834
75163
77661
80269
82942
85682
88427
91334
94299
97509
100707
104015
107448
110950
114480
118212
122094
126189
130320
134570
138917
143490
148231
153139
158075
163273
168604
174279
179898
185695
191612
197873
204217
210860
217757
224912
232090
239637
247419
255381
263533
272298
281179
290373
299815
309590
319714
330214
341055
352194
363689
375492
387929
400347
413324
426747
440849
455254
470144
485378
501249
517502
534474
551979
569985
588554
607692
627423
647902
668862
690507
712897
735778
759585
784243
809733
836055
863465
891693
920910
950921
982125
1014009
1046960
1081277
1116550
1153117
1190741
1229766
1269636
1310749
1353302
1397481
1443286
1490282
1538963
1589145
1640548
1694199
1749366
1806214
1865236
1925985
1988695
2053309
21339
22051
22767
23523
24240
25020
25846
26693
27579
28427
29339
30291
31301
32311
33352
34395
35471
36704
37903
39112
40424
41705
43090
44482
45955
47514
49091
50716
52329
54012
55785
57663
59588
61609
63597
65685
67846
70035
72317
74646
77064
79614
82195
84798
87651
90588
93561
96669
99814
103031
106456
110007
113689
117355
121239
125224
129322
133556
137895
142426
147148
151902
156861
161932
167274
172741
178508
184341
190482
196718
203204
209814
216841
223859
231351
238904
246719
254722
263290
271933
280789
289978
299533
309274
319320
329859
340681
351800
363401
375135
387489
400112
413011
426512
440476
454649
469552
484939
500811
517397
534276
551615
569558
588230
607215
627325
647702
668701
690424
713044
736169
760308
785153
810827
837444
864897
893650
922901
953124
984288
1016566
1049942
1083958
1119546
1155799
1193790
1232820
1272966
1314599
1357727
1402383
1448274
1495638
1544597
1594976
1646949
1700788
1756407
1813818
1873118
1934581
1997319
2062183
21414
22119
22821
23560
24306
25112
25942
26793
27653
28560
29478
30395
31334
32332
33353
34432
35562
36689
37850
39162
40401
41743
43052
44464
45998
47531
49021
50621
52266
53999
55802
57648
59524
61501
63499
65534
67707
69875
72217
74584
77047
79498
82063
84655
87483
90401
93288
96310
99500
102785
106200
109605
113156
116796
120632
124571
128737
132954
137328
141802
146413
151321
156330
161446
166777
172373
178077
183885
189951
196175
202663
209341
216435
223514
230813
238319
246064
254167
262539
271062
280069
289224
298640
308246
318239
328615
339458
350519
362205
374373
386593
399281
412582
426140
440053
454463
469423
484635
500441
516808
533773
551371
569806
588423
607701
627707
648193
669274
691237
713803
737224
761460
786515
812272
839221
866730
895150
924469
954859
986329
1018638
1051860
1086314
1121998
1158603
1196523
1235670
1276176
1317790
1361180
1405971
1451758
1498777
1548166
1599195
1651310
1705069
1760791
1818775
1878435
1940342
2003639
20824
21525
22195
22919
23683
24475
25235
26075
26953
27815
28722
29692
30653
31662
32684
33815
34841
36008
37139
38355
39622
40935
42251
43633
45028
46506
48074
49718
51298
52986
54743
56521
58317
60181
62228
64224
66405
68613
70905
73180
75636
78151
80751
83456
86168
88972
91970
94974
98097
101283
104550
108011
111558
115293
119037
122837
126722
130874
135288
139632
144337
149140
154094
159152
164524
169875
175460
181173
187216
193404
199747
206337
213036
219981
227333
234724
242379
250381
258575
267011
275830
284803
294297
304133
314071
324333
335005
345889
357050
368882
380845
393373
406139
419438
433150
447437
462036
477148
492840
509009
525473
542958
560878
579362
598398
617816
638049
659136
680923
703498
726608
750388
775117
800515
826780
853941
882032
911201
941166
971889
1003842
1036274
1070258
1105772
1142374
1179969
1218755
1258847
1300377
1342913
1387008
1432525
1479478
1528249
1578676
1630286
1683475
1739154
1796625
1855930
1917239
1980061
2044868
21105
21757
22488
23216
23965
24810
25625
26485
27341
28252
29156
30046
31011
32003
33105
34205
35331
36499
37723
38963
40336
41649
42945
44370
45881
47409
48930
50506
52139
53839
55563
57438
59348
61341
63348
65500
67705
69879
72146
74489
76931
79568
82142
84921
87687
90522
93500
96653
99811
103097
106521
110029
113588
117390
121279
125253
129384
133600
137968
142492
147196
152139
157160
162376
167687
173279
179087
184919
191061
197380
203782
210540
217337
224576
231857
239537
247471
255603
263986
272717
281789
291089
300541
310439
320567
331248
342047
353333
364818
376910
389411
402323
415388
428949
443028
457535
472316
488077
504108
520698
537834
555573
574055
592669
611906
632080
652899
674504
696767
719468
742944
767211
792899
819113
845938
873833
902745
932377
963013
994746
1027192
1060459
1095111
1131227
1168471
1206943
1246815
1287822
1330259
1374031
1419274
1465660
1514167
1563574
1614944
1668248
1723277
1779956
1838395
1898970
1961449
2025824
20732
21399
22101
22795
23519
24252
25050
25861
26725
27606
28525
29485
30425
31421
32471
33567
34650
35818
37045
38267
39526
40776
42092
43482
44967
46503
48086
49656
51246
52979
54693
56504
58342
60203
62173
64272
66389
68442
70708
73041
75493
77942
80515
83246
85973
88811
91716
94720
97869
101032
104327
107670
111223
114893
118727
122622
126722
130824
135118
139614
144217
148857
153783
158922
164106
169568
175217
181013
186965
193083
199391
205984
212794
219779
227008
234493
242356
250262
258410
266991
275964
285147
294534
304242
314167
324424
335179
346216
357358
369184
381105
393596
406513
419863
433787
448049
462722
478062
493727
509648
526311
543459
561402
579779
599061
618702
639176
660196
681910
704109
727083
750872
775790
801480
827961
855452
883752
912714
942596
973770
1006042
1039404
1073537
1109168
1145368
1182812
1221683
1262085
1303498
1346433
1390969
1436422
1483658
1532081
1582662
1634721
1688529
1744102
1801581
1860498
1922044
1985007
2050800
21293
21958
22701
23429
24217
25042
25866
26711
27579
28478
29367
30317
31356
32424
33517
34585
35780
36909
38133
39416
40751
42110
43514
44922
46371
47838
49453
51120
52812
54517
56295
58112
60033
61953
63935
66049
68268
70468
72744
75122
77536
80095
82690
85432
88242
91147
94132
97228
100471
103766
107239
110700
114337
118082
122066
126021
130271
134604
139125
143610
148483
153392
158445
163751
169158
174595
180322
186148
192152
198368
204857
211595
218447
225627
233113
240755
248685
256833
265178
273977
283069
292297
301991
311734
322103
332622
343567
354773
366510
378521
391099
403943
417232
431042
445108
459913
474964
490819
506948
523544
540746
558327
576763
595855
615468
635778
656792
678572
700914
724285
748285
773082
798847
824947
851862
880041
909206
939094
970146
1001887
1035133
1069302
1104300
1140297
1178005
1216646
1256937
1298302
1340891
1385172
1430649
1478129
1527146
1577448
1629127
1682805
1738304
1795527
1854686
1915764
1978948
2044271
21131
21840
22551
23285
24082
24901
25706
26515
27352
28294
29232
30222
31222
32225
33254
34346
35474
36618
37823
39057
40330
41696
43076
44563
46021
47517
49040
50640
52318
54063
55851
57632
59532
61554
63631
65678
67825
70074
72407
74746
77210
79801
82318
85020
87881
90817
93785
96919
100125
103366
106755
110354
113875
117529
121380
125349
129490
133766
138149
142570
147289
152166
157143
162154
167570
173176
178815
184644
190668
196933
203449
210157
216956
224077
231322
238976
246959
255119
263670
272356
281260
290680
300155
310139
320309
330906
341624
352811
364277
376296
388612
401366
414569
427977
442074
456752
471769
487198
503427
520020
537151
554650
572881
591677
611119
630890
651616
673059
695187
718082
741949
766699
792010
818111
845383
873268
902158
931900
962729
994515
1027330
1061076
1096140
1132413
1169844
1208538
1248540
1289622
1332393
1376433
1421963
1468797
1516909
1566631
1617950
1671249
1726092
1782891
1841781
1902508
1965099
2029803
20833
21543
22267
23004
23731
24533
25297
26114
26969
27851
28727
29721
30708
31700
32711
33824
34905
36108
37231
38465
39753
41023
42387
43799
45240
46684
48183
49821
51472
53129
54886
56635
58435
60404
62386
64483
66579
68783
71112
73428
75939
78476
81088
83748
86505
89441
92265
95348
98499
101760
105099
108578
112099
115759
119548
123520
127571
131770
136087
140620
145345
150207
155094
160382
165709
171213
176834
182675
188641
194853
201207
207822
214626
221770
229057
236671
244477
252654
261017
269816
278763
287896
297409
307112
317191
327715
338443
349498
361165
373040
385179
398035
411180
424997
439026
453628
468595
484050
499918
516363
533264
550874
569078
587747
606921
626826
647610
669162
691382
714108
737694
761959
787222
813175
839980
867331
895391
925000
955639
987210
1020010
1054061
1088980
1124762
1161876
1199866
1239316
1280296
1322991
1366777
1411764
1458347
1506280
1555874
1607370
1660098
1714701
1771049
1829525
1890056
1952413
2017006
20586
21276
21984
22681
23432
24178
24969
25797
26679
27540
28446
29401
30384
31381
32426
33461
34568
35728
36932
38191
39456
40775
42134
43507
44906
46432
48043
49613
51254
52893
54621
56460
58315
60250
62207
64254
66371
68524
70832
73169
75520
78017
80638
83420
86129
88958
91838
94879
98049
101306
104684
108136
111670
115381
119283
123122
127191
131370
135648
140149
144843
149524
154490
159475
164789
170222
175871
181639
187610
193744
200203
206924
213667
220546
227752
235386
243200
251150
259380
267898
276612
285781
295022
304904
314910
325133
335898
347061
358465
370196
382342
394926
407938
421546
435389
449821
464630
479882
495757
511983
528687
546287
564256
582882
602143
621893
642294
663539
685233
708003
731311
755397
780481
806302
832801
860469
888896
918395
948668
979830
1012104
1045469
1080350
1115822
1152417
1190449
1229875
1270352
1312141
1355418
1399941
1445933
1493779
1542963
1594160
1646637
1701145
1757028
1815006
1874895
1936872
2000409
20881
21551
22270
23005
23803
24554
25385
26202
27054
27877
28858
29841
30835
31862
32932
34010
35181
36393
37571
38800
40148
41475
42826
44211
45699
47193
48793
50362
51970
53751
55605
57415
59233
61163
63241
65340
67522
69660
71951
74341
76710
79296
81933
84666
87435
90348
93318
96378
99552
102865
106232
109718
113353
117084
120948
124927
129056
133271
137655
142201
146890
151793
156651
161664
167082
172580
178213
184194
190355
196644
203091
209758
216633
223925
231427
239019
246802
254914
263336
272086
281130
290390
299890
309819
320151
330704
341436
352745
364479
376557
388921
401836
415105
428928
442914
457450
472384
487945
504137
520625
537657
555294
573667
592560
612238
632381
653286
674735
696883
719828
743606
768220
793519
819626
846841
874599
903657
933584
964504
996305
1028931
1063160
1098206
1134542
1171964
1210514
1250464
1291728
1334219
1377885
1423454
1470429
1518932
1568877
1620575
1673915
1729097
1786285
1845295
1906239
1969083
2034287
21045
21783
22531
23275
24025
24787
25614
26457
27326
28252
29180
30148
31172
32261
33297
34392
35533
36632
37844
39091
40369
41692
43082
44469
45944
47449
49041
50636
52357
54028
55762
57579
59536
61521
63432
65524
67665
69894
72182
74560
76954
79541
82082
84804
87501
90424
93434
96652
99753
103122
106421
109902
113603
117251
121107
125151
129225
133459
137885
142446
147212
152149
157172
162241
167705
173211
178879
184664
190628
196927
203425
210116
216994
224225
231713
239353
247321
255415
263841
272599
281583
290882
300487
310480
320791
331510
342389
353620
365275
377436
389848
402757
416038
429771
444151
458766
473990
489509
505530
522159
539202
556994
575559
594571
613965
634209
655039
676766
699102
722036
745857
770653
795852
822209
849195
877342
906148
935893
966864
999031
1032062
1065862
1101069
1137878
1175270
1214209
1254332
1295870
1338361
1382539
1428163
1475250
1524108
1573699
1625461
1679674
1735000
1792232
1851788
1912980
1976257
2041354
21114
21816
22581
23337
24104
24900
25721
26604
27475
28399
29303
30293
31271
32312
33397
34477
35621
36797
38013
39217
40497
41825
43184
44549
46031
47566
49060
50631
52310
54065
55929
57796
59711
61701
63753
66009
68250
70421
72785
75055
77508
80164
82751
85500
88225
91105
94164
97244
100504
103866
107334
110839
114460
118301
122122
126142
130318
134684
139029
143616
148447
153178
158214
163507
168905
174411
180223
186235
192435
198834
205480
212308
219264
226406
233768
241600
249489
257734
266316
275165
284286
293585
303178
313097
323401
334130
345013
356457
368086
380177
392692
405663
419098
432912
447307
461955
477132
492945
509005
525822
542985
560850
579422
598526
618001
638399
659674
681356
703913
727238
751251
776015
801410
827896
855049
883538
