102653
105359
108172
111032
113905
116878
120067
123243
126542
129979
133379
136894
140485
144272
148117
152075
156012
160239
164444
168904
173421
178046
182784
187616
192633
197753
202868
208318
213955
219643
225469
231567
237712
244170
250734
257537
264353
271539
278778
286231
293894
301761
309761
318089
326577
335224
344360
353586
363077
372834
382864
393157
403518
414324
425443
436938
448781
460956
473207
485909
499105
512498
526489
540616
555162
570220
585421
601440
617672
634386
651710
669310
687787
706532
725650
745183
765453
786453
807623
829421
851990
875144
898876
923473
948252
973995
1000482
1027908
1055730
1084505
1113840
1144543
1175499
1207705
1240633
1274163
1309094
1344586
1381570
1419371
1458401
1498355
1539559
1581749
1624665
1669086
1714967
1762372
1810651
1860330
1911717
1964013
2018098
20608
21173
21760
22333
22927
23546
24187
24863
25565
26310
27036
27750
28492
29255
30041
30885
31784
32660
33537
34505
35494
36497
37522
38612
39660
40813
41925
43107
44286
45545
46767
47982
49297
50733
52203
53702
55109
56623
58111
59749
61359
63039
64899
66734
68634
70601
72586
74603
76700
78850
81022
83324
85592
87988
90474
93048
95657
98350
101029
103783
106657
109738
112831
116027
119304
122618
125962
129462
133132
136839
140609
144477
148568
152817
157155
161581
166119
170843
175602
180487
185555
190814
196189
201692
207268
213114
219119
225317
231712
238237
244862
251760
258932
266251
274057
281918
289940
298019
306500
315166
323860
333072
342319
351927
361763
371963
382516
393353
404417
415772
427389
439522
452071
464752
477942
491358
505293
519641
534194
549411
564970
580886
597255
614237
631949
649875
668438
687378
706943
727206
747932
769215
791275
813902
837026
860883
885417
910748
936752
963297
990814
1019228
1048619
1078543
1109383
1140927
1173627
1207321
1241710
1277322
1313720
1351330
1389536
1429602
1470633
1512829
1556233
1601233
1646907
1694332
1743486
1793441
1844975
1897728
1952061
2008100
20487
21119
21700
22309
22956
23637
24329
25022
25707
26486
27283
28077
28881
29708
30557
31502
32380
33294
34263
35250
36327
37382
38453
39581
40771
41932
43139
44437
45676
47039
48415
49769
51198
52658
54218
55790
57360
59038
60755
62559
64346
66146
68116
70146
72192
74306
76461
78635
80844
83156
85558
87925
90470
93057
95671
98513
101413
104295
107337
110434
113562
116897
120200
123654
127185
130951
134625
138578
142490
146673
150996
155301
159820
164496
169299
174256
179369
184681
190108
195674
201545
207365
213480
219552
226011
232637
239523
246583
253864
261320
268924
276750
285018
293450
302054
310888
320039
329417
339102
348922
359389
369766
380580
391876
403592
415399
427837
440258
453300
466708
480401
494442
508959
523848
539306
555203
571663
588403
605782
623556
642018
661079
680280
700355
720933
742193
763910
786429
809458
833520
858040
883356
909416
936223
963704
992424
1022095
1052618
1083831
1116170
1149381
1183377
1218185
1254045
1291050
1329365
1368687
1409101
1450912
1493414
1537830
1583641
1630528
1679011
1728782
1780267
1832964
1887832
1943902
2001619
20633
21240
21880
22526
23168
23881
24584
25298
26009
26774
27533
28379
29194
30080
30950
31857
32786
33785
34750
35821
36901
37998
39156
40320
41573
42850
44100
45390
46743
48104
49522
50996
52521
54088
55779
57437
59285
61081
62862
64760
66696
68749
70723
72788
74905
77178
79565
81921
84324
86891
89518
92277
95037
97853
100695
103772
106938
110199
113461
116824
120345
123936
127625
131475
135471
139540
143750
148114
152578
157212
161963
166902
171907
177187
182536
187938
193673
199522
205449
211556
217945
224474
231156
238159
245391
252872
260538
268426
276683
285007
293684
302468
311484
320877
330565
340651
350949
361510
372381
383686
395388
407422
419755
432393
445498
459001
472966
487424
502152
517256
532846
548783
565810
582793
600631
618774
637646
657071
677173
697814
718986
741114
763724
786945
810959
835817
861226
887358
914351
942139
970767
1000400
1030894
1062126
1094500
1127760
1162224
1197691
1234132
1271992
1310941
1351079
1392218
1435198
1479063
1524579
1571235
1619092
1668695
1719899
1772454
1826922
1882745
1940758
2000036
20748
21358
21968
22706
23422
24127
24886
25638
26410
27200
28041
28929
29817
30730
31730
32642
33626
34699
35758
36857
37958
39123
40289
41556
42830
44211
45562
46986
48480
50034
51535
53164
54792
56479
58241
60097
61920
63786
65784
67745
69846
71991
74221
76450
78755
81195
83755
86406
89149
92005
94855
97755
100810
103971
107112
110424
113912
117435
121061
124712
128620
132756
136848
141078
145527
150031
154662
159519
164509
169683
175034
180447
185920
191769
197761
203793
210028
216424
223037
229976
237021
244437
252088
260060
267975
276329
284928
293635
302862
312296
322020
332017
342189
352957
363984
375374
386952
398996
411284
424044
437291
450719
464653
479065
493963
509469
525297
541651
558464
575757
593706
612210
631461
650930
671111
692090
713708
735889
758848
782624
807048
832710
858842
885762
913325
941595
971077
1001362
1032703
1065216
1098490
1133127
1168414
1205023
1242741
1281895
1322049
1363423
1406488
1450585
1496050
1542936
1590817
1640547
1691984
1745281
1799837
1856456
1914930
1975088
2037242
21060
21701
22329
23053
23780
24560
25333
26136
26939
27812
28693
29629
30594
31562
32537
33638
34669
35694
36835
38011
39214
40471
41774
43164
44498
45861
47353
48752
50364
51900
53604
55346
57030
58781
60626
62504
64494
66503
68660
70850
73044
75373
77754
80174
82634
85135
87894
90701
93602
96540
99676
102782
105951
109327
112724
116274
119893
123652
127707
131730
135793
140188
144661
149259
153914
158965
164067
169333
174669
180228
185881
191762
197796
204148
210780
217486
224449
231797
239139
246760
254610
262779
271184
279845
288742
297836
307425
317486
327748
338348
349091
360104
371414
383191
395200
407788
420797
434075
447842
462177
476850
492318
508011
524368
541246
558389
576286
594787
613996
633443
654050
674957
696601
718966
742147
765925
790658
816025
842394
869245
897372
926388
956083
986466
1018324
1050914
1084615
1119316
1155570
1192788
1231099
1270691
1311700
1353902
1397364
1441945
1488377
1536262
1585635
1636654
1689320
1743952
1800090
1857706
1917466
1979216
2043197
21176
21860
22499
23248
24001
24766
25538
26360
27204
28072
28941
29826
30761
31738
32739
33802
34930
36034
37234
38428
39686
40958
42319
43672
45125
46588
48127
49761
51402
53051
54799
56615
58536
60420
62379
64370
66453
68600
70826
73176
75589
78045
80598
83292
85910
88695
91541
94434
97532
100767
104107
107450
110984
114499
118201
122078
126063
130125
134484
138780
143259
147949
152651
157562
162715
168011
173472
179082
185023
191120
197387
203769
210351
217277
224423
231819
239421
247124
255341
263685
272218
280928
290066
299479
309147
318984
329380
340116
351223
362679
374582
386951
399373
412494
426011
439770
454157
468936
484374
500244
516721
533411
550697
568593
587103
606644
626241
646796
668133
690085
712727
735988
760058
784780
810404
836991
864421
892910
922273
952370
983805
1016395
1049627
1084336
1119710
1156537
1194122
1233358
1273861
1315814
1358660
1403334
1449538
1497046
1546448
1597106
1649519
1703572
1759401
1817649
1877121
1938647
2002618
20338
21005
21705
22390
23120
23888
24668
25461
26314
27216
28089
29003
29994
30955
32057
33130
34229
35388
36575
37798
39062
40346
41660
43024
44431
45878
47424
49062
50693
52341
54050
55787
57620
59567
61545
63604
65688
67795
70099
72442
74926
77372
79908
82500
85123
87964
90741
93727
96852
100080
103324
106696
110251
113905
117724
121572
125532
129842
134125
138503
143169
147820
152726
157777
163107
168500
174060
179683
185648
191800
197939
204535
211252
218247
225555
232984
240702
248697
257023
265488
274397
283594
293079
302853
312801
323291
333997
344844
356279
368018
380485
392967
406091
419306
433306
447705
462639
477753
493513
509783
526797
544213
562485
581235
600500
620428
640843
662038
684070
706705
730163
754583
779429
805329
832232
860006
888844
918237
949005
980650
1013391
1047014
1082075
1118154
1155125
1193321
1233215
1274075
1316440
1359917
1405066
1451739
1500471
1550295
1602236
1655505
1710949
1767859
1826805
1887664
1950295
2015528
20474
21139
21836
22578
23356
24123
24920
25743
26620
27548
28441
29431
30421
31456
32438
33440
34614
35717
36905
38140
39378
40691
41994
43364
44783
46247
47769
49335
50924
52631
54444
56205
58102
60006
62114
64283
66417
68688
71012
73384
75820
78320
80927
83596
86447
89326
92344
95504
98698
102067
105372
108935
112553
116367
120195
124215
128365
132563
137035
141545
146248
151106
156159
161267
166601
172158
177830
183808
190066
196463
202971
209823
216769
223973
231349
239168
247205
255485
264041
272826
282004
291465
301224
311331
321628
332377
343543
354916
366861
379206
391698
404569
418236
432142
446531
461247
476647
492667
509101
526364
544171
562287
581010
600393
620309
640920
661944
684127
707006
730653
755436
780820
807107
834177
862060
890982
920716
951524
983199
1016198
1050445
1085407
1121570
1159317
1198087
1238321
1279645
1322121
1366223
1412023
1459596
1508414
1559174
1611572
1665429
1721298
1779232
1838684
1900741
1964466
2030748
20978
21723
22412
23179
23944
24738
25602
26512
27399
28292
29216
30191
31185
32302
33412
34574
35760
36931
38237
39520
40827
42205
43603
45081
46598
48197
49769
51419
53187
54985
56861
58774
60758
62690
64733
66942
69300
71670
74129
76588
79105
81789
84498
87408
90331
93346
96448
99658
102981
106459
110080
113727
117507
121501
125582
129786
134185
138717
143432
148207
153185
158339
163587
169159
174833
180638
186779
193148
199731
206542
213486
220611
228035
235729
243746
252018
260455
269223
278145
287485
297095
307134
317489
328316
339179
350753
362793
375087
387780
400740
413967
428196
442657
457567
472857
488864
505317
522148
539829
558059
576878
596511
616380
637130
658661
681001
703903
727246
751779
777107
803444
830309
858384
887243
917150
948164
980223
1013426
1047582
1083228
1119582
1157133
1196386
1236745
1278565
1321200
1365503
1411542
1458914
1508020
1558520
1611185
1665496
1721885
1779768
1839880
1901228
1965273
2031523
21030
21750
22469
23183
23927
24735
25553
26402
27278
28190
29172
30160
31162
32267
33364
34454
35613
36805
38087
39307
40651
41974
43348
44791
46269
47756
49364
51022
52778
54537
56270
58126
60090
62114
64244
66431
68716
71004
73448
75886
78406
81110
83853
86738
89640
92692
95843
99006
102302
105817
109442
113126
117064
120891
124906
129136
133446
137899
142632
147401
152488
157546
162938
168329
173957
179837
185910
192204
198753
205365
212445
219569
226973
234529
242405
250530
258918
267651
276612
285974
295763
305791
316069
326594
337564
348988
360754
373053
385529
398384
411759
425557
439854
454613
470067
485743
502234
519166
536661
554719
573448
592775
612615
633245
654691
676769
699298
722815
747030
772189
798070
824910
852841
881905
911885
942667
974541
1007562
1041408
1076602
1113061
1150639
1189675
1230040
1271835
1315059
1359494
1405891
1454058
1503518
1554157
1606875
1660995
1717296
1775217
1835267
1897342
1961651
2027777
21137
21854
22603
23365
24141
24950
25813
26695
27558
28462
29401
30387
31445
32513
33628
34754
35919
37132
38345
39592
40897
42235
43681
45177
46689
48284
49923
51624
53320
55082
56960
58895
60886
62976
65111
67342
69561
72008
74486
77019
79653
82381
85176
88014
90999
94089
97289
100480
103939
107466
111100
114911
118851
122891
127050
131435
135784
140375
145140
150040
155103
160338
165745
171399
177322
183360
189596
196096
202911
209733
216902
224159
231718
239642
247687
256166
264731
273729
282923
292387
302299
312566
323263
334198
345658
357480
369559
381935
394617
407882
421862
436174
450881
466269
481951
498291
515116
532614
550596
569308
588464
608398
629024
650405
672519
695205
718634
742763
767997
794541
821486
849414
877955
907685
938233
969761
1002445
1036244
1071204
1107373
1144849
1183424
1223357
1264597
1307599
1352027
1397815
1445354
1494792
1545102
1597653
1651786
1707226
1765050
1825291
1887103
1950970
2016933
20772
21491
22190
22941
23671
24464
25288
26146
27055
27935
28883
29923
30899
31917
32988
34121
35334
36512
37742
38996
40292
41624
43024
44497
45973
47493
49054
50669
52330
54144
55924
57784
59736
61767
63805
65917
68195
70512
72921
75326
77819
80482
83234
86098
89039
92001
95097
98251
101548
104975
108542
112203
115990
119879
123943
128117
132332
136822
141478
146066
150919
155942
161258
166825
172337
178152
184067
190270
196673
203425
210430
217651
225109
232785
240692
248685
257036
265790
274944
284180
293786
303659
313996
324603
335883
347029
358658
370820
383083
396120
409403
423355
437626
452452
467858
483677
499937
516770
534277
552180
570787
590059
610021
630768
651904
673990
696947
720593
745116
770384
796237
823186
851291
880569
910303
941088
972787
1005896
1039846
1075215
1111800
1149477
1188224
1228263
1269955
1313209
1358012
1404122
1451773
1500951
1551558
1604554
1658841
1715243
1773517
1833386
1895813
1959887
2026423
20991
21682
22398
23179
23972
24787
25640
26534
27383
28336
29300
30343
31358
32433
33511
34651
35839
37127
38367
39613
40950
42394
43803
45285
46799
48400
50043
51717
53493
55215
57074
59016
61011
63074
65215
67444
69776
72197
74598
77201
79917
82507
85339
88290
91251
94281
97645
100924
104304
107740
111414
115264
119042
123058
127187
131412
135793
140362
145144
150101
155064
160237
165734
171419
177271
183370
189717
196140
202890
209703
216924
224299
231905
239799
247991
256497
265236
274472
283888
293554
303402
313757
324396
335436
346770
358480
370690
383368
396191
409576
423474
437761
452493
467878
483765
500299
517328
534956
552935
571707
591226
611380
631930
653047
675236
697844
721300
745560
770571
796843
824006
852071
880757
910696
941555
973488
1006359
1040555
1075958
1112487
1150380
1189630
1230107
1271880
1315180
1359688
1406050
1453894
1503083
1554273
1607179
1661448
1718095
1776043
1836682
1899019
1963581
2030106
21201
21960
22737
23458
24260
25092
25930
26800
27669
28569
29526
30540
31559
32654
33765
34874
36103
37274
38507
39769
41151
42518
43963
45460
47013
48619
50299
51978
53733
55576
57477
59473
61494
63595
65770
68085
70339
72794
75131
77656
80288
83013
85856
88770
91711
94733
97939
101239
104640
108039
111628
115363
119248
123291
127504
131757
136270
140921
145640
150617
155826
161119
166537
172205
177978
183992
190119
196608
203154
210025
217113
224459
232153
240098
248409
256864
265641
274586
283903
293397
303460
313623
324026
334942
346372
357995
370091
382692
395616
408991
422823
437297
452264
467523
483391
499704
516696
534238
552390
571123
590475
610439
631224
652727
674879
697860
721660
746145
771341
797496
824658
852846
881589
911388
942398
974519
1007491
1041694
1076639
1113286
1150958
1190310
1230512
1271863
1315041
1359780
1406006
1453734
1502852
1554249
1607133
1661235
1717753
1776521
1836588
1899147
1963533
2030216
21337
22074
22831
23615
24406
25206
26037
26873
27714
28641
29615
30633
31687
32829
33936
35034
36243
37507
38738
40020
41353
42724
44158
45677
47112
48685
50417
52146
53872
55726
57643
59581
61602
63815
65965
68186
70552
72989
75484
78112
80803
83524
86311
89216
92300
95351
98647
101987
105494
109161
112808
116684
120584
124766
129005
133335
137885
142517
147423
152359
157540
162863
168331
174096
180214
186279
192701
199238
206083
213142
220387
227908
235672
243854
252135
260728
269494
278728
288057
297843
307963
318301
329105
340217
351838
363755
376155
388890
402242
416014
430303
445045
460085
475552
491553
508029
525353
543063
561584
580519
600363
620874
641923
663814
686205
709641
733643
758759
784471
811268
839042
867108
896741
927226
958624
991067
1025094
1059678
1095921
1133226
1172107
1211927
1252826
1295234
1338998
1384263
1431122
1479616
1529835
1581916
1635755
1691524
1748955
1808255
1869979
1933626
1999555
2067525
21339
22033
22811
23594
24444
25247
26072
27009
27972
28929
29910
30921
31951
32994
34137
35312
36516
37752
39054
40393
41792
43217
44665
46171
47739
49322
51041
52858
54687
56566
58557
60547
62629
64785
66906
69139
71510
73897
76441
78982
81668
84428
87162
90052
93051
96283
99493
102906
106504
110121
113905
117822
121761
125847
130210
134590
139111
143837
148809
153888
158998
164317
169939
175746
181775
187945
194336
201010
207719
214699
221969
229567
237396
245531
253851
262295
271188
280322
289840
299615
309788
320221
331082
342263
353916
365854
378234
390926
404291
417856
431961
446514
461594
477196
493384
509959
527280
545153
563629
582721
602576
623264
644052
666176
688864
712264
736154
760937
786948
813668
841352
870105
899302
929705
961167
993359
1026902
1061966
1098236
1135427
1173872
1213833
1254795
1297114
1341345
1386612
1433893
1482956
1533185
1585208
1638927
1695121
1753014
1812000
1873483
1937011
2002532
20804
21509
22223
22994
23763
24579
25421
26288
27166
28145
29100
30078
31121
32154
33269
34393
35558
36720
38041
39360
40687
42044
43429
44905
46461
48027
49603
51214
52955
54714
56539
58517
60489
62593
64729
66947
69244
71550
73985
76466
79073
81772
84470
87386
90382
93559
96795
100077
103408
106875
110458
114229
118055
122012
126134
130449
134916
139531
144223
149072
154087
159304
164704
170365
176075
182034
188035
194318
200926
207746
214619
221776
229297
237138
245332
253745
262350
271405
280844
290313
300171
310119
320627
331252
342470
353965
365865
378270
391017
404172
417761
432003
446589
461730
477440
493399
509951
527086
545179
563406
582655
602367
622849
643701
665712
688181
711778
736086
761146
786957
813478
840968
869770
899582
930048
961646
994289
1027992
1062681
1098685
1136344
1174929
1215032
1256252
1299154
1343332
1388859
1436454
1485101
1535520
1587945
1641583
1697477
1755197
1814958
1876708
1940348
2005799
20802
21558
22342
23103
23880
24700
25556
26363
27215
28114
29094
30077
31106
32138
33302
34428
35663
36882
38180
39457
40808
42189
43670
45145
46673
48290
49880
51577
53382
55193
57045
58901
61013
63112
65215
67432
69745
72079
74439
76916
79577
82299
85169
88146
91157
94310
97583
100824
104216
107699
111439
115188
119097
123163
127326
131594
136088
140715
145552
150484
155593
160762
166330
171960
177764
183843
190086
196613
203227
210183
217359
224839
232430
240248
248290
256902
265663
274606
283948
293595
303545
313780
324287
335301
346580
358537
370856
383449
396431
410125
424101
438584
453472
468907
485062
501666
518565
535996
554250
573484
593146
613324
634062
655591
677972
701088
724916
749933
775468
801807
828842
857260
886391
916188
947132
979491
1012790
1047339
1082836
1119625
1157612
1196917
1237673
1279892
1323288
1368251
1414856
1462478
1512336
1563568
1616379
1671535
1728255
1786867
1847659
1910673
1975894
2042849
21372
22081
22813
23620
24393
25209
26076
26976
27885
28841
29841
30806
31865
33011
34192
35346
36583
37822
39053
40412
41821
43242
44721
46249
47795
49417
51090
52959
54698
56589
58458
60412
62485
64590
66745
69060
71428
73821
76324
78935
81591
84339
87216
90127
93207
96370
99627
103117
106669
110185
113947
117885
121847
126050
130455
134859
139499
144105
149032
154188
159429
164828
170343
176177
182208
188374
194760
201377
208163
215290
222748
230475
238284
246262
254671
263426
272302
281576
291080
301042
311327
321826
332730
344002
355579
367557
380112
393196
406510
420374
434685
449398
464816
480741
497002
514018
531324
549261
568000
587295
607203
627761
648971
671055
693740
717289
741976
767593
793769
820658
848164
877249
906812
937700
969912
1003297
1037141
1072495
1109095
1147196
1186138
1226888
1268597
1311765
1356501
1402404
1449892
1499017
1550118
1602612
1656978
1713367
1771247
1831426
1893248
1957438
2024241
20855
21604
22358
23084
23867
24714
25557
26429
27330
28203
29208
30201
31222
32244
33377
34525
35653
36850
38062
39350
40689
42103
43577
45093
46600
48170
49780
51470
53205
54964
56824
58804
60791
62798
64957
67158
69517
71919
74274
76776
79470
82180
84945
87843
90861
93935
97193
100408
103644
107218
110746
114486
118270
122246
126424
130794
135244
139821
144595
149525
154524
159761
165114
170698
176586
182509
188685
195071
201710
208668
215870
223124
230688
238587
246672
255083
263746
272912
282249
291844
301645
311850
322469
333357
344533
356415
368525
381189
394106
407713
421540
435826
450654
466084
481857
498229
515218
532639
550848
569373
588632
608764
629484
650981
673192
696194
719876
744109
769356
795260
822347
850253
879064
909016
939958
972058
1005071
1039381
1074886
1111320
1148987
1187920
1228733
1270677
1313998
1358583
1404865
1452381
1501736
1553049
1605859
1660528
1717120
1775257
1835942
1898531
1962949
2029907
21107
21789
22519
23282
24045
24856
25735
26597
27493
28471
29423
30484
31508
32568
33686
34819
36013
37247
38515
39855
41130
42554
43988
45500
47110
