102640
105348
108135
111135
114168
117170
120284
123490
126758
130054
133517
137054
140695
144435
148255
152196
156281
160369
164558
169117
173603
178236
183048
187939
192952
198025
203156
208670
214282
220079
225933
231982
238220
244643
251078
257719
264696
271769
278834
286182
293809
301708
309918
318385
326935
335801
344898
354144
363634
373491
383365
393696
404235
415228
426489
437944
449773
461784
474243
487129
500191
513739
527644
542125
556741
571985
587488
603348
619571
636371
653684
671279
689516
708115
727168
746849
767287
788099
809494
831559
854297
877689
901578
926032
951319
977266
1004054
1031611
1059758
1088389
1118287
1148706
1180253
1212438
1245602
1279419
1314659
1350787
1387507
1425891
1464927
1504766
1546058
1588526
1632247
1676933
1722640
1769955
1818786
1868752
1920133
1972716
2026901
20833
21398
22017
22593
23225
23864
24490
25145
25803
26536
27244
28016
28793
29549
30379
31239
32076
32977
33908
34823
35789
36752
37755
38721
39890
40929
42026
43176
44349
45598
46887
48189
49516
50885
52281
53700
55214
56726
58353
59899
61583
63283
64985
66762
68615
70495
72530
74557
76639
78798
80973
83168
85467
87807
90263
92683
95297
97932
100660
103389
106264
109223
112321
115421
118654
121843
125207
128721
132456
136258
140089
144071
148042
152170
156477
160901
165382
169990
174855
179694
184640
189827
195120
200556
206185
211931
217828
224011
230307
236862
243445
250406
257486
264755
272099
279837
287758
296097
304396
313055
321869
331004
340636
350326
360330
370583
381066
391956
402954
414331
426037
437878
450318
463024
476466
490361
504396
518684
533317
548368
564037
580220
596901
613954
631445
649612
668175
687375
707049
727389
747943
769403
791325
813814
837118
860995
885726
910704
937024
964071
991570
1019732
1048890
1078724
1109710
1141760
1174028
1207935
1242386
1278257
1314836
1352472
1391009
1430668
1471647
1514015
1557550
1602357
1648645
1695838
1744348
1794364
1846040
1899190
1953341
2009504
20690
21276
21946
22563
23223
23920
24571
25272
25982
26689
27407
28257
29067
29916
30797
31672
32612
33528
34463
35429
36420
37474
38506
39608
40745
41877
43010
44249
45580
46909
48304
49664
51024
52459
54117
55665
57199
58859
60617
62331
64088
66039
67922
69899
71999
74104
76247
78452
80712
83078
85535
88021
90543
93219
95888
98706
101603
104519
107557
110756
113964
117317
120822
124297
128033
131819
135651
139565
143613
147812
152123
156569
161048
165812
170570
175595
180716
186076
191443
197063
202911
208756
214908
221111
227813
234248
241145
248219
255428
262880
270530
278543
286747
295106
303651
312615
321858
331471
341206
351141
361276
371986
382958
394108
405625
417511
429661
442111
455322
468902
482753
496733
511419
526696
542255
557931
574331
591327
608962
626869
645300
664227
683646
703860
724447
745900
767943
790466
813938
837888
862570
888147
914414
941286
969090
997699
1027495
1058010
1089430
1121364
1154657
1189189
1224003
1260303
1297677
1336428
1376197
1417174
1459364
1502616
1547145
1593020
1640332
1689309
1739416
1791324
1844231
1899605
1956221
2014609
20820
21455
22153
22805
23523
24209
24953
25695
26472
27276
28083
28922
29745
30630
31527
32515
33445
34444
35462
36537
37642
38741
39910
41108
42301
43533
44814
46167
47558
48906
50404
51898
53449
55029
56618
58309
60028
61854
63781
65741
67585
69545
71590
73741
75799
78055
80412
82928
85407
87918
90502
93232
95998
98934
102066
105169
108324
111689
115153
118661
122231
125959
129725
133667
137696
141809
146026
150394
154890
159492
164355
169345
174538
179713
185057
190649
196471
202360
208543
214768
221312
228124
235068
242161
249500
257124
264963
272952
281098
289545
298332
307264
316508
326081
335992
346323
356903
367695
378931
390466
402277
414475
427086
439967
453408
467014
481347
495914
510991
526581
542492
559179
576101
593546
611812
630344
649656
669426
689748
710785
732263
754767
777753
801356
825899
850991
876694
903569
931410
959776
989008
1019477
1050529
1082730
1115898
1150064
1185026
1221581
1259208
1297473
1336751
1377263
1419476
1462935
1507819
1554292
1602349
1651368
1701859
1753977
1807332
1862740
1919946
1978674
2039146
20932
21551
22237
22952
23664
24358
25083
25887
26673
27442
28268
29137
30011
30915
31896
32832
33865
34868
35987
37115
38267
39375
40634
41926
43282
44591
46019
47460
48936
50492
52100
53815
55531
57241
59053
60875
62719
64643
66691
68782
70931
73215
75497
77861
80409
82894
85498
88217
90999
93901
96810
99739
102837
106006
109319
112744
116297
119887
123552
127375
131325
135361
139668
144007
148607
153141
157862
162741
167723
172980
178320
184005
189696
195616
201764
208047
214489
221135
228226
235263
242585
250227
258056
266089
274469
283084
291964
301043
310534
320256
330179
340428
351046
362177
373639
385150
397107
409770
422599
435801
449480
463571
477844
492777
508400
524230
540419
557177
574657
592835
611500
630629
650021
670339
690967
712742
735353
758417
782068
806570
831814
857957
884755
912632
941357
971138
1001346
1032963
1065312
1098855
1133613
1169299
1205957
1243648
1282562
1322774
1364453
1407431
1451675
1497601
1544840
1593367
1643692
1695642
1749271
1804105
1861023
1919582
1980177
2042517
21210
21891
22580
23318
24008
24732
25512
26338
27162
27997
28869
29769
30697
31652
32631
33619
34739
35798
36977
38216
39438
40667
41982
43320
44734
46162
47689
49175
50751
52298
53953
55652
57429
59367
61248
63173
65146
67277
69393
71627
73897
76240
78747
81331
83937
86662
89382
92156
95061
98048
101169
104370
107685
111116
114720
118384
122125
125920
129981
134189
138496
142879
147506
152211
157078
162194
167334
172740
178230
183909
189779
195896
202187
208655
215277
222086
229231
236630
244193
251914
260039
268285
276790
285656
294866
304298
313877
323766
334242
344960
355920
367208
379187
391407
404013
416989
430073
443940
458182
472918
488039
503828
519987
536681
553966
571807
590025
608971
628606
648795
669466
691056
713363
736287
760437
784860
810255
836332
863122
890548
919154
948519
979009
1010310
1043006
1076496
1110999
1147065
1183686
1221863
1261002
1301603
1343335
1386691
1431551
1477946
1525775
1574934
1625474
1677676
1731751
1787297
1845191
1904731
1966585
2030130
21035
21698
22449
23208
23967
24691
25508
26319
27245
28116
29007
29990
31026
32067
33103
34182
35284
36448
37677
38900
40129
41410
42761
44156
45603
47052
48587
50201
51868
53514
55269
57223
59108
61047
63037
65107
67230
69469
71747
74039
76391
78811
81394
83976
86606
89455
92432
95422
98613
101869
105155
108610
112220
115833
119714
123625
127703
131904
136021
140495
145116
149834
154818
159795
164998
170418
176014
181645
187502
193693
200102
206611
213453
220357
227553
234827
242390
250380
258486
266965
275641
284603
293856
303561
313542
323748
334154
345032
356499
368000
380192
392538
405360
418542
432343
446493
461254
476466
491953
507962
524682
542017
559753
578067
596850
616388
636573
657372
678812
701122
724290
747791
772175
797234
823326
850447
878191
907013
936803
967695
999619
1032286
1065911
1100933
1137140
1174820
1213415
1253277
1294235
1336553
1380441
1425881
1473319
1521824
1572021
1623830
1677293
1732512
1789554
1848476
1909340
1972002
2037043
20950
21684
22386
23116
23885
24642
25472
26335
27206
28080
29000
29932
30892
31856
32943
34013
35140
36297
37466
38727
39973
41324
42692
44088
45555
47093
48684
50343
52023
53711
55483
57304
59188
61127
63182
65289
67432
69676
71998
74374
76831
79439
82034
84789
87614
90465
93388
96493
99742
103052
106472
109840
113548
117326
121259
125376
129514
133766
138238
142731
147428
152397
157464
162716
168162
173837
179665
185676
191799
198168
204668
211438
218612
225805
233354
241082
249087
257233
265585
274468
283450
292819
302586
312563
322978
333882
344880
356246
368025
380206
392708
405824
419568
433376
447887
462830
478376
494272
510575
527609
545107
563020
581571
600935
620714
641287
662898
684775
707422
731020
755433
780493
806472
833234
861175
889568
918988
949531
980920
1013650
1047233
1082327
1118263
1155269
1193971
1233654
1274528
1317493
1361119
1406284
1453214
1501840
1551885
1603670
1657136
1712297
1769361
1827826
1888753
1951478
2016255
20896
21576
22324
23050
23839
24568
25365
26179
27022
27919
28889
29828
30811
31887
32981
34088
35199
36377
37626
38851
40146
41491
42845
44195
45689
47213
48796
50387
52103
53805
55573
57464
59379
61328
63331
65488
67697
69982
72304
74715
77240
79778
82503
85235
88066
91058
94136
97295
100552
103830
107321
110965
114643
118539
122454
126358
130555
134938
139507
144357
149144
154109
159305
164606
170048
175861
181634
187615
193823
200342
207057
214004
221176
228798
236397
244335
252527
260756
269342
278404
287716
297409
307367
317557
328244
339371
350579
362380
374502
387086
400043
413534
427299
441738
456565
471814
487615
504084
520864
538247
556093
574857
594313
614078
634452
655732
677873
700521
724232
748536
773693
799745
826732
854282
882936
912319
942678
974292
1007242
1040933
1075986
1112283
1149633
1188265
1228131
1269008
1311519
1355592
1400918
1448028
1497022
1547540
1600016
1653624
1709094
1766262
1824775
1885910
1949299
2015022
20889
21606
22278
23041
23798
24613
25443
26329
27232
28128
29055
30027
31049
32051
33124
34297
35463
36636
37895
39268
40610
41954
43377
44874
46400
47909
49467
51210
52842
54633
56481
58346
60364
62395
64494
66646
68897
71169
73638
76153
78797
81417
84172
87002
89919
92860
95915
99136
102535
105978
109565
113266
117111
120963
125044
129305
133668
138107
142672
147600
152499
157560
162756
168148
173858
179803
185815
192048
198602
205324
212216
219448
226930
234561
242432
250629
259057
267887
276941
286229
295912
305889
316280
327017
337915
349412
361153
373308
385807
398873
412416
426392
440873
455797
471230
487160
503598
520598
538382
556692
575665
595120
615262
635853
657256
679298
701968
725568
750021
775509
801749
828929
856857
886020
915880
946691
978272
1011495
1045428
1080898
1117145
1155150
1194067
1234227
1275801
1319079
1363476
1409477
1456908
1506030
1556925
1609275
1663428
1719113
1776903
1837001
1898459
1962707
2028880
20964
21651
22370
23118
23875
24663
25466
26349
27231
28150
29093
30120
31187
32207
33305
34426
35630
36807
38063
39351
40692
42112
43520
45060
46603
48199
49869
51555
53276
55134
56964
58844
60883
62911
65017
67264
69506
71914
74383
76811
79367
82087
84828
87681
90682
93633
96833
100154
103487
106984
110650
114355
118213
122080
126151
130336
134618
139112
143896
148838
153815
159038
164331
169920
175666
181661
187850
194241
200714
207604
214556
221858
229394
237010
244912
253184
261900
270638
279593
288981
298711
308750
319060
329856
340951
352499
364538
376816
389274
402444
416136
430211
444594
459499
475181
491252
507907
524975
542598
560939
579992
599495
619755
640818
662515
685130
708239
731963
756602
782108
808508
836006
864441
893651
923780
955068
987205
1020480
1054887
1090717
1127595
1165672
1205470
1246262
1288074
1331542
1376478
1422966
1470989
1520652
1572142
1624951
1679870
1736816
1795563
1856276
1919348
1984290
2051712
21030
21794
22476
23222
24034
24826
25696
26547
27434
28439
29424
30420
31470
32532
33567
34700
35892
37112
38386
39676
41032
42429
43886
45324
46893
48482
50125
51837
53613
55451
57345
59292
61257
63262
65371
67661
69994
72339
74825
77311
79978
82742
85542
88509
91496
94585
97793
101126
104521
107950
111611
115332
119217
123350
127495
131776
136300
140838
145589
150569
155646
160870
166266
172044
177905
183947
190167
196611
203246
210238
217353
224722
232438
240109
248165
256671
265410
274388
283970
293835
303813
314259
324893
335973
347238
358981
371198
383893
396855
410355
424456
438640
453546
468812
484634
501002
517982
535465
553582
572258
591582
611753
632557
653906
676247
698922
722879
747261
772446
798525
825543
853619
882362
912478
942879
974953
1007751
1041944
1077283
1113892
1151656
1190515
1230872
1272703
1315678
1360321
1407060
1454491
1503517
1554277
1606665
1660686
1716821
1775435
1835837
1898089
1962115
2028359
20919
21597
22351
23116
23914
24738
25560
26445
27313
28230
29154
30163
31188
32252
33388
34515
35688
36854
38082
39365
40641
42038
43398
44836
46311
47890
49534
51191
52931
54654
56465
58363
60350
62350
64539
66719
69020
71417
73777
76310
78863
81573
84374
87210
90243
93410
96503
99767
103179
106703
110245
114029
117802
121929
126138
130451
134929
139584
144163
149082
154156
159351
164765
170252
176125
182195
188306
194682
201143
207964
214945
222090
229732
237439
245358
253807
262528
271422
280815
290257
300325
310324
320998
331885
343238
355042
367008
379473
392350
405628
419470
433663
448208
463269
478872
495086
511689
529076
546912
565602
584771
604549
625011
646174
668031
690562
714224
738331
763276
789027
815739
843360
872138
901640
932157
964094
996632
1030808
1065752
1101852
1139512
1178390
1218421
1259452
1302224
1346427
1391669
1438867
1487843
1538653
1590335
1644081
1700135
1758079
1818077
1879608
1943443
2009611
20867
21533
22281
23047
23822
24633
25521
26380
27306
28251
29207
30185
31208
32297
33369
34576
35732
36983
38234
39523
40801
42150
43543
45006
46565
48101
49768
51485
53254
55110
57003
58941
61027
63114
65270
67536
69781
72152
74679
77142
79652
82382
85129
88050
91084
94080
97280
100517
103909
107453
111110
114904
118873
122946
127008
131247
135657
140214
144958
149846
154883
160144
165487
171233
176953
183082
189355
195816
202411
209214
216286
223604
231169
239035
247188
255571
264268
273271
282606
292210
302019
312244
322710
333633
344853
356499
368452
380903
394021
407420
421393
435612
450236
465482
481243
497452
514398
531985
550177
569006
588322
608260
628971
650284
672254
694806
718389
742713
767804
794345
821443
849388
878368
908171
938954
970858
1003788
1037972
1073156
1109615
1147301
1186590
1226957
1268635
1311469
1355832
1402054
1449489
1498559
1549277
1601673
1656020
1712185
1770374
1830176
1892767
1956948
2023490
20878
21561
22276
23021
23846
24596
25440
26312
27186
28073
29043
30048
31123
32183
33290
34462
35611
36786
37987
39261
40609
41955
43356
44804
46358
47808
49458
51134
52869
54657
56503
58414
60400
62508
64617
66804
69013
71345
73726
76284
78889
81572
84384
87178
90015
93075
96268
99507
102989
106482
109988
113807
117571
121517
125677
130009
134457
139090
143755
148601
153636
158812
164189
169857
175583
181369
187471
193736
200358
207338
214529
221846
229372
237188
245253
253534
262092
270897
280176
289580
299440
309485
320026
330963
342355
354024
366006
378370
391147
404611
418409
432575
447312
462720
478428
494391
511150
528468
546471
565303
584709
604736
625132
646369
668204
690738
714098
738446
763594
789642
816356
843408
871929
901446
931919
963440
996132
1030016
1064918
1101201
1138340
1176713
1217015
1258573
1301452
1345645
1391477
1438598
1487375
1538019
1590245
1643986
1699589
1757621
1816991
1878434
1941856
2007773
20682
21360
22093
22847
23590
24414
25258
26109
26976
27950
28861
29839
30861
31894
32932
34042
35204
36377
37613
38883
40198
41590
42994
44500
46006
47570
49222
50882
52690
54475
56331
58212
60147
62242
64408
66597
68784
71101
73543
76046
78604
81299
84037
86900
89823
92825
95887
99114
102436
105863
109561
113272
117150
121132
125382
129687
134096
138735
143543
148254
153193
158324
163707
169316
175092
181149
187277
193570
200146
206928
214156
221466
228903
236566
244677
253029
261627
270450
279938
289466
299408
309531
320088
330875
342263
353801
365840
378285
391084
404236
418040
432099
446733
461867
477382
493420
510305
527425
545369
563783
583039
602684
623108
644311
666190
689051
712269
736291
761310
787202
813838
841464
870182
899351
929842
961323
994205
1027962
1062953
1099242
1136657
1174878
1214747
1256242
1299030
1343131
1388791
1436056
1485200
1536050
1588387
1642257
1698675
1756139
1815923
1877428
1941127
2006763
20773
21483
22186
22876
23662
24462
25297
26201
27147
28110
29114
30042
31054
32127
33164
34336
35535
36768
37972
39315
40613
42005
43450
44857
46402
47999
49568
51290
53005
54816
56703
58661
60605
62629
64824
67120
69387
71679
74192
76648
79210
81863
84544
87419
90441
93424
96607
99913
103250
106882
110582
114274
118155
122103
126320
130686
135102
139659
144508
149415
154579
159810
165272
170909
176566
182622
188911
195295
202107
209057
216193
223400
230941
238705
246756
255098
263707
272717
282076
291501
301406
311671
322171
332984
344048
355806
367864
380452
393283
406606
420478
434840
449620
464968
480712
497053
514166
531670
549607
568330
587483
607460
628104
649446
671557
694323
718104
742278
767407
793623
820895
848830
877918
907731
938942
970581
1003620
1037854
1072944
1109319
1146940
1186108
1226357
1267986
1310849
1355477
1401688
1449148
1498315
1548673
1601465
1655745
1711927
1770110
1830250
1892280
1956720
2023506
20803
21523
22248
23002
23734
24543
25424
26263
27139
28106
29078
30068
31090
32164
33250
34444
35624
36865
38152
39443
40802
42206
43627
45097
46602
48126
49775
51509
53214
55079
57012
58974
60970
63043
65182
67462
69800
72154
74607
77076
79675
82369
85126
87985
91023
94163
97491
100810
104196
107818
111461
115315
119219
123257
127466
131788
136291
140885
145648
150611
155686
160942
166461
172114
177924
184095
190296
196604
203230
210260
217492
224893
232466
240386
248579
257042
265660
274628
283965
293719
303602
313576
324164
335255
346799
358622
370856
383477
396407
409962
423866
438157
452920
468444
484449
500832
517803
535321
553403
572066
591585
611595
632348
653614
675808
698551
722584
746943
772178
798420
825543
853673
882774
912618
943490
975229
1008732
1043092
1078532
1115236
1153006
1192131
1232527
1274475
1317737
1362670
1408817
1456270
1505683
1556988
1610092
1664563
1721232
1779332
1840251
1902494
1967012
2033868
20772
21517
22282
23035
23803
24616
25456
26350
27212
28121
29110
30101
31106
32180
33250
34449
35559
36771
38043
39347
40738
42085
43472
45031
46529
48130
49823
51550
53353
55198
57024
59014
61039
63104
65245
67417
69637
71961
74435
77023
79650
82267
85096
87891
90891
93924
97160
100445
103776
107331
111017
114806
118654
122622
126789
131077
135584
140086
144803
149753
154791
160141
165628
171406
177212
183202
189542
195947
202491
209458
216771
224151
231745
239564
247664
256213
264845
273905
283382
292942
302852
313147
323893
334910
346319
358079
370124
382854
395957
409418
423209
437586
452397
467861
483602
499957
517076
534685
552906
571961
591389
611405
632151
653815
675649
698606
722258
747089
772344
798511
825927
854170
883250
913591
944998
977096
1010120
1044117
1079766
1116658
1154708
1194371
1234870
1276755
1320378
1365327
1411725
1459917
1510099
1561929
1615473
1670476
1727127
1785824
1846702
1909368
1974125
2041297
21063
21752
22490
23291
24107
24907
25815
26736
27690
28610
29599
30584
31638
32715
33825
35014
36241
37468
38717
40049
41391
42773
44226
45726
47284
48901
50541
52321
54026
55883
57711
59685
61740
63897
66090
68331
70672
73089
75520
78056
80742
83417
86273
89259
92319
95496
98683
101985
105507
109100
112855
116755
120742
124959
129150
133640
138200
142888
147717
152645
157838
163119
168781
174478
180515
186654
193003
199658
206271
213242
220585
228141
235790
243611
251979
260619
269634
278728
288179
297817
308090
318627
329439
340611
352098
364131
376544
389375
402722
416517
430834
445434
460574
476206
492346
508824
526210
543709
562017
580965
600421
620799
641831
663674
686074
709481
733574
758504
784144
810850
838223
866809
896288
926954
958394
990699
1024115
1058977
1095112
1132307
1170952
1210590
1251866
1294107
1338450
1383770
1431059
1479636
1529745
1581741
1635307
1690965
1748413
1807985
1869356
1933052
1998338
2066592
21208
21896
22662
23456
24219
25079
25917
26812
27683
28593
29522
30527
31576
32662
33759
34885
36005
37219
38513
39811
41171
42623
44092
45594
47144
48737
50399
52111
53891
55730
57600
59548
61551
63594
65673
67923
70304
72695
75212
77691
80329
83091
85951
88886
91968
95106
98338
101695
105181
108742
112415
116389
120350
124516
128776
133053
137406
142199
147130
152024
157287
162620
168212
173848
179573
185686
192109
198720
205504
212574
219793
227412
235198
243080
251412
259893
268828
278101
287713
297657
307959
318471
329160
340425
351848
363762
376142
388868
402144
415761
429865
444538
459550
475210
491378
508119
525547
543499
562103
581249
600839
621124
642202
664009
686614
709931
733929
758864
784664
811211
838828
867384
896880
927559
959087
991604
1025681
1060326
1096608
1134017
1172772
1212489
1253614
1296070
1340310
1385694
1433097
1481916
1532212
1584316
1638111
1693699
1751087
1811020
1872481
1935894
2001477
20732
21444
22159
22933
23702
24517
25340
26176
27085
28039
28974
29990
31003
32008
33088
34158
35288
36479
37688
38964
40274
41653
43083
44490
45949
47494
49094
50757
52422
