102715
105431
108164
110942
113931
117011
120058
123261
126484
129934
133452
137108
140833
144598
148347
152296
156330
160522
164705
169179
173727
178414
183175
188209
193146
198461
203787
209267
214977
220804
226801
232992
239258
245673
252263
259091
265922
273161
280527
287984
295774
303749
311985
320597
329283
338145
347397
356813
366576
376371
386574
397061
407813
418859
430056
441824
453819
466153
478870
491979
505340
519012
533284
547875
562901
578330
594188
610382
627074
644102
661699
679762
698431
717676
737390
757448
778170
799474
821597
843891
867111
890692
915247
940507
966581
992983
1020166
1048172
1076886
1106750
1137129
1168704
1200684
1233681
1267736
1302417
1338343
1375154
1413427
1452422
1492537
1533872
1576626
1620668
1665369
1711321
1758922
1807406
1856633
1908095
1960934
2015589
20751
21305
21868
22495
23158
23773
24456
25151
25856
26574
27330
28064
28855
29698
30562
31450
32353
33242
34187
35150
36154
37151
38189
39264
40368
41476
42612
43783
45033
46271
47600
48959
50332
51774
53216
54666
56170
57724
59420
61097
62843
64671
66386
68224
70150
72152
74213
76322
78465
80616
82890
85216
87590
90018
92565
95235
97892
100637
103549
106393
109427
112577
115811
119159
122582
126117
129710
133453
137312
141150
145113
149192
153299
157660
162104
166699
171386
176234
181123
186302
191559
196976
202495
208219
214150
220277
226552
233156
239893
246828
253776
260944
268397
276110
284026
292113
300586
309156
317951
327052
336522
346115
356106
366365
377029
387887
398927
410244
421950
434076
446701
459501
472763
486429
500551
514756
529327
544788
560395
576451
593293
610319
627849
646147
664730
683748
703332
723752
744489
765668
787922
810753
833854
858045
882784
907913
934421
961602
989525
1018177
1047751
1078445
1109767
1141868
1174997
1209287
1244390
1280689
1318028
1356417
1395743
1435961
1477929
1520902
1564855
1610507
1656902
1705266
1754528
1805549
1858471
1912444
1968391
2025802
21020
21638
22275
22968
23644
24293
24983
25702
26430
27165
27937
28755
29594
30484
31374
32262
33195
34167
35198
36261
37311
38420
39538
40691
41874
43098
44366
45615
46921
48293
49675
51154
52640
54147
55714
57350
58988
60748
62474
64335
66266
68256
70196
72338
74434
76699
78929
81289
83602
86105
88657
91253
94027
96760
99751
102637
105670
108827
111939
115277
118633
122219
125753
129566
133460
137447
141432
145632
149856
154281
158850
163587
168566
173602
178793
184125
189686
195258
201047
207025
213180
219414
225946
232729
239546
246662
254033
261617
269379
277538
285861
294432
303183
312314
321354
330978
340853
350996
361401
372225
383261
394623
406371
418444
430827
443579
457091
470641
485047
499540
514599
529912
545742
562111
579166
596448
614234
632658
651479
671182
691346
712155
733651
755737
778338
801622
825833
850672
876387
902659
930126
958129
986853
1016348
1047117
1078842
1111321
1144851
1179336
1215006
1251680
1289059
1328006
1367978
1409430
1451613
1495463
1540437
1586965
1635106
1684238
1735127
1787350
1841619
1897462
1955248
2014261
20454
21040
21649
22336
22952
23627
24325
25020
25784
26597
27404
28205
29044
29922
30825
31772
32738
33738
34743
35803
36826
37909
39057
40284
41511
42759
44092
45410
46810
48286
49748
51254
52827
54461
56104
57737
59504
61309
63212
65218
67240
69222
71262
73401
75667
77955
80369
82885
85492
88117
90819
93545
96317
99272
102356
105414
108640
111968
115299
118724
122364
126073
129942
133942
138002
142144
146460
151014
155661
160376
165149
170259
175438
180860
186262
191971
197794
203864
210012
216546
223246
230201
237276
244564
252152
259868
267746
275852
284302
292987
301843
310963
320505
330265
340496
350888
361738
373077
384582
396299
408513
421150
434208
447660
461396
475637
490026
505028
520635
536597
553148
570232
587709
605725
624360
643439
663257
683837
705104
727000
749561
772608
796428
821137
846345
872612
899712
927240
955838
985300
1015283
1046533
1079031
1112624
1146990
1182432
1218839
1256833
1295493
1335588
1377080
1420133
1464019
1509270
1555859
1604230
1653984
1705318
1758245
1813004
1869541
1927786
1987749
2049484
21174
21822
22475
23152
23860
24569
25340
26154
26909
27712
28585
29498
30402
31334
32320
33333
34386
35506
36619
37739
38860
40061
41280
42501
43885
45265
46630
48081
49534
51033
52624
54209
55919
57714
59582
61462
63379
65352
67364
69495
71713
73955
76261
78521
80954
83522
86085
88717
91497
94347
97223
100271
103400
106600
110002
113434
116900
120602
124399
128402
132473
136620
140865
145357
149908
154566
159560
164584
169689
174899
180299
186003
191789
197776
204008
210423
216990
223679
230503
237733
245182
252928
260914
269135
277641
286186
295115
304359
313894
323999
334032
344684
355591
366786
378466
390565
402998
415486
428650
442196
456216
470509
485425
500919
516781
532874
549696
567012
584849
603468
622496
642118
662392
683168
704689
726892
749866
773375
797863
822998
848889
876136
903555
931975
961517
991373
1022564
1054738
1088089
1122394
1157921
1194774
1232263
1271133
1310675
1351580
1394317
1438197
1483600
1530251
1578416
1627828
1679135
1732312
1786944
1843304
1901434
1961430
2023911
20884
21520
22213
22908
23658
24391
25106
25926
26747
27587
28471
29385
30355
31300
32268
33273
34330
35454
36559
37697
38828
40082
41331
42618
43970
45337
46801
48343
49869
51491
53177
54903
56594
58378
60184
62091
64087
66185
68330
70461
72754
75011
77468
79970
82438
85203
87973
90804
93702
96608
99679
102830
106062
109405
112848
116406
120044
123796
127700
131746
135914
140203
144580
149066
153730
158745
163622
168821
174246
179826
185453
191386
197293
203667
210187
216832
223572
230726
237867
245616
253340
261394
269696
278322
287117
296184
305508
315186
325186
335647
346469
357616
368959
380750
392869
405261
418014
431529
445390
459439
474301
489339
505030
520896
537641
554754
572494
590831
609911
629386
649290
670020
691357
713650
736528
760113
784323
809422
835311
861756
889194
917703
946882
977084
1008165
1040247
1073117
1106973
1142405
1178988
1216556
1255296
1295388
1336780
1379806
1423573
1469221
1516291
1564701
1614782
1666625
1720111
1775248
1831965
1890558
1951053
2013548
20563
21255
21952
22700
23444
24194
24967
25736
26586
27350
28202
29154
30121
31086
32065
33149
34192
35343
36508
37648
38848
40095
41416
42734
44201
45639
47124
48662
50200
51936
53604
55287
57051
58863
60811
62685
64671
66731
68780
71142
73481
75900
78251
80790
83425
86078
88881
91757
94794
97832
101037
104182
107524
110923
114438
118085
121763
125799
129806
133906
138205
142582
147126
151924
156810
161813
167132
172541
178139
183919
189667
195768
202061
208550
215314
222132
229264
236673
244133
251987
260023
268295
276894
285788
294945
304409
314126
324218
334505
345267
356285
367827
379728
391952
404718
417665
430904
444766
459149
473996
489413
505112
521579
538386
555607
573484
591790
610892
630523
650687
671586
693120
715386
738640
762326
786850
812132
838289
865590
893270
921909
951383
981792
1013507
1046257
1079688
1114758
1150565
1187615
1225846
1265014
1305801
1347372
1390822
1435911
1482550
1530127
1579493
1630303
1683474
1737884
1794380
1851929
1911646
1973277
2037097
21089
21802
22456
23141
23882
24643
25437
26235
27134
27956
28849
29760
30735
31758
32803
33854
34929
36063
37238
38454
39732
41029
42346
43798
45222
46692
48216
49772
51397
53082
54795
56558
58438
60365
62292
64295
66384
68533
70722
73058
75416
77799
80330
82920
85677
88389
91264
94323
97436
100572
103941
107412
110802
114360
118086
121951
125982
130088
134325
138642
143126
147800
152572
157554
162669
168049
173457
179065
184841
190702
196803
203206
209579
216375
223290
230521
237907
245475
253389
261724
270184
278854
287840
297069
306650
316537
326861
337340
348272
359599
371214
383171
395591
408485
421824
435651
449869
464178
479207
494801
510838
527445
544520
562169
580407
598994
618210
638364
658970
680431
702420
725246
748746
773236
798078
823803
850523
878164
906718
935887
966271
997743
1029930
1063156
1097679
1133259
1169906
1208008
1247218
1287861
1329336
1372047
1416624
1462477
1509943
1559169
1609787
1662117
1715569
1771487
1828950
1888043
1948734
2011883
20728
21401
22145
22864
23621
24345
25136
25938
26754
27588
28522
29422
30384
31378
32437
33478
34554
35709
36836
38004
39301
40605
41947
43271
44737
46120
47569
49144
50820
52458
54122
55928
57759
59606
61538
63541
65580
67799
69983
72209
74583
76993
79509
82066
84760
87521
90422
93416
96482
99595
102816
106156
109597
113273
116985
120798
124673
128705
132818
137168
141534
146110
150733
155696
160770
165955
171396
176969
182589
188500
194850
201337
207952
214811
221846
228953
236357
244145
251996
260331
268818
277566
286713
296244
305789
315720
325885
336548
347461
358835
370521
382622
394936
407739
420928
434696
448871
463546
478595
494193
510508
527120
544397
561893
580328
599280
618506
638322
659177
680783
703011
725920
749327
773598
798706
824649
851420
879255
907758
937250
967912
999411
1031855
1065687
1100498
1135986
1172891
1211274
1250820
1291262
1333390
1376780
1421379
1467979
1515678
1565060
1615991
1668490
1722938
1778745
1836512
1896488
1958150
2022194
21089
21779
22521
23257
24027
24796
25615
26401
27248
28116
29066
30014
30985
31993
33037
34093
35212
36373
37576
38785
40056
41345
42697
44103
45466
46905
48535
50089
51755
53466
55263
57066
58924
60840
62821
64825
67006
69174
71401
73724
76103
78539
81104
83683
86362
89257
92180
95249
98274
101605
104992
108421
111968
115596
119309
123104
127100
131309
135557
139956
144451
149183
154048
158986
164271
169641
175163
180819
186846
192941
199286
205851
212858
219813
227122
234522
242074
249887
257904
266320
275158
284215
293458
303126
313096
323421
334062
345080
356425
368120
379983
392311
405266
418470
432170
446282
460801
475976
491513
507422
524155
541232
558854
577282
596097
615502
635592
656420
677790
700014
722788
746467
770840
796198
822148
848591
876602
905061
934392
964830
996131
1028535
1062046
1097043
1133018
1170191
1208502
1247799
1288613
1331059
1374401
1419018
1465421
1513358
1562899
1614138
1666599
1720657
1776953
1835244
1895262
1956903
2020838
20646
21302
21980
22681
23421
24178
24914
25749
26588
27511
28388
29329
30300
31331
32382
33404
34557
35641
36801
38002
39259
40506
41907
43267
44679
46096
47598
49075
50661
52365
54077
55822
57597
59510
61498
63488
65547
67602
69822
72092
74496
76876
79394
81951
84700
87405
90191
93125
96171
99372
102635
105946
109356
113018
116726
120511
124534
128658
132770
137028
141552
146210
150957
155831
160904
166259
171691
177382
183120
188973
195147
201484
208061
214899
221896
229228
236714
244373
252273
260600
269170
278041
287173
296507
306240
316196
326675
337364
348320
359865
371525
383762
396568
409713
423060
436669
450891
465622
480961
496878
513149
530156
547467
565419
584143
603345
622949
643248
664284
686100
708431
731685
755534
780621
806147
832614
859653
887954
917302
947318
978130
1010225
1043605
1077637
1112853
1149346
1186807
1225492
1265654
1306958
1349973
1394364
1439916
1487698
1536178
1586512
1638612
1692027
1746892
1804374
1863322
1924054
1987080
2052359
21439
22151
22850
23539
24316
25116
25965
26819
27658
28526
29511
30441
31446
32539
33607
34734
35852
36954
38148
39471
40778
42110
43496
44911
46353
47850
49351
50980
52706
54435
56258
58069
60032
61949
63907
65973
68180
70399
72736
75164
77630
80098
82784
85539
88358
91199
94269
97392
100569
103953
107408
110980
114662
118495
122322
126347
130493
134831
139134
143690
148425
153340
158389
163628
168962
174532
180164
186239
192401
198717
205206
211894
218871
225874
233386
241314
249253
257289
265733
274455
283395
292707
302093
311962
322134
332558
343316
354655
366367
378452
390718
403584
416926
430579
444808
459461
474524
489890
505828
522347
539368
557167
575712
594705
614550
634640
655698
677203
699612
722464
746306
770561
795678
821898
849034
876948
905818
935522
966150
997874
1030793
1064473
1099109
1135282
1171911
1210422
1249858
1290819
1332994
1376381
1421481
1467822
1515627
1565436
1616746
1669861
1724657
1781342
1839582
1899643
1961781
2026220
21155
21840
22544
23297
24071
24835
25662
26563
27440
28323
29258
30258
31247
32257
33317
34432
35537
36664
37889
39115
40435
41762
43089
44445
45935
47441
48924
50536
52211
53911
55686
57445
59375
61343
63335
65410
67527
69773
72096
74392
76789
79238
81911
84666
87368
90204
93222
96200
99441
102727
106232
109672
113201
116855
120650
124706
128853
133098
137425
141849
146582
151463
156402
161530
166876
172291
177905
183779
189821
196055
202551
209115
215900
223007
230376
237983
245733
253786
262054
270534
279569
288725
298153
308027
318299
328770
339534
350770
362194
374133
386308
399041
412344
425743
439657
453939
468761
484179
499902
516443
533509
551218
569206
587947
607460
627421
648033
669276
691430
714041
737385
761509
786435
812335
839001
866383
894676
923854
954067
985424
1017633
1050883
1085301
1120874
1157507
1196081
1235209
1276103
1317693
1361048
1405805
1451982
1499712
1549041
1599886
1652473
1707141
1763278
1821505
1881137
1942841
2006296
20922
21613
22314
23064
23756
24513
25351
26120
26981
27885
28862
29838
30785
31835
32868
33921
35052
36173
37378
38618
39874
41157
42418
43764
45181
46705
48214
49745
51362
53017
54743
56556
58430
60374
62263
64369
66480
68583
70870
73225
75571
78038
80610
83304
86030
88848
91739
94729
97882
101139
104455
107916
111505
115259
118978
122884
126986
131163
135573
140072
144614
149459
154399
159430
164617
170052
175717
181443
187422
193688
199931
206547
213342
220370
227595
235010
242838
250653
258937
267416
276067
285286
294635
304266
314465
324826
335552
346706
358104
369968
382026
394647
407517
420765
434687
448854
463527
478549
494381
510674
527533
544631
562571
580894
599829
619592
640058
660996
682856
705273
728535
752524
777146
802886
829237
856294
884220
913223
943247
973892
1006040
1039218
1073473
1108907
1145192
1182790
1221718
1261806
1302943
1345430
1389750
1435498
1483142
1531750
1582110
1634042
1687708
1743426
1800694
1859798
1920665
1984463
2049758
21291
21976
22659
23408
24205
25002
25840
26690
27513
28421
29371
30325
31322
32408
33457
34595
35705
36828
38004
39244
40595
41893
43282
44717
46227
47754
49352
51029
52747
54468
56306
58158
60065
62053
64089
66168
68279
70500
72925
75234
77747
80339
82954
85681
88421
91443
94423
97606
100873
104147
107559
111146
114910
118682
122565
126663
130902
135324
139744
144362
149073
153997
158982
164199
169678
175358
181049
187078
193201
199501
205988
212794
219809
227174
234663
242438
250209
258375
266907
275678
284714
294063
303768
313690
323898
334620
345552
356767
368449
380633
393357
406186
419370
433248
447542
462123
477205
492896
509146
525944
543330
561335
579921
599050
618712
638876
659756
681582
703998
727074
751169
775796
801219
827536
854874
882873
912018
942139
973231
1004961
1038219
1072446
1107443
1143916
1181371
1220081
1259913
1301061
1343613
1388207
1433808
1480761
1529205
1579298
1631036
1684980
1740531
1797788
1857192
1918335
1981421
2046795
21084
21796
22492
23247
23975
24745
25536
26338
27161
28024
28954
29909
30931
31905
32960
33997
35127
36282
37477
38679
39987
41324
42732
44153
45575
47122
48679
50336
51989
53650
55446
57254
59116
61122
63016
65113
67190
69351
71674
74012
76482
78974
81492
84188
87041
90013
92995
96021
99119
102458
105775
109288
112948
116677
120506
124417
128482
132763
137113
141736
146389
151130
156124
161265
166623
172089
177683
183570
189614
195913
202386
208929
215817
222910
230337
237998
245714
253625
261919
270621
279379
288596
298034
307670
317871
328371
339304
350452
362137
373936
386345
399006
412113
425685
439653
454406
469466
484981
501030
517673
534554
551818
569702
588375
607911
627811
648544
669973
692054
714540
738093
762293
787235
813292
840153
867862
896048
925517
956077
987597
1020015
1053467
1088128
1124181
1161222
1199536
1238922
1280178
1322137
1365573
1410531
1457009
1504766
1554406
1605661
1658402
1713034
1768973
1827009
1887251
1949086
2013043
20752
21431
22127
22853
23611
24373
25110
25954
26782
27618
28490
29410
30341
31291
32307
33379
34485
35646
36766
37997
39280
40566
41901
43264
44696
46181
47733
49302
50934
52619
54309
56148
58098
60044
62030
64025
66118
68365
70633
72956
75358
77808
80313
82935
85709
88593
91552
94498
97559
100780
104102
107645
111208
114833
118536
122424
126528
130597
134953
139415
144110
148809
153710
158845
164068
169391
175019
180846
186732
192973
199396
206041
212751
219720
227072
234508
242158
250185
258504
267032
275846
284925
294261
303887
313845
324061
334544
345511
356925
368782
380920
393395
406390
419967
433707
447955
462860
478299
494153
510326
527089
544482
562621
581256
600471
620491
640838
662022
683885
706242
729738
753641
778372
803741
829998
857570
885733
914803
944947
976068
1008472
1041707
1075669
1111022
1147860
1185659
1224836
1265222
1306943
1349989
1394053
1440016
1487355
1536384
1587096
1639158
1693240
1749021
1806464
1865495
1926403
1989727
2055144
21390
22124
22906
23612
24383
25210
26033
26903
27816
28671
29601
30629
31620
32655
33678
34770
35865
37085
38302
39538
40897
42325
43746
45221
46657
48174
49777
51391
53057
54791
56647
58540
60515
62531
64568
66701
68854
71115
73507
75981
78451
81045
83707
86473
89327
92293
95317
98443
101758
105057
108537
112043
115682
119471
123362
127377
131543
135916
140513
145092
149806
154789
159935
165227
170641
176258
182016
188042
194232
200625
207272
214237
221454
228808
236432
244368
252467
260690
269340
278224
287535
297128
306775
316991
327672
338558
349669
361309
373231
385438
398191
411247
424987
439174
453810
468635
484127
500265
516969
534025
551605
569842
588607
608108
628132
649112
670352
692465
715419
738990
763123
788435
814575
841267
868983
897763
927391
957955
989386
1022278
1055787
1090583
1126554
1163811
1202040
1242168
1282884
1325225
1368899
1413723
1460398
1508485
1558028
1609180
1662351
1717346
1773893
1832510
1893087
1955779
2020277
20906
21593
22280
22992
23756
24523
25298
26110
26969
27818
28721
29639
30658
31686
32735
33840
34959
36107
37261
38471
39745
41098
42435
43803
45230
46729
48262
49851
51503
53202
54965
56781
58654
60493
62480
64584
66677
68765
71001
73372
75709
78266
80852
83529
86280
89194
92134
95091
98131
101326
104660
108209
111808
115524
119259
123250
127305
131505
135911
140266
144873
149660
154632
159665
164923
170263
175946
181780
187862
194088
200504
207224
214032
221100
228352
235907
243506
251503
259765
268137
277019
286194
295741
305481
315420
325961
336584
347762
359401
371381
383741
396224
409216
422614
436602
451041
465828
481268
496881
513244
529974
547631
565780
584614
603843
623791
644491
665638
687569
710319
733962
758154
783263
808899
835684
862959
891233
920668
951009
982195
1014344
1047709
1081960
1117581
1154457
1192520
1232039
1272637
1314343
1357861
1402603
1448706
1496375
1545911
1596890
1649393
1704020
1759923
1818172
1877924
1939545
2003698
20750
21413
22105
22828
23572
24345
25134
25975
26836
27654
28541
29486
30461
31505
32531
33568
34619
35802
37049
38278
39596
40881
42238
43577
44972
46471
48032
49585
51251
52923
54623
56445
58255
60142
62157
64191
66303
68548
70738
73016
75344
77839
80436
83161
85873
88702
91583
94638
97744
100935
104243
107767
111319
114990
118746
122719
126699
130967
135343
139725
144308
149139
153958
159177
164342
169737
175320
181067
186922
193070
199383
205899
212655
219691
226823
234260
242017
250099
258414
266998
275735
284971
294182
303881
313831
324349
335149
346201
357656
369441
381721
394363
407543
420962
434969
449163
464044
479225
495053
511287
528233
545554
563254
581657
600640
620536
641109
662229
684118
706817
730091
754221
778948
804658
831076
858347
886296
915480
945753
976842
1008867
1042105
1076691
1112356
1149174
1186936
1226154
1266337
1307935
1351013
1395481
1441631
1489064
1538213
1589051
1641649
1695998
1751780
1809655
1869182
1930552
1994596
2060330
21300
21992
22734
23438
24219
24976
25803
26668
27525
28462
29393
30298
31300
32330
33377
34452
35598
36746
37949
39192
40483
41758
43155
44625
46060
47559
49089
50682
52363
54068
55827
57659
59533
61510
63581
65649
67801
70011
72299
74667
77087
79637
82316
85004
87795
90656
93654
96683
99861
103097
106526
110041
113656
117399
121336
125252
129342
133620
138048
142697
147420
152139
157071
162209
167664
173151
178779
184595
190641
197039
203540
210200
217174
224322
231648
239342
247308
255476
263845
272516
281636
290940
300701
310553
320661
331124
342133
353502
365158
377037
389298
402118
415307
429075
443049
457773
472853
488523
504848
521613
538794
556520
574827
593904
613538
633821
654711
676173
698569
721634
745202
769740
794839
821258
848637
876718
