102373
104901
107398
109982
112622
115396
118193
121137
124058
127150
130100
133299
136543
139905
143324
146885
150372
154083
157873
161687
165565
169738
173830
178029
182600
187190
191740
196511
201392
206334
211361
216618
221972
227466
233073
238740
244660
250626
256881
263125
269638
276253
283026
290177
297308
304688
312264
319962
327920
336113
344410
353045
361707
370707
380002
389394
399115
409082
419245
429785
440617
451538
462744
474185
485951
497933
510413
523173
536228
549549
563382
577679
592061
606874
622151
637710
653866
670315
687226
704606
722186
740234
758982
778099
797665
817788
838070
859178
880968
903165
925945
949627
973643
998362
1023699
1049721
1076215
1103261
1131299
1160056
1189412
1219164
1249871
1281636
1314285
1347839
1382026
1417129
1452874
1489847
1527838
1566513
1606379
1646950
1689185
1731977
1775739
1821208
1867429
1915056
1963649
2013604
20554
21087
21619
22166
22747
23310
23885
24463
25066
25734
26401
27056
27762
28485
29229
30020
30786
31574
32400
33230
34111
34990
35906
36778
37716
38730
39716
40743
41798
42889
43982
45158
46371
47553
48769
49971
51170
52451
53826
55226
56637
58156
59726
61205
62826
64388
66035
67743
69541
71322
73234
75069
77076
79081
81037
83170
85362
87574
89931
92314
94830
97345
99907
102500
105183
107914
110780
113652
116687
119740
122835
126136
129380
132773
136231
139759
143424
147233
151130
155050
159155
163315
167614
172036
176477
181098
185865
190693
195646
200897
206264
211791
217333
223108
228992
235060
241068
247481
253942
260518
267408
274576
281826
289297
297052
304952
312869
321065
329479
338397
347397
356432
365840
375581
385387
395687
406100
416767
427833
439160
450653
462532
474848
487292
500270
513653
527251
541449
555679
570501
585534
600961
617025
633419
650169
667479
685195
703538
722124
741225
761093
781315
802066
823465
845431
868025
891366
915501
939967
965339
991073
1017688
1045268
1073210
1101679
1131056
1161677
1192748
1224593
1257174
1291028
1325700
1361194
1397899
1435530
1473982
1513222
1554134
1596005
1638931
1683051
1728379
1774800
1822352
1871441
1921983
1973771
2026632
20963
21572
22211
22825
23437
24042
24691
25361
26025
26747
27463
28185
28920
29708
30543
31386
32195
33118
34023
34909
35822
36796
37770
38818
39885
40925
42036
43182
44359
45518
46683
47946
49284
50605
51988
53410
54878
56380
57898
59471
61088
62828
64551
66294
68109
69996
71874
73840
75846
77867
79947
82091
84394
86736
89179
91636
94065
96629
99235
101933
104633
107378
110336
113331
116408
119579
122910
126227
129705
133306
136989
140705
144681
148589
152681
156890
161200
165607
170217
174941
179597
184479
189576
194741
200067
205540
211086
216789
222685
228824
235096
241561
248200
255044
262068
269190
276522
284195
292087
300074
308221
316781
325595
334600
343726
353296
363263
373295
383504
394089
404962
415956
427292
439112
451058
463483
476449
489768
503148
517189
531702
546597
561839
577488
593442
609874
626747
644102
661967
680436
699149
718389
738223
758712
779714
801472
823728
846517
870000
894113
919120
944730
971096
998361
1025985
1054653
1084111
1114134
1145202
1177192
1209817
1243406
1278330
1314144
1350647
1388036
1426512
1466375
1507434
1549638
1593133
1637451
1683356
1730301
1778548
1828606
1879908
1931927
1986198
2041657
21082
21642
22236
22835
23461
24125
24775
25532
26249
26987
27742
28508
29357
30161
31019
31842
32707
33640
34641
35666
36681
37743
38812
39877
40961
42079
43269
44487
45792
47076
48382
49767
51160
52618
54100
55587
57164
58752
60429
62139
63876
65746
67664
69616
71642
73689
75779
77855
80113
82398
84749
87193
89661
92293
94838
97429
100246
103074
106052
109037
112077
115299
118606
122031
125395
128888
132479
136241
140006
144039
148222
152325
156527
161012
165634
170369
175170
180088
185149
190537
195947
201515
207303
213150
219201
225507
231823
238416
245220
252142
259279
266619
274164
281921
289922
297975
306384
314933
323918
333146
342584
352227
362224
372570
383308
394195
405480
416793
428608
441106
453641
466582
479836
493567
507735
522247
537299
552686
568286
584466
601048
618249
635640
653804
672462
691478
711027
731324
752259
774142
796349
819333
842271
866448
891390
916960
943264
970143
997802
1026363
1055561
1085504
1116851
1148803
1181560
1215344
1249744
1285383
1322223
1360258
1399185
1439434
1480548
1522828
1566762
1611792
1657848
1705236
1753961
1804402
1856279
1909479
1963898
2020295
20967
21623
22263
22945
23630
24262
24997
25710
26443
27258
28093
28951
29882
30727
31589
32512
33465
34420
35408
36408
37481
38537
39621
40817
41989
43254
44476
45712
47016
48367
49727
51203
52717
54253
55855
57492
59146
60918
62614
64481
66321
68181
70133
72201
74296
76459
78706
81001
83267
85746
88240
90864
93572
96223
98884
101658
104586
107612
110648
113768
117048
120425
123937
127450
131152
134716
138640
142661
146846
151109
155457
159933
164509
169335
174269
179432
184532
189906
195433
201142
206881
212791
218770
225182
231729
238430
245309
252423
259633
266944
274663
282553
290594
299125
307922
316812
326059
335552
345171
355103
365538
376193
387126
398424
409931
422000
434170
446652
459670
472945
486671
500796
515272
530196
545528
561366
577722
594621
612190
630145
648513
667101
686466
706554
726901
747724
769496
791818
814984
838608
863069
888287
914082
940746
968257
996494
1025528
1055477
1086059
1117485
1150228
1183857
1218070
1253647
1290394
1327967
1366594
1406398
1447401
1489631
1532694
1577641
1623503
1670852
1719248
1769523
1820696
1873722
1928209
1984451
2042235
21052
21679
22304
22987
23679
24411
25124
25899
26642
27455
28241
29040
29863
30778
31677
32577
33558
34550
35604
36638
37781
38887
40018
41177
42382
43574
44875
46250
47549
48995
50454
52003
53472
55051
56641
58315
60031
61774
63574
65423
67336
69354
71339
73413
75602
77811
80077
82483
84987
87538
90129
92728
95439
98232
101066
104124
107164
110378
113632
116974
120375
123876
127563
131249
135044
139084
143166
147381
151818
156246
160804
165409
170298
175317
180388
185690
191177
196689
202503
208490
214723
220978
227458
234101
240976
248183
255477
262968
270697
278745
287077
295462
304343
313374
322601
332180
341994
352066
362629
373240
384340
395707
407443
419583
432188
444911
458069
471409
485319
499611
514329
529642
545359
561486
577935
594905
612362
630434
648941
668154
688003
708171
728794
750372
772584
795553
819264
843504
868691
894209
921007
948378
976101
1004965
1034395
1065023
1096641
1128742
1162096
1196461
1231716
1268048
1305898
1344406
1383871
1424300
1466234
1509916
1554299
1599879
1647125
1695837
1745949
1797727
1851007
1905833
1961855
2020101
20712
21349
21965
22606
23260
23953
24644
25357
26125
26880
27664
28519
29373
30236
31119
32053
32988
33956
34927
35956
37008
38096
39266
40424
41644
42817
44064
45432
46766
48170
49614
51106
52664
54227
55812
57485
59053
60835
62664
64499
66378
68297
70365
72455
74626
76822
79031
81436
83943
86335
88863
91549
94341
97128
99987
102964
105980
109146
112419
115740
119180
122835
126477
130196
133961
137906
142004
146288
150776
155284
159845
164777
169681
174769
179973
185341
190840
196615
202511
208407
214519
220942
227300
233921
240993
248092
255525
263155
270843
278869
287196
295761
304552
313772
323301
332803
342609
352796
363192
373954
385278
396667
408637
420946
433523
446456
459773
473585
487595
502028
517196
532234
547995
564614
581229
598616
616532
634847
653660
673216
693317
713938
735321
757294
780011
803107
827001
851583
876892
902886
930104
957805
986512
1016042
1046392
1077249
1109413
1142460
1176655
1211919
1248186
1285104
1323691
1363334
1404268
1445703
1489178
1533301
1579118
1626163
1674675
1724646
1776107
1829353
1883763
1940080
1997968
2057446
20954
21604
22273
22918
23629
24333
25084
25829
26616
27419
28235
29096
29988
30858
31765
32673
33646
34620
35642
36707
37793
38926
40052
41276
42476
43702
44967
46284
47642
49025
50486
51995
53548
55184
56790
58505
60181
61928
63747
65662
67632
69608
71653
73854
76126
78320
80637
83113
85629
88175
90791
93516
96322
99269
102243
105368
108397
111741
115068
118550
122031
125666
129417
133303
137221
141222
145471
149882
154332
158875
163696
168576
173657
178923
184395
189936
195627
201542
207697
213915
220415
227019
233788
240862
248381
255773
263454
271342
279376
287747
296446
305283
314501
324021
333757
343663
353891
364640
375589
386902
398625
410543
422746
435439
448393
461765
475609
489891
504626
519625
535339
551392
568106
585297
602882
621065
639727
659086
678763
699297
720264
741744
764148
787032
810585
835057
860189
885799
912372
939700
967977
997033
1027161
1058084
1090127
1122931
1156592
1191569
1227446
1264263
1302182
1340823
1380915
1422461
1464881
1509249
1554582
1601733
1650094
1699651
1750600
1803074
1857109
1912934
1970552
2030304
20934
21544
22166
22893
23608
24320
25024
25748
26504
27327
28175
29016
29890
30807
31726
32702
33713
34680
35746
36843
37873
38936
40121
41345
42599
43863
45222
46650
48070
49519
50906
52470
54080
55704
57434
59137
60896
62730
64629
66583
68610
70611
72651
74872
77185
79452
81869
84316
86937
89524
92259
95054
97934
100872
103878
107088
110349
113695
117166
120674
124303
128108
131999
135953
140115
144386
148641
153283
158029
162802
167708
172864
178290
183585
189256
195104
201084
207078
213395
219959
226456
233169
240255
247659
255219
262913
271027
279233
287601
296328
305263
314445
324049
333790
344000
354624
365382
376325
387597
399270
411206
423656
436312
449260
462851
476901
491413
506241
521567
537125
553364
569953
587449
605006
623287
642266
661585
681567
702120
723408
745449
767646
790812
814324
839177
864468
890795
917586
945093
973565
1002930
1033426
1064563
1096625
1129794
1163624
1198663
1234946
1272091
1310357
1350103
1390988
1432906
1475973
1520480
1566475
1613736
1662157
1712124
1763569
1816713
1871338
1927515
1985989
2046045
20910
21479
22151
22825
23504
24231
24992
25733
26544
27383
28251
29096
29950
30869
31759
32759
33723
34799
35838
36898
37990
39143
40338
41505
42753
44033
45369
46730
48153
49560
51061
52602
54144
55822
57488
59239
61116
62949
64837
66814
68919
70929
73133
75367
77648
80006
82371
84863
87388
90013
92688
95426
98368
101374
104390
107559
110864
114269
117842
121340
125037
128781
132693
136723
140818
145082
149530
154168
158792
163545
168399
173408
178606
183971
189545
195304
201229
207300
213544
220015
226689
233593
240548
247776
255394
263018
271239
279459
287953
296661
305671
314966
324431
334269
344394
354901
365407
376537
387849
399403
411631
423918
436773
449992
463551
477550
491929
506757
522066
537699
553834
570504
587785
605817
624049
643134
662647
682665
703324
724620
746540
769088
792544
816505
841240
866905
893187
920190
948478
977184
1006722
1037244
1068626
1100898
1133937
1168420
1203479
1240201
1277574
1316229
1356371
1397586
1439877
1483402
1528093
1574618
1622555
1671450
1721748
1773663
1827164
1882736
1939369
1997837
2058383
21394
22060
22723
23440
24119
24892
25641
26445
27239
28057
28887
29776
30691
31623
32558
33534
34575
35632
36686
37797
38969
40161
41333
42574
43931
45284
46629
48045
49541
51083
52651
54288
55939
57679
59442
61270
63117
64999
66924
68988
71060
73309
75557
77877
80362
82835
85361
87951
90614
93405
96161
99105
102049
105168
108419
111543
114908
118388
121951
125611
129400
133271
137341
141698
146008
150343
154980
159604
164443
169529
174655
179863
185292
190859
196487
202471
208550
214984
221424
228014
234946
241850
249135
256550
264305
272247
280352
288854
297485
306630
315840
325416
335457
345593
356034
366834
377975
389276
401030
413114
425657
438728
452071
465682
479896
494542
509343
524740
540661
557000
573848
590934
608889
627372
646423
666083
686130
707039
728492
750687
773490
796880
821224
846151
871866
898455
925708
954062
982994
1012613
1043222
1074715
1107271
1140950
1175482
1211427
1248255
1286004
1325356
1365548
1407141
1450012
1494158
1539209
1586141
1634464
1683854
1735066
1787553
1841464
1897225
1954765
2013981
20625
21233
21908
22621
23318
23990
24752
25509
26311
27079
27871
28704
29592
30467
31409
32375
33358
34349
35361
36388
37509
38606
39785
40955
42175
43527
44809
46153
47531
48983
50429
51937
53453
55080
56819
58538
60263
62080
63970
65943
67926
69942
72071
74234
76468
78817
81193
83641
86163
88772
91471
94195
96993
99889
102957
106102
109309
112546
115980
119573
123132
126815
130639
134611
138662
142934
147184
151554
156204
160991
165927
170980
176202
181559
187156
192937
198858
204773
210982
217282
223873
230656
237631
244867
252388
260028
267852
276033
284404
292996
301927
310961
320519
330180
340219
350475
361024
371943
383415
395230
407292
419489
432064
445007
458663
472375
486798
501597
516952
532429
548476
565151
582132
599765
618100
636908
656489
676310
696864
718047
739968
762347
785725
809609
834150
859697
885580
912599
940293
968735
997906
1028217
1059322
1091300
1124318
1158247
1193483
1229838
1267337
1305594
1345134
1385929
1427895
1471869
1516221
1562204
1609583
1658628
1708858
1760783
1814018
1869091
1925941
1984529
2044920
20748
21362
21988
22620
23341
24063
24795
25540
26301
27076
27946
28797
29692
30579
31455
32419
33464
34462
35493
36576
37648
38795
39951
41138
42356
43645
45031
46412
47787
49178
50705
52280
53824
55460
57170
58938
60665
62509
64457
66471
68442
70548
72624
74831
77016
79310
81804
84296
86903
89498
92160
94913
97813
100882
103942
107075
110368
113746
117165
120729
124424
128135
131984
136071
140239
144414
148799
153277
157937
162897
167761
172860
178171
183615
189207
194979
200880
207079
213319
219768
226259
233189
240157
247523
254939
262591
270670
278991
287382
296143
305376
314718
324100
333892
343965
354423
365502
376454
387911
399738
411907
424419
437226
450680
464242
478315
492860
507732
523202
539081
555375
572335
589956
607791
626479
645361
665129
685330
706147
727609
749982
772826
796176
820440
845500
871136
897651
924864
952927
982008
1012010
1042833
1074600
1107754
1141495
1176109
1211576
1248362
1286608
1326073
1366729
1408498
1451521
1495619
1541040
1587655
1636008
1685696
1737103
1790242
1844824
1900527
1958407
2017881
20518
21091
21755
22392
23117
23841
24566
25302
26109
26917
27666
28513
29365
30244
31157
32116
33163
34185
35204
36264
37377
38569
39780
41005
42249
43550
44851
46243
47649
49123
50600
52091
53723
55380
57041
58654
60504
62335
64205
66136
68127
70255
72353
74509
76782
79144
81508
83989
86440
89108
91867
94786
97720
100681
103736
106894
110229
113508
116950
120441
124150
127846
131666
135628
139709
143955
148245
152797
157376
162201
167131
172158
177484
182828
188449
194257
200056
206047
212146
218504
224958
231905
238930
246425
253929
261761
269732
277749
286021
294654
303636
312833
322263
332115
342157
352614
363372
374516
385861
397405
409625
421935
434495
447815
461366
475467
489979
504724
520067
535797
552246
568919
586153
604003
622477
641584
661039
681334
702192
724012
745831
768659
791889
816213
840996
866542
892735
919812
947721
976900
1006546
1037170
1068865
1101486
1135083
1169446
1204904
1241405
1279055
1318290
1358604
1399927
1442588
1486430
1531811
1578738
1626597
1675915
1726693
1779315
1833976
1890035
1947624
2006791
20713
21370
22029
22670
23357
24035
24753
25519
26289
27059
27903
28760
29588
30495
31385
32394
33385
34312
35361
36418
37569
38744
39949
41139
42432
43710
45149
46503
47867
49344
50891
52415
54071
55731
57451
59239
61041
62943
64895
66897
68980
71062
73257
75462
77809
80253
82657
85245
87832
90543
93406
96182
99082
102078
105251
108455
111715
115126
118681
122186
125889
129725
133673
137717
141931
146232
150780
155480
160217
165117
170122
175355
180679
186180
191834
197753
203844
210182
216590
223220
229967
237094
244185
251499
259008
266966
275070
283472
292148
300995
310285
319845
329615
339539
349932
360645
371507
382913
394703
406680
419114
431638
445021
458570
472494
487034
501765
516973
532663
548733
565378
582696
600334
618530
637273
656882
677021
697637
718935
740941
763430
786386
810398
834956
860319
886374
913325
941421
970009
999556
1030010
1061698
1093867
1127534
1161663
1197138
1233535
1270664
1309420
1348938
1390244
1432733
1476823
1521959
1568164
1615505
1664693
1715566
1768483
1822207
1878043
1935097
1993987
2054703
21190
21835
22495
23190
23898
24627
25395
26191
26939
27812
28688
29554
30477
31424
32309
33321
34367
35451
36546
37664
38851
40061
41295
42594
43860
45186
46530
47899
49356
50905
52448
54017
55720
57432
59167
61012
62910
64732
66658
68699
70801
72874
75094
77391
79713
82074
84603
87189
89765
92545
95276
98203
101184
104301
107427
110670
114080
117573
121105
124809
128630
132658
136671
140855
145166
149510
154049
158723
163631
168619
173712
178872
184267
189944
195753
201645
207738
214225
220526
227222
234158
241235
248584
256116
263896
271971
280339
288919
297910
306839
316100
325742
335708
345781
356379
367194
378503
390051
402036
414359
427170
440168
453384
467157
481286
495785
510859
526242
542333
558822
575849
593367
611299
629764
649013
668891
689402
710270
731775
754260
777218
801071
825487
850631
876690
903300
930872
959442
988582
1018786
1050049
1081965
1114708
1148650
1183549
1219568
1257148
1295335
1335014
1375814
1417836
1460939
1505852
1551597
1598708
1647403
1697903
1749570
1802652
1857038
1913439
1971570
2031453
20776
21423
22104
22744
23429
24176
24900
25634
26431
27325
28163
28995
29853
30730
31664
32640
33624
34650
35719
36833
37993
39131
40300
41527
42831
44123
45442
46835
48284
49705
51159
52759
54413
56063
57723
59502
61377
63207
65156
67022
69054
71159
73397
75616
77922
80304
82654
85209
87899
90511
93318
96113
99080
102079
105202
108457
111813
115244
118639
122342
126074
129913
133950
138007
142194
146372
150792
155308
159979
164724
169664
174805
180221
185671
191349
197173
203297
209608
216016
222561
229368
236368
243601
251095
258739
266543
274722
282961
291553
300509
309611
319150
328813
338687
348991
359549
370627
381928
393693
405832
418135
430796
444047
457676
471554
485853
500635
515742
531497
547783
564452
581810
599409
618027
636908
656417
676630
697327
718569
740742
763262
786291
810206
834983
860276
886475
913630
941366
970192
1000115
1030664
1062100
1094755
1128125
1162416
1197452
1233974
1271562
1310039
1349854
1390951
1433527
1476982
1522200
1568400
1616586
1665707
1716697
1769073
1823242
1878960
1936085
1994577
2055423
20862
21501
22174
22812
23463
24158
24926
25728
26502
27313
28164
29026
29892
30800
31699
32664
33707
34692
35758
36841
37926
39133
40364
41564
42819
44099
45422
46776
48236
49663
51199
52776
54387
56080
57821
59577
61373
63299
65201
67244
69316
71479
73627
75794
78082
80452
82853
85371
87914
90548
93321
96101
99019
102021
105142
108377
111634
115025
118517
122158
125848
129710
133594
137626
141850
146126
150600
155137
159902
164710
169800
175110
180542
186017
191759
197654
203650
209870
216338
223047
229853
236966
244315
251825
259567
267579
275819
284247
292903
301890
311166
320632
330538
340628
351124
361996
373038
384467
396176
408251
420665
433614
446883
460476
474762
489442
504351
519703
535596
552092
568895
586372
604167
622439
641279
660899
680975
701757
723093
744770
767886
791397
815623
840513
866134
892463
919383
947383
976417
1006442
1037411
1068993
1101696
1135477
1169905
1205590
1242311
1280362
1319391
1359467
1400588
1443190
1487074
1532860
1579062
1627333
1677143
1728093
1780487
1834879
1890841
1948722
2008009
20745
21391
22027
22710
23400
24143
24871
25669
26462
27278
28045
28913
29823
30720
31662
32666
33690
34631
35662
36758
37880
39030
40217
41439
42726
44060
45363
46764
48209
49705
51189
52764
54350
55997
57731
59518
61313
63215
65109
67104
69169
71272
73468
75691
77974
80376
82898
85490
88177
90897
93732
96527
99418
102383
105472
108672
111934
115343
118852
122395
126110
129891
133845
137889
142165
146514
150970
155692
160541
165394
170507
175741
181140
186629
192341
198237
204389
210693
217158
223791
230715
237743
244827
252264
259909
267712
275791
284224
293035
301849
310958
320464
330158
340323
350707
361514
372646
384080
395911
408127
420652
433374
446673
460378
474346
488840
503628
518986
534914
551102
568229
585350
603185
621728
640730
660094
680424
701076
722190
744274
767228
790865
814944
839923
865847
892284
919862
947908
976762
1006689
1037546
1069288
1102165
1135790
1170541
1206366
1243230
1281038
1320599
1360928
1402600
1445340
1489472
1535102
1582164
1630495
1680482
1732286
1785103
1839504
1895580
1953187
2012698
20607
21213
21870
22562
23250
23987
24715
25489
26266
27077
27890
28721
29638
30514
31489
32486
33505
34480
35529
36597
37715
38935
40116
41368
42669
44025
45447
46845
48312
49795
51315
52918
54565
56195
57872
59631
61499
63376
65252
67298
