102682
105471
108270
111283
114254
117319
120452
123686
126948
130297
133834
137390
141112
144910
148842
152866
156925
161064
165369
169709
174306
178975
183877
188823
193850
198998
204311
209797
215420
221266
227215
233329
239578
245994
252547
259503
266561
273832
281245
288998
296578
304575
312867
321341
330123
338861
348104
357585
367430
377275
387560
398117
408859
420146
431450
443289
455407
467778
480567
493489
507022
520917
535310
549865
564854
580353
596064
612470
629201
646489
664233
682439
700938
720031
739577
759958
780871
802165
824037
846675
870203
893933
918624
943691
969692
996125
1023515
1051703
1080463
1109876
1140278
1171502
1203580
1237037
1271267
1306313
1342252
1379469
1417852
1457222
1497356
1538399
1581012
1624839
1669832
1716253
1763742
1812553
1862816
1914612
1967976
2022585
20814
21398
21975
22599
23212
23863
24551
25214
25932
26662
27445
28194
29018
29837
30655
31507
32409
33303
34238
35212
36241
37246
38302
39343
40479
41622
42789
44065
45320
46563
47878
49235
50616
52042
53477
54997
56545
58073
59749
61465
63203
65001
66845
68685
70558
72538
74636
76761
78927
81134
83484
85880
88308
90787
93308
95859
98505
101317
104163
107138
110209
113253
116348
119572
122922
126381
129961
133663
137453
141388
145409
149511
153774
158068
162540
167184
172046
176894
181962
187092
192317
197777
203326
209129
215157
221324
227541
233956
240630
247477
254524
261719
269108
276784
284718
292891
301229
309718
318635
327710
337113
346810
356747
367053
377658
388474
399351
410720
422401
434467
446986
459909
473225
486949
501052
515487
530338
545660
561304
577447
594214
611573
629371
647527
666245
685520
705489
725911
746780
768374
790455
813403
836969
861225
886044
911461
937894
964948
992974
1021845
1051655
1082337
1113638
1145758
1178905
1213236
1248530
1284669
1321751
1360264
1399705
1440681
1483005
1525887
1570542
1616422
1663546
1712021
1761689
1813091
1865989
1920776
1976972
2034984
20795
21429
22030
22701
23372
24095
24816
25524
26269
27058
27810
28629
29462
30346
31267
32181
33133
34119
35134
36194
37268
38400
39530
40716
41859
43120
44340
45689
46992
48327
49710
51241
52754
54311
55884
57519
59239
60885
62612
64504
66452
68496
70468
72537
74722
76941
79181
81498
83906
86395
88989
91664
94418
97210
100016
102941
105998
109082
112235
115505
118913
122549
126205
129992
133918
137873
142022
146194
150498
154892
159477
164099
169027
174133
179437
184808
190179
195900
201788
207860
214138
220493
227046
233693
240662
247803
255312
263018
271094
279130
287294
295922
304706
313784
323163
332879
342910
353110
363788
374511
385788
397483
409257
421420
434037
447300
460596
474429
488524
503187
518316
533816
549900
566632
583657
601248
619125
637629
656836
676403
696706
717598
739143
761308
784026
807690
832039
857051
882717
909606
937110
965242
994646
1024646
1055841
1087582
1120571
1154170
1189156
1224895
1261934
1300025
1339325
1379693
1421334
1464223
1507983
1553660
1600496
1648965
1698396
1749559
1802521
1857232
1913864
1971690
2030954
20769
21445
22073
22688
23408
24136
24879
25608
26404
27230
28069
28927
29872
30748
31653
32545
33480
34527
35576
36579
37671
38785
39997
41170
42388
43679
44958
46372
47777
49211
50676
52234
53829
55478
57183
58949
60801
62594
64447
66431
68430
70527
72680
74910
77165
79497
81913
84398
87020
89612
92336
95149
98085
101075
104113
107333
110658
114116
117641
121250
125059
128928
132821
136840
140973
145214
149676
154244
158882
163716
168807
173981
179347
184817
190422
196210
202163
208407
214832
221379
228219
235176
242446
250038
257670
265691
273921
282262
291002
299918
309160
318837
328824
339008
349365
360281
371339
382634
394369
406393
418730
431676
444954
458606
472713
487036
502090
517835
533641
550062
566747
584397
602432
620886
640022
659877
680340
701204
722797
745185
768197
792043
816459
841500
867196
893919
921263
949624
978784
1008889
1040181
1072296
1105438
1139643
1174611
1210912
1248667
1287545
1327465
1368631
1411291
1454724
1499704
1546223
1594354
1643740
1694847
1747315
1801980
1857709
1915010
1974600
2035935
20974
21657
22284
22963
23697
24421
25163
25978
26818
27627
28468
29384
30275
31170
32171
33159
34192
35281
36373
37512
38696
39869
41186
42457
43724
45060
46554
48048
49554
51141
52716
54401
55992
57767
59488
61356
63197
65208
67207
69260
71333
73463
75749
78103
80506
82981
85516
88114
90846
93674
96643
99667
102759
105855
109163
112464
115967
119592
123389
127263
131195
135129
139366
143663
148118
152808
157586
162531
167651
172843
178240
183813
189606
195522
201714
208068
214566
221275
228298
235360
242594
250216
258074
266005
274368
282894
291642
300791
310174
320014
329936
340182
350897
361863
373243
384880
397166
409774
422685
435874
449635
463636
478185
492905
508352
524186
540442
557596
575249
593473
612163
631365
651349
671839
692899
714564
736938
760101
784067
808951
834590
860865
888440
916367
944809
974643
1005398
1036864
1069272
1102926
1137576
1173566
1210477
1248505
1287574
1328425
1370403
1413876
1458150
1503953
1551476
1600924
1651220
1703259
1756966
1812156
1869004
1927895
1989025
2051889
21159
21791
22433
23145
23904
24716
25511
26335
27175
28020
28940
29878
30804
31790
32796
33870
34886
35994
37134
38251
39444
40654
41859
43161
44560
45975
47476
49022
50577
52201
53794
55515
57239
59074
60861
62811
64712
66764
68874
70971
73201
75495
77858
80350
82914
85517
88220
91093
93955
96922
99954
103167
106560
109922
113439
117074
120822
124771
128687
132662
136898
141180
145654
150282
155061
159919
165061
170313
175779
181334
187209
193233
199377
205583
212156
218799
225650
232652
240028
247648
255611
263756
272166
280906
289876
299212
308623
318589
328531
339056
349797
360893
372332
384107
396333
408918
421942
435357
449367
463724
478755
493856
509526
525831
542333
559437
577668
595716
614535
634401
654634
675596
697014
719211
741858
765375
789515
814797
840716
867488
895067
923628
952998
983474
1014616
1046965
1080302
1114809
1150463
1186957
1224817
1263839
1303910
1345426
1388379
1432448
1478097
1524985
1573636
1623843
1675492
1728879
1783715
1840768
1899658
1960103
2022886
20942
21572
22291
22990
23712
24497
25334
26210
27015
27907
28794
29714
30616
31640
32586
33574
34631
35768
36850
38006
39187
40465
41756
43072
44450
45897
47341
48822
50336
51953
53602
55291
57043
58974
60789
62695
64716
66751
68853
71031
73310
75714
78152
80632
83219
85895
88626
91428
94312
97393
100541
103683
107212
110717
114218
117768
121533
125452
129474
133640
138051
142482
146980
151724
156460
161531
166731
172086
177570
183097
188819
194804
201083
207476
214177
221022
228145
235566
243421
251436
259504
267963
276689
285577
294778
304192
314003
323956
334308
345103
356251
367719
379542
391747
404169
417197
430679
444573
458917
473612
488861
504651
521036
537898
555358
573108
591656
610624
630246
650229
671138
692824
715128
738078
761853
786306
811776
837769
864526
892367
920715
950092
980608
1011964
1044630
1078553
1113615
1149175
1186257
1224748
1264520
1305291
1347091
1390314
1434768
1481183
1528890
1578406
1628776
1681160
1735367
1790780
1848907
1908450
1970116
2033726
21057
21679
22354
23110
23856
24623
25387
26214
27040
27874
28749
29656
30649
31661
32679
33742
34873
36094
37290
38492
39682
40956
42276
43637
45010
46488
48002
49620
51259
52930
54696
56456
58304
60141
62011
63968
65944
68025
70152
72486
74853
77296
79854
82452
85035
87726
90477
93331
96401
99591
102858
106112
109590
113250
116945
120684
124519
128536
132726
137059
141393
145996
150666
155556
160628
165837
171172
176608
182376
188231
194278
200505
206921
213614
220534
227595
235011
242502
250297
258255
266598
274963
283754
292823
302344
312206
322186
332446
343348
354694
366310
378324
390706
403417
416654
430256
444299
458648
473776
489034
504682
520976
537897
555397
573327
591915
611025
630854
651229
672334
694059
716497
739540
763581
788263
813756
840177
867503
895476
924526
954659
985598
1017654
1050395
1084893
1120196
1156209
1193523
1232476
1272790
1314056
1356538
1400475
1446014
1492823
1541323
1590962
1643000
1696112
1751109
1807890
1866762
1927544
1990195
2054106
20940
21694
22405
23134
23893
24649
25434
26303
27123
28018
28892
29802
30737
31776
32828
33910
35037
36203
37381
38564
39848
41160
42481
43822
45240
46691
48226
49788
51420
53058
54736
56528
58375
60274
62343
64401
66511
68657
70884
73229
75646
78104
80664
83219
85911
88735
91688
94690
97748
100889
104201
107610
111131
114626
118402
122142
126229
130302
134366
138730
143197
147770
152603
157426
162506
167754
173237
178877
184684
190700
196976
203278
209732
216583
223767
231120
238567
246433
254351
262672
271083
279827
289144
298621
308510
318625
329076
339666
350679
362022
373831
385941
398295
411349
424815
438660
452948
467832
483010
498853
515073
531767
548993
566608
585111
604326
624209
644549
665353
686860
709183
732311
755989
780749
806013
832252
859419
887171
915591
945602
976463
1008201
1041043
1074871
1110134
1146454
1183796
1222330
1261752
1302442
1344958
1388625
1434082
1480688
1529065
1578947
1630372
1683399
1737933
1794887
1853220
1913788
1976244
2040681
20887
21553
22312
23057
23771
24531
25357
26175
26967
27884
28800
29749
30704
31687
32673
33699
34769
35902
37065
38258
39515
40853
42140
43443
44891
46354
47871
49451
51017
52618
54388
56147
58024
59924
61791
63758
65857
68024
70253
72582
74875
77192
79677
82306
84900
87613
90446
93318
96352
99581
102776
106159
109663
113344
117087
120893
124908
128925
133136
137498
141909
146493
151329
156213
161255
166637
171972
177638
183457
189595
195859
202214
208719
215548
222608
229807
237526
245291
253357
261637
270060
278862
287991
297456
307126
317166
327478
338364
349405
360886
372663
384857
397447
410434
423917
437667
451752
466396
481625
497455
513730
530616
548106
565799
584092
603410
623053
643506
664400
685915
708201
731437
755329
779943
805450
832045
858828
886913
916001
945918
976680
1008612
1041817
1075860
1111223
1147550
1185213
1223922
1263953
1305484
1348078
1392335
1438092
1484934
1533354
1583744
1635857
1689025
1743691
1800746
1859767
1920255
1982935
2047324
21329
22033
22737
23471
24228
24998
25770
26641
27483
28349
29282
30283
31348
32398
33450
34587
35635
36822
38051
39341
40745
42017
43429
44807
46298
47837
49474
51135
52785
54467
56200
58027
59961
61961
63861
65874
67931
70142
72419
74800
77276
79835
82467
85229
87925
90832
93727
96771
99883
103115
106431
109940
113717
117404
121187
125101
129214
133337
137723
142224
146905
151827
156629
161738
166957
172519
178269
184110
190053
196199
202593
209117
215996
222991
230218
237677
245495
253478
261526
270060
278956
288050
297621
307342
317353
327728
338335
349317
360805
372617
384863
397429
410335
423677
437566
451854
466684
481931
497589
513807
530582
547983
565819
584417
603721
623388
643668
664703
686329
708988
731867
755676
780423
805995
831936
859150
887192
916269
946288
977193
1008922
1041988
1076332
1111359
1147731
1185213
1224007
1264064
1305415
1348076
1392115
1437675
1484904
1533694
1584165
1636050
1689649
1744657
1801987
1860927
1922053
1985014
2049464
21167
21863
22589
23298
24079
24869
25678
26506
27433
28313
29235
30210
31192
32162
33183
34249
35361
36496
37665
38869
40135
41410
42754
44093
45569
47055
48559
50077
51691
53442
55203
57020
58916
60787
62844
64860
66988
69215
71435
73729
76123
78633
81223
83855
86596
89549
92515
95544
98702
101949
105358
108741
112305
116139
119998
124074
128213
132464
136738
141203
145838
150648
155574
160720
166078
171528
177165
182897
188859
194908
201240
207869
214754
221794
229187
236688
244448
252532
260702
269232
278072
287241
296617
306362
316442
326774
337392
348582
360195
371854
384070
396740
409734
423183
437083
451322
466214
481455
497244
513511
530328
547914
565821
584463
603486
623113
643616
664501
686142
708742
732135
756237
781173
806714
833049
860343
888714
917863
947773
978913
1010854
1044220
1078650
1113897
1150444
1187941
1226833
1267024
1308438
1351513
1395942
1441696
1488827
1537701
1588312
1640366
1694230
1749968
1807485
1866354
1927535
1991207
2056603
21175
21874
22593
23342
24094
24871
25690
26568
27486
28380
29321
30312
31322
32380
33429
34531
35652
36856
38030
39264
40574
41938
43265
44675
46132
47545
49125
50759
52472
54231
55962
57795
59727
61649
63644
65707
67840
70065
72439
74873
77361
80029
82653
85370
88220
91113
94190
97332
100585
103843
107343
110791
114393
118110
122099
126044
130246
134467
138829
143385
148165
153160
158190
163502
169019
174502
180192
186098
192085
198337
204861
211458
218450
225674
233054
240792
248675
256772
265374
274211
283127
292394
302125
312000
322330
332918
343895
355278
367152
379140
391528
404531
417819
431501
445632
460393
475738
491280
507457
524243
541326
559073
577497
596578
616230
636650
657504
679114
701413
724346
747935
772566
797733
823746
850801
878790
907828
937562
968456
1000315
1033372
1067374
1102608
1139019
1176577
1215185
1255135
1296093
1338630
1383009
1428305
1475276
1523602
1573745
1625119
1678486
1733238
1790283
1848948
1909599
1972559
2037198
20887
21571
22293
23038
23801
24624
25480
26308
27159
28052
28928
29875
30806
31793
32813
33876
34975
36066
37234
38486
39754
41074
42395
43753
45162
46721
48283
49868
51536
53226
54954
56795
58608
60540
62573
64504
66603
68797
71054
73336
75680
78145
80765
83431
86118
88941
91826
94821
97962
101160
104436
107898
111501
115075
118954
122855
126859
130984
135221
139677
144266
149059
153981
159102
164390
169817
175384
181170
187091
193267
199496
206004
212800
219676
226901
234386
241948
249919
258139
266627
275241
284236
293692
303363
313302
323593
334245
345191
356444
368255
380510
393045
405860
419092
432882
447083
461639
476850
492463
508781
525412
542658
560462
579311
598214
617808
638061
659055
680703
703080
726167
749840
774336
799819
826118
853061
881278
910201
939996
970887
1002864
1035747
1069497
1104654
1141084
1178499
1217418
1257301
1298809
1341290
1385092
1430812
1477902
1526534
1576716
1628868
1682675
1738047
1794789
1853389
1914619
1977275
2042234
20859
21549
22253
22980
23731
24533
25284
26134
27001
27864
28781
29754
30712
31705
32716
33776
34849
36023
37278
38444
39688
40991
42331
43707
45167
46613
48135
49708
51319
53019
54828
56669
58568
60470
62473
64519
66665
68820
71200
73510
75901
78359
80946
83595
86294
89142
92056
95056
98197
101351
104629
108093
111694
115406
119210
123066
127152
131432
135907
140388
144958
149736
154721
159715
164987
170305
175960
181636
187674
193999
200447
207026
213858
220905
228291
235692
243388
251338
259610
268276
277214
286250
295718
305303
315258
325548
336353
347329
358760
370593
382743
395329
408323
421705
435479
449836
464760
480074
495878
512291
529124
546265
564200
582893
601879
622024
642435
663596
685269
707798
730880
754978
779914
805694
832274
859643
887796
917056
947137
978372
1010104
1043068
1077124
1112203
1148968
1186703
1225583
1266159
1307709
1350479
1394664
1440652
1488274
1537309
1588196
1640067
1694066
1749543
1806714
1866199
1927678
1990874
2056348
21290
21964
22709
23472
24254
25086
25885
26762
27607
28479
29439
30409
31442
32475
33524
34649
35805
37023
38282
39500
40817
42145
43594
45036
46554
48115
49648
51293
53011
54781
56580
58456
60305
62384
64401
66495
68726
70923
73284
75735
78275
80802
83567
86268
89179
92101
95118
98297
101560
104906
108260
111747
115472
119287
123158
127267
131567
135877
140351
144900
149686
154649
159835
165122
170469
176134
182118
188122
194301
200683
207266
213979
220941
228194
235914
243714
251810
260054
268619
277412
286463
296027
305748
315871
326419
337290
348364
359878
371828
384139
396717
409708
423167
437026
451717
466790
482063
497854
514206
531076
548565
566568
585150
604284
624079
644571
665649
687558
710190
733464
757582
782575
808588
835356
863040
891442
920931
951185
982440
1014721
1047927
1082438
1117719
1154591
1192642
1231702
1272361
1314330
1357361
1401895
1448189
1496154
1545142
1596037
1648215
1702359
1758518
1816536
1876468
1938091
2001854
20658
21333
22010
22792
23545
24297
25070
25825
26712
27584
28467
29424
30372
31370
32418
33433
34545
35657
36847
38041
39353
40595
41971
43313
44758
46187
47716
49283
50900
52562
54243
56076
57888
59806
61797
63720
65743
67866
70087
72405
74824
77342
79850
82428
85115
87965
90800
93798
96798
100056
103323
106736
110238
113967
117645
121566
125526
129576
133898
138268
142764
147429
152339
157374
162456
168013
173528
179206
185161
191264
197536
204079
210900
217915
225100
232530
240362
248276
256655
265199
274057
283071
292338
301912
311815
322162
332464
343429
354752
366475
378730
391139
404068
417497
431292
445507
460186
475213
490925
507136
524060
541632
559272
577744
596724
616134
636521
657332
678891
701071
724243
748287
773033
798701
824858
852021
880051
909179
939275
970224
1002377
1035708
1069675
1105232
1141928
1179510
1218531
1258656
1300188
1342619
1386810
1432778
1479731
1528520
1579008
1630825
1684580
1740003
1797104
1856134
1917191
1980051
2044910
21291
21983
22666
23412
24154
24953
25815
26635
27516
28478
29475
30462
31459
32524
33641
34835
35956
37087
38270
39552
40831
42180
43623
45110
46605
48114
49693
51345
53106
54847
56710
58603
60528
62467
64475
66589
68720
70919
73309
75756
78283
80925
83542
86327
89132
92095
95175
98294
101531
104842
108283
111816
115504
119410
123295
127363
131475
135811
140331
145111
149882
154784
160012
165193
170630
176261
181946
187936
194112
200450
206909
213821
220837
228189
235797
243733
251748
259899
268304
277111
286258
295488
305158
315205
325746
336489
347630
359133
370906
383088
395721
408729
422137
435896
450240
464832
480107
495724
512228
528967
546474
564340
583100
602226
622093
642444
663733
685558
708476
731813
756066
781189
806953
833380
860764
889074
918528
948650
980089
1012447
1045800
1080122
1115609
1152394
1190512
1229447
1269863
1312003
1355482
1399937
1446244
1493678
1542573
1593790
1646168
1700654
1756429
1814335
1873485
1935551
1999582
2065789
21123
21771
22491
23188
24006
24787
25618
26419
27314
28213
29167
30113
31027
32013
33071
34169
35295
36518
37667
38973
40229
41547
42883
44284
45839
47357
48903
50526
52211
53940
55754
57630
59547
61541
63558
65629
67879
70143
72454
74877
77344
79882
82543
85190
87968
90989
93963
96955
100142
103507
106955
110507
114123
117866
121544
125617
129697
134088
138528
143142
147846
152833
157906
163032
168415
173962
179830
185777
191815
198122
204638
211315
218214
225359
232784
240438
248400
256689
265304
273962
282959
292313
302066
311962
322323
332807
343712
355087
366975
379136
391823
404663
418057
432130
446415
460924
475798
491584
507763
524660
541847
559828
578188
597196
616819
637099
657961
679519
702011
725152
749139
773987
799494
825648
852937
880937
910074
940065
970947
1002704
1035867
1069891
1105366
1141899
1179706
1218579
1258930
1300456
1343472
1387670
1432991
1479793
1528732
1579608
1631933
1685843
1741661
1798943
1858545
1920010
1982922
2048535
21147
21825
22522
23336
24077
24864
25664
26489
27309
28207
29202
30132
31126
32157
33193
34347
35493
36635
37854
39107
40362
41640
43021
44442
45820
47329
48917
50506
52177
53881
55689
57601
59482
61423
63436
65516
67668
69912
72218
74597
77205
79716
82308
85099
87915
90782
93781
96953
100198
103516
106814
110385
114052
117930
121804
125802
130011
134315
138803
143326
148233
153102
158134
163192
168517
174017
179715
185667
191669
198061
204522
211131
218166
225281
232683
240304
248229
256546
264940
273804
282976
292378
302001
312071
322532
333183
344081
355545
367094
379047
391431
404514
417912
431868
446376
461146
476601
492250
508377
525077
542408
560135
578665
597685
617352
637593
658480
680093
702553
725489
749216
774230
799569
826061
853305
881545
910386
940361
971466
1003445
1036415
1070431
1105279
1141422
1179502
1218215
1258285
1299446
1342381
1386968
1432646
1479664
1528304
1578259
1630084
1683969
1739186
1796490
1855753
1916871
1980095
2045480
21153
21827
22545
23265
24035
24806
25607
26420
27257
28143
29076
30063
30996
32028
33148
34202
35341
36471
37670
38914
40182
41502
42856
44278
45710
47182
48728
50290
51922
53619
55344
57135
58984
60884
62921
65039
67211
69437
71770
74115
76480
78970
81617
84341
87143
90034
93035
96082
99357
102714
106056
109519
113055
116801
120706
124686
128784
133112
137461
142038
146694
151651
156656
161929
167231
172630
178273
184106
190155
196304
202722
209408
216165
223259
230658
238361
246060
254055
262417
271161
280040
289322
298875
308559
318751
329292
340159
351196
362853
374760
387227
399904
413019
426970
441080
455585
470657
486114
502225
518761
535959
553620
571916
590761
610307
630538
651444
672782
694835
717717
741449
765892
791429
817677
