102659
105422
108261
111181
114028
117024
120179
123392
126628
130037
133506
137042
140707
144442
148331
152331
156481
160647
165014
169456
174012
178635
183461
188500
193415
198554
203939
209372
215004
220741
226744
232738
239103
245580
252383
259209
266249
273529
280905
288484
296457
304573
312807
321357
329928
338943
348224
357859
367619
377517
387683
398266
409092
420344
431824
443701
456048
468374
480990
494135
507677
521488
535718
550326
565037
580662
596390
612682
629323
646234
663870
681872
700581
719883
739859
759947
780848
802168
824173
847008
870425
894443
918988
944196
969882
996463
1023764
1051698
1080617
1110641
1140896
1172075
1204427
1237999
1272208
1307137
1343029
1379926
1418009
1457331
1497466
1538966
1581521
1625093
1669855
1716421
1763844
1812548
1862772
1914485
1967420
2021933
20977
21539
22148
22739
23378
24001
24642
25342
26062
26781
27457
28244
28998
29762
30559
31417
32349
33219
34217
35143
36108
37187
38261
39310
40444
41445
42619
43821
45033
46322
47592
48909
50235
51689
53095
54569
56145
57702
59349
61099
62774
64472
66292
68133
70078
72060
74143
76269
78499
80751
83054
85319
87691
90064
92598
95188
97804
100511
103384
106338
109444
112533
115712
119006
122427
125821
129359
133107
136902
140859
144983
149072
153251
157661
162136
166791
171612
176517
181478
186753
192184
197687
203385
209189
215152
221262
227622
234129
240941
247860
255040
262403
270018
277628
285575
293638
301996
310640
319488
328866
338250
347877
357724
367940
378292
389061
400229
411674
423466
435734
448141
460970
474080
487881
501896
516460
531312
546571
562383
578447
595065
612107
629748
647975
666759
685894
705512
725854
746685
768377
790748
813658
837067
861317
886283
911835
938148
965177
993067
1021707
1051221
1081777
1113186
1145464
1178434
1212348
1247721
1283900
1321074
1359782
1399047
1439413
1481547
1524243
1568483
1614000
1660873
1709501
1759202
1810598
1863424
1917689
1973543
2031339
21165
21786
22410
23082
23780
24455
25201
25925
26675
27482
28279
29083
29909
30787
31679
32607
33617
34651
35664
36681
37775
38857
40035
41231
42480
43759
45015
46393
47697
49055
50463
51927
53395
54981
56634
58326
60014
61785
63565
65373
67193
69188
71294
73398
75550
77775
80125
82491
84992
87523
90078
92710
95423
98170
101093
104022
107071
110315
113549
116867
120371
124108
127715
131437
135321
139313
143446
147649
152042
156520
161072
165778
170814
175931
181214
186470
191913
197686
203544
209591
215809
222045
228667
235301
242315
249537
256953
264571
272470
280638
289009
297628
306278
315406
324770
334379
344436
354699
365354
376147
387486
399130
411099
423462
436133
449070
462333
476101
490316
504975
520149
535730
551750
568222
585195
602664
620657
639299
658469
678465
698743
719711
741312
763639
786623
810215
834369
859571
885135
911635
939006
967274
996340
1026306
1057051
1088739
1121367
1154871
1189955
1226085
1262945
1301160
1340570
1381008
1422942
1465620
1509649
1555140
1601881
1650096
1699415
1751340
1804461
1859532
1915507
1972977
2032559
21143
21760
22429
23186
23919
24648
25387
26147
26921
27727
28557
29447
30313
31241
32113
33071
34060
35109
36140
37263
38386
39607
40839
42114
43427
44767
46166
47538
48979
50539
52033
53672
55292
57010
58761
60557
62358
64256
66213
68192
70170
72287
74436
76699
78942
81368
83950
86446
89081
91806
94576
97502
100405
103423
106626
110043
113470
116922
120466
124119
127934
131829
135820
139968
144091
148421
152977
157717
162475
167481
172646
177898
183367
189134
194860
200779
206803
213102
219670
226398
233253
240242
247668
255232
263031
270902
279171
287673
296515
305750
315055
324736
334691
344887
355396
366358
377614
389332
401242
413687
426375
439466
452984
466802
481201
496054
511306
526936
543002
559726
576650
594404
612655
631602
651105
670923
691501
712861
734582
757283
780670
804649
829356
854742
881170
908210
936142
964769
994760
1025393
1057004
1089537
1123031
1157595
1193728
1230739
1269010
1308161
1348290
1389854
1432744
1477004
1522745
1569685
1618475
1668485
1720215
1773527
1828064
1884461
1943111
2003559
20380
21031
21641
22284
22928
23652
24370
25111
25899
26645
27432
28267
29188
30118
31008
31905
32964
33992
35034
36131
37281
38449
39627
40846
42089
43397
44767
46126
47577
49021
50500
52131
53705
55357
57048
58780
60597
62507
64504
66498
68576
70720
72940
75283
77715
80136
82704
85236
87911
90640
93496
96466
99414
102494
105612
108898
112245
115698
119232
122932
126702
130801
134878
139111
143353
147899
152507
157205
162139
167160
172288
177578
183147
188841
194635
200813
207237
213879
220475
227413
234556
242001
249492
257260
265339
273403
282003
290742
299868
309114
318850
328755
339023
349462
360336
371639
383056
395106
407665
420395
433633
447246
461278
475781
490773
506091
521984
538342
555248
572482
590468
608999
627966
647560
668034
689167
710627
732893
755669
779251
803881
829305
855350
881829
909740
938148
967718
998105
1029458
1062032
1095075
1129423
1165151
1201817
1239398
1278047
1318296
1359824
1402495
1446527
1492120
1538933
1587249
1637093
1688764
1741919
1797137
1853407
1911954
1971746
2033454
21095
21775
22438
23150
23872
24595
25340
26122
26993
27862
28727
29592
30544
31524
32514
33586
34640
35714
36842
37946
39113
40337
41591
42904
44327
45724
47156
48571
50094
51640
53166
54809
56511
58260
60090
61893
63845
65818
67843
70046
72263
74600
76935
79335
81873
84506
87210
89900
92632
95623
98599
101774
104933
108334
111845
115322
119013
122798
126599
130591
134698
138930
143234
147854
152546
157301
162339
167536
172886
178406
184259
190021
196027
202188
208518
215069
221902
228964
236244
243775
251528
259512
267696
276374
285133
294270
303585
313217
323155
333416
343819
354791
365920
377319
389269
401613
414344
427437
441076
454914
469227
484219
499488
515350
531714
548663
566287
584240
602790
622099
641797
662369
683325
704847
727164
750284
773978
798815
824151
850441
877740
905522
933937
963472
994275
1025609
1058264
1092126
1126663
1162357
1199461
1237106
1276283
1316565
1358494
1401516
1446096
1492128
1539442
1588013
1638121
1690005
1743705
1798806
1856298
1915557
1976483
2039193
20995
21667
22303
23005
23720
24528
25324
26120
26932
27786
28694
29620
30547
31536
32545
33622
34664
35781
36908
38112
39285
40522
41839
43223
44542
45931
47390
48868
50428
52072
53784
55499
57340
59182
61049
62986
64979
66997
69171
71358
73526
75876
78250
80803
83364
85976
88661
91500
94477
97541
100696
104012
107407
110843
114388
118048
121877
125756
129785
133789
138084
142541
147118
151782
156709
161718
166926
172475
178006
183731
189507
195510
201770
208220
214955
221850
228895
236310
243904
251509
259661
267873
276401
285137
294257
303645
313223
323289
333578
344233
355152
366463
378249
390231
402620
415435
428848
442720
456906
471394
486428
502107
518197
535044
552142
569693
588048
606995
626229
646198
666765
688245
710133
732994
756547
780549
805608
831488
857839
885184
913518
942866
972982
1004278
1036529
1069877
1104180
1139758
1176414
1213850
1252903
1293078
1334366
1377284
1421525
1466998
1514142
1562835
1613221
1664826
1718482
1773933
1830907
1889704
1950029
2012937
20855
21505
22212
22960
23739
24505
25303
26145
27031
27884
28779
29651
30616
31565
32517
33563
34646
35719
36895
38048
39301
40600
41878
43214
44608
46068
47557
49138
50745
52351
54056
55798
57600
59420
61441
63357
65415
67493
69619
71891
74077
76413
78858
81435
83991
86759
89496
92410
95371
98396
101542
104888
108318
111776
115297
119040
122824
126830
130969
135260
139499
144059
148680
153483
158361
163518
168861
174217
179663
185398
191390
197479
203754
210364
217036
223958
231184
238750
246519
254484
262668
271036
279769
288727
297964
307507
317605
328067
338738
349619
360895
372502
384455
396941
409856
423071
436923
451038
465786
480631
496193
512462
529293
546258
563944
582283
601013
620334
640432
661244
682610
704520
727158
750580
775056
800106
825757
852351
879919
908397
937706
968146
999404
1032019
1065396
1100121
1135499
1172187
1210535
1249892
1290394
1332511
1375516
1420331
1466152
1513507
1562145
1612672
1664840
1718628
1774414
1831424
1890569
1951644
2015001
20678
21306
21996
22712
23415
24208
24986
25751
26596
27476
28368
29246
30229
31209
32221
33221
34345
35474
36632
37831
39041
40342
41721
43034
44435
45944
47414
48992
50574
52226
53842
55577
57444
59336
61313
63332
65417
67515
69737
72003
74366
76825
79399
81958
84647
87469
90343
93331
96319
99423
102689
105933
109374
112931
116600
120457
124368
128419
132658
137029
141490
146088
150889
155746
160760
165991
171419
177063
182694
188737
194842
201255
207883
214506
221310
228417
236002
243596
251590
259808
268236
276812
285869
295072
304658
314337
324252
334838
345686
356920
368450
380258
392606
405147
418262
431949
445698
460169
475240
490428
506478
522847
539725
557227
575410
594062
613317
633226
653677
674697
696146
718917
742255
766354
791039
816542
843072
870643
898907
928086
958410
989672
1021511
1054585
1088869
1124096
1160649
1198226
1237295
1277563
1319229
1362059
1406336
1451785
1498969
1547196
1597422
1649274
1702485
1757641
1814450
1873617
1934483
1997393
2062312
21031
21694
22433
23159
23913
24713
25511
26336
27172
28017
28912
29856
30815
31784
32787
33854
34988
36159
37266
38494
39774
41072
42365
43737
45182
46609
48096
49688
51337
52997
54800
56508
58314
60247
62171
64211
66366
68525
70728
73071
75405
77876
80325
82874
85612
88422
91263
94259
97369
100507
103810
107304
110717
114258
118047
121878
125797
129789
133973
138447
142948
147667
152522
157472
162674
167995
173516
179137
184850
190885
197132
203558
210214
217128
224212
231455
239260
247017
255011
263271
271889
280530
289787
299376
309071
319135
329622
340313
351407
362987
374915
387344
399885
412924
426229
440312
454766
469674
484951
500660
516810
533590
551087
569110
587874
607088
626798
647336
668492
690295
712588
735710
759663
784449
810164
836421
863805
892041
921411
951281
982103
1014242
1047159
1081276
1116767
1153261
1191006
1229714
1269419
1310850
1353693
1398125
1443789
1490736
1539321
1589276
1641078
1694892
1750192
1807085
1865736
1926741
1989742
2054773
21343
22030
22738
23494
24207
25000
25826
26647
27582
28458
29406
30364
31349
32367
33417
34478
35654
36798
37968
39226
40524
41811
43206
44581
46069
47612
49179
50847
52489
54182
55957
57714
59624
61576
63581
65744
67950
70151
72426
74846
77263
79816
82446
85153
87989
90739
93673
96752
99903
103106
106524
109941
113479
117206
121067
124986
129155
133328
137727
142252
146887
151732
156543
161764
166935
172249
177805
183676
189657
195731
202040
208771
215515
222611
229879
237285
245022
252901
261149
269789
278646
287952
297379
307067
317185
327530
338176
349183
360566
372331
384486
397195
410121
423529
437363
451667
466480
481775
497613
513822
530490
547825
566052
584351
603350
623030
643584
664530
686157
708626
732042
755909
780308
805951
832586
859710
888141
917268
947296
978734
1010689
1043373
1077304
1112473
1149027
1186748
1225590
1265862
1307399
1350427
1394445
1439635
1486324
1534661
1584762
1636356
1689779
1745561
1802380
1861356
1922361
1985288
2050396
21107
21767
22522
23267
24051
24847
25685
26510
27341
28240
29152
30061
30972
32027
33081
34201
35276
36457
37712
38993
40295
41644
43040
44461
45884
47372
48927
50509
52114
53818
55547
57286
59096
61004
62983
65135
67313
69551
71902
74217
76595
79060
81660
84345
87014
89941
92931
95939
99058
102314
105557
109162
112670
116358
120108
123925
127934
132044
136406
140921
145621
150338
155220
160282
165552
170796
176412
182133
188092
194431
200695
207364
214161
221248
228468
235906
243694
251685
259841
268274
277066
286216
295671
305362
315225
325525
336271
347085
358354
370176
382198
394699
407557
420920
434772
449003
463691
478999
494772
510748
527517
544643
562286
580811
599881
619403
639841
660935
682662
705058
728157
751999
776596
802058
828277
855439
883392
912147
942240
972986
1004779
1038026
1072082
1106961
1143121
1180574
1219006
1259127
1300047
1342676
1386622
1432101
1478684
1527447
1577430
1629294
1682758
1737962
1795483
1854000
1914456
1977366
2042011
21219
21940
22625
23399
24197
24931
25697
26496
27349
28271
29206
30104
31092
32075
33075
34182
35288
36492
37644
38834
40165
41551
42878
44315
45759
47293
48850
50417
52049
53782
55597
57431
59286
61242
63286
65350
67529
69677
71912
74209
76687
79227
81770
84396
87099
90049
93056
96085
99166
102456
105919
109390
113025
116721
120550
124489
128569
132791
137088
141584
146212
151019
156099
161318
166633
172185
177912
183710
189828
196070
202340
208971
215820
223004
230197
237761
245683
253829
262129
270710
279524
288779
298104
307984
317944
328404
339196
350220
361810
373807
386101
398589
411522
425139
439200
453775
468710
484320
500323
516526
533564
551115
569174
587681
606798
626699
647312
668881
690966
713576
737042
761323
786463
812458
839109
866763
895205
924307
954740
985762
1018249
1051513
1086099
1121632
1157825
1195831
1235108
1275503
1317456
1360780
1405369
1451718
1499353
1548766
1599443
1651967
1706448
1762507
1820578
1880170
1941938
2005529
20500
21139
21797
22558
23257
23996
24777
25594
26404
27274
28162
29100
30053
31013
32009
33085
34153
35278
36434
37649
38950
40209
41531
42877
44277
45736
47222
48738
50344
51985
53716
55487
57229
59082
60999
63103
65216
67360
69575
71883
74179
76629
79109
81639
84259
86955
89769
92707
95713
98821
102052
105451
108925
112531
116230
120056
124045
128167
132355
136570
141037
145599
150310
155300
160421
165682
170989
176569
182398
188564
194818
201236
207802
214731
221681
228987
236654
244512
252636
260928
269523
278307
287338
296774
306454
316347
326865
337701
348951
360436
372342
384522
397183
410377
423902
437854
452056
467018
482479
498206
514676
531667
548990
567207
585846
605005
625020
645586
666673
688349
710719
734034
758144
783093
808869
835244
862601
891019
920444
950690
982216
1014425
1047935
1082418
1117732
1154443
1192186
1231396
1271875
1313849
1357100
1401441
1447658
1494748
1543857
1594857
1647119
1701358
1757343
1814598
1874314
1935743
1999295
2064921
21180
21884
22550
23255
24041
24824
25695
26545
27440
28342
29293
30209
31256
32251
33365
34467
35562
36672
37845
39060
40325
41611
42974
44364
45857
47358
48887
50571
52254
53912
55753
57525
59500
61443
63433
65476
67679
69873
72110
74462
76899
79343
81984
84647
87540
90474
93378
96470
99660
102937
106256
109642
113205
117012
120989
125035
129158
133559
137877
142508
147152
152069
157168
162408
167614
173206
178884
184615
190558
196924
203381
210147
217305
224358
231853
239364
247242
255536
263877
272586
281638
290987
300587
310549
320627
331281
342312
353501
365069
377148
389325
402219
415303
428893
443024
457495
472691
488647
504692
521462
538312
556120
574464
593322
612804
633166
653926
675343
697726
720683
744278
768532
793859
819910
846956
874706
903616
933230
963784
995677
1028454
1062255
1097200
1133286
1170086
1207969
1247960
1288811
1331054
1374624
1419927
1466749
1514754
1564249
1615595
1668677
1723406
1779806
1838241
1898803
1961551
2026218
20858
21553
22260
23012
23750
24520
25329
26182
27051
27925
28861
29836
30870
31887
32874
33944
35032
36128
37333
38567
39864
41154
42511
43930
45365
46913
48432
49982
51624
53380
55021
56802
58691
60611
62564
64635
66784
68944
71238
73573
75922
78462
81087
83789
86526
89528
92542
95634
98843
102126
105529
109015
112479
116274
120199
124150
128196
132441
136689
141344
146077
150901
155870
160951
166195
171722
177309
182988
188936
195168
201722
208377
215312
222369
229527
237253
245138
253306
261577
270061
278909
288192
297637
307297
317485
328068
338713
349977
361497
373299
385550
398209
411361
425146
439163
453671
468565
484311
500407
517011
534019
551526
569768
588518
607906
628225
648855
670395
692386
715038
738512
762582
787809
813981
840821
868365
896649
926218
956864
988137
1020631
1054079
1088740
1124518
1161646
1200264
1239595
1280515
1322566
1365870
1410537
1457273
1505086
1554273
1605588
1658717
1713087
1769692
1828005
1888471
1950521
2014704
20744
21434
22099
22801
23533
24288
25066
25901
26710
27581
28509
29470
30497
31495
32519
33575
34685
35760
36925
38143
39375
40679
41994
43390
44813
46274
47787
49337
51029
52764
54499
56321
58197
60059
62087
64164
66279
68490
70735
73115
75557
78059
80678
83321
85960
88816
91779
94817
97895
101166
104507
107957
111506
115046
118969
122904
126944
131123
135375
139899
144375
149157
154128
159265
164637
170060
175562
181377
187456
193504
199952
206497
213218
220212
227260
234730
242460
250420
258733
267338
276217
285367
294659
304454
314450
324698
335535
346653
358067
370136
382271
395121
408349
421815
435758
450068
464722
479919
495908
512141
528870
546273
564324
582946
602117
621851
642311
663817
685627
708156
731528
755765
780695
806238
832867
860370
888512
918003
948255
979205
1011619
1044903
1079286
1115001
1151642
1189704
1228843
1269427
1311066
1354237
1398929
1444914
1492378
1541490
1592282
1644587
1698853
1754915
1812311
1871786
1933407
1996757
2062269
21384
22089
22833
23578
24392
25186
26011
26869
27754
28662
29641
30626
31609
32676
33701
34832
35986
37218
38433
39648
41020
42343
43770
45117
46532
48100
49677
51283
52906
54623
56415
58319
60209
62242
64310
66432
68622
70913
73255
75647
78189
80781
83485
86262
89034
91995
95049
98274
101446
104746
108233
111858
115550
119426
123443
127559
131719
136042
140501
145073
149832
154682
159883
165227
170551
176169
181968
187992
194165
200579
207182
213841
220772
228167
235818
243586
251745
259863
268385
277417
286591
296075
305823
315843
326161
336891
347972
359725
371632
383898
396529
409563
423001
436833
451150
466107
481457
497195
513466
530430
547800
565976
584380
603714
623787
644370
665558
687422
710276
733678
758142
783167
808918
835499
863129
891406
920987
951516
982942
1015664
1048784
1083757
1119650
1156589
1194770
1233923
1274568
1316460
1360353
1404880
1451029
1498719
1547759
1598578
1651426
1705757
1761468
1819143
1878964
1940855
2004874
20728
21362
22047
22760
23487
24259
25074
25926
26763
27691
28612
29563
30455
31407
32409
33441
34561
35697
36883
38058
39352
40659
42050
43388
44842
46322
47850
49417
51005
52726
54413
56183
58061
59912
61915
63949
66107
68298
70505
72762
75191
77579
80224
82853
85687
88452
91399
94478
97551
100693
103928
107397
110950
114488
118222
122104
126123
130232
134420
138881
143542
148265
153178
158208
163399
168876
174442
180196
186116
192427
198756
205424
212222
219235
226538
234002
241781
249662
257770
266159
274804
284011
293358
303144
312968
323228
334023
345058
356426
367974
380032
392640
405727
419033
432799
447155
462024
477264
492876
509011
525664
542715
560496
578960
598048
617636
637932
658916
680709
703172
726376
750206
775042
800433
826798
853790
882096
911231
941229
972047
1004172
1037105
1071518
1106864
1143464
1181294
1220606
1260515
1302173
1345289
1389637
1435509
1482952
1531528
1581962
1633452
1687374
1742895
1800842
1860231
1920883
1984065
2049551
20918
21561
22257
23007
23726
24541
25358
26202
27045
27935
28846
29801
30827
31891
32947
34000
35140
36267
37471
38716
40004
41258
42578
43990
45410
46892
48428
50069
51718
53349
55069
56885
58723
60600
62536
64663
66805
69048
71357
73782
76282
78716
81234
83870
86645
89411
92386
95415
98572
101774
105110
108571
112265
115924
119724
123711
127791
132099
136434
140847
145385
150210
155090
160238
165369
170977
176651
182485
188570
194873
201379
208053
214791
221750
228866
236531
244292
252361
260612
269274
278052
287117
296663
306473
316416
326891
337675
348703
360213
371895
384112
396525
409608
422877
437049
451644
466653
482019
497887
514286
531029
548633
566646
585419
604681
624639
645416
666414
688405
710813
734230
758359
783641
809253
836038
863561
892029
921344
951655
983232
1015463
1048687
1083536
1119085
1156103
1193808
1232916
1273389
1315050
1358552
1403234
1449266
1497154
1546698
1597732
1650169
1704385
1760355
1818280
1878064
1939784
2003665
20417
21137
21796
22513
23290
24048
24886
25751
26642
27552
28534
29473
30423
31376
32390
33477
34557
35639
36779
38010
39266
40544
41938
43383
44788
46282
47824
49397
51054
52749
54514
56379
58220
60122
62155
64209
66325
68541
70788
73102
75503
77981
80421
83039
85825
88571
91498
94449
97621
100811
104119
107547
111062
114718
118546
122453
126507
130579
134828
139225
143844
148640
153442
158417
163690
169118
174692
180325
186113
192241
198642
205224
211917
218743
225930
233336
241059
249013
257385
265941
274676
283761
293150
302853
312858
323185
333768
344931
356129
367868
379929
392447
405388
418907
432559
447113
462036
477433
493396
509577
526332
543958
561865
580299
599423
619244
639690
660804
682679
705156
728393
