2,2,2,1,2,2,3,2,2,1,2,1,2,1,1,2,1,2,2,2,2,1,-0.00736955077991044
2,2,2,1,2,2,3,2,2,1,2,1,2,1,1,2,1,2,1,2,2,1,-0.00810745950957086
2,2,2,1,2,2,2,2,2,1,2,1,2,1,1,2,1,2,2,2,2,1,-0.00942299538166131
2,2,2,1,2,2,2,2,2,1,2,1,2,1,1,2,1,2,1,2,2,1,0.00318657538009582
2,2,2,1,2,2,3,2,2,1,2,1,2,1,1,2,2,2,2,2,2,1,-0.0151588838029474
2,2,1,1,2,2,3,2,2,1,2,1,2,1,1,2,1,2,2,2,2,1,-6.34379759049555e-05
2,2,2,1,2,2,3,2,1,1,2,1,2,1,1,2,1,2,2,2,2,1,-0.005439062031801
2,2,2,1,2,2,3,2,2,1,2,1,2,1,1,2,1,2,2,2,2,2,-0.0123796466397902
2,2,2,1,2,2,3,1,2,1,2,1,2,1,1,2,1,2,2,2,2,1,-0.00927853618964334
2,2,2,1,2,2,2,2,2,1,2,1,2,1,1,2,2,2,2,2,2,1,0.015260630866168
2,2,2,2,2,2,3,2,2,1,2,1,2,1,1,2,1,2,2,2,2,1,0.00191955157516092
2,2,2,1,1,2,3,2,2,1,2,1,2,1,1,2,1,2,2,2,2,1,-0.00380354697632323
1,2,2,1,2,2,3,2,2,1,2,1,2,1,1,2,1,2,2,2,2,1,0.0133742186128155
3,2,2,1,2,2,3,2,2,1,2,1,2,1,1,2,1,2,2,2,2,1,0.0128545465055415
2,1,2,1,2,2,3,2,2,1,2,1,2,1,1,2,1,2,2,2,2,1,0.00342720065599094
2,3,2,1,2,2,3,2,2,1,2,1,2,1,1,2,1,2,2,2,2,1,-0.00213323421899006
2,2,3,1,2,2,3,2,2,1,2,1,2,1,1,2,1,2,2,2,2,1,0.00443997251993456
2,2,2,0,2,2,3,2,2,1,2,1,2,1,1,2,1,2,2,2,2,1,-0.0109677040697453
2,2,2,1,3,2,3,2,2,1,2,1,2,1,1,2,1,2,2,2,2,1,-0.012102478530362
2,2,2,1,2,1,3,2,2,1,2,1,2,1,1,2,1,2,2,2,2,1,0.0047152960477294
2,2,2,1,2,3,3,2,2,1,2,1,2,1,1,2,1,2,2,2,2,1,-0.0107913113179725
2,2,2,1,2,2,4,2,2,1,2,1,2,1,1,2,1,2,2,2,2,1,-0.00383873942881655
2,2,2,1,2,2,3,3,2,1,2,1,2,1,1,2,1,2,2,2,2,1,-0.00923409812952427
2,2,2,1,2,2,3,2,3,1,2,1,2,1,1,2,1,2,2,2,2,1,-0.0027333391128356
2,2,2,1,2,2,3,2,2,0,2,1,2,1,1,2,1,2,2,2,2,1,-0.00579964895777222
2,2,2,1,2,2,3,2,2,2,2,1,2,1,1,2,1,2,2,2,2,1,0.00819362126612277
2,2,2,1,2,2,3,2,2,1,1,1,2,1,1,2,1,2,2,2,2,1,0.00813000287151391
2,2,2,1,2,2,3,2,2,1,3,1,2,1,1,2,1,2,2,2,2,1,-0.00861850365551403
2,2,2,1,2,2,3,2,2,1,2,0,2,1,1,2,1,2,2,2,2,1,-0.00572383993317935
2,2,2,1,2,2,3,2,2,1,2,2,2,1,1,2,1,2,2,2,2,1,0.0110491633192277
2,2,2,1,2,2,3,2,2,1,2,1,1,1,1,2,1,2,2,2,2,1,0.00329696391960051
2,2,2,1,2,2,3,2,2,1,2,1,3,1,1,2,1,2,2,2,2,1,-0.00374284049724322
2,2,2,1,2,2,3,2,2,1,2,1,2,0,1,2,1,2,2,2,2,1,0.00150022771808335
2,2,2,1,2,2,3,2,2,1,2,1,2,2,1,2,1,2,2,2,2,1,-0.00614622906967119
2,2,2,1,2,2,3,2,2,1,2,1,2,1,0,2,1,2,2,2,2,1,-0.00719628639194141
2,2,2,1,2,2,3,2,2,1,2,1,2,1,2,2,1,2,2,2,2,1,-0.0071962863919413
2,2,2,1,2,2,3,2,2,1,2,1,2,1,1,1,1,2,2,2,2,1,0.0184294646240927
2,2,2,1,2,2,3,2,2,1,2,1,2,1,1,3,1,2,2,2,2,1,0.000178886166014926
2,2,2,1,2,2,3,2,2,1,2,1,2,1,1,2,0,2,2,2,2,1,-0.00159467370930934
2,2,2,1,2,2,3,2,2,1,2,1,2,1,1,2,1,1,2,2,2,1,0.00920118803547682
2,2,2,1,2,2,3,2,2,1,2,1,2,1,1,2,1,3,2,2,2,1,-0.00309207380171541
2,2,2,1,2,2,3,2,2,1,2,1,2,1,1,2,1,2,3,2,2,1,0.00472093563725218
2,2,2,1,2,2,3,2,2,1,2,1,2,1,1,2,1,2,2,1,2,1,0.0148387512074559
2,2,2,1,2,2,3,2,2,1,2,1,2,1,1,2,1,2,2,3,2,1,-0.00790640624598746
2,2,2,1,2,2,3,2,2,1,2,1,2,1,1,2,1,2,2,2,1,1,0.0145696352549451
2,2,2,1,2,2,3,2,2,1,2,1,2,1,1,2,1,2,2,2,3,1,-0.0111016770017479
2,2,2,1,2,2,3,2,2,1,2,1,2,1,1,2,1,2,2,2,2,0,-0.00338638604292715
1,2,2,1,2,2,3,2,2,1,2,1,2,1,1,2,1,2,1,2,2,1,-0.00231673503458724
3,2,2,1,2,2,3,2,2,1,2,1,2,1,1,2,1,2,1,2,2,1,0.000645010056303966
2,1,2,1,2,2,3,2,2,1,2,1,2,1,1,2,1,2,1,2,2,1,0.0124301226263897
2,3,2,1,2,2,3,2,2,1,2,1,2,1,1,2,1,2,1,2,2,1,-0.00212000391461252
2,2,1,1,2,2,3,2,2,1,2,1,2,1,1,2,1,2,1,2,2,1,0.0118677859170119
2,2,3,1,2,2,3,2,2,1,2,1,2,1,1,2,1,2,1,2,2,1,0.00583526180754814
2,2,2,0,2,2,3,2,2,1,2,1,2,1,1,2,1,2,1,2,2,1,0.0111270521954926
2,2,2,2,2,2,3,2,2,1,2,1,2,1,1,2,1,2,1,2,2,1,0.00201179550811233
2,2,2,1,1,2,3,2,2,1,2,1,2,1,1,2,1,2,1,2,2,1,0.00310425018571566
2,2,2,1,3,2,3,2,2,1,2,1,2,1,1,2,1,2,1,2,2,1,-0.00270455390230354
2,2,2,1,2,1,3,2,2,1,2,1,2,1,1,2,1,2,1,2,2,1,0.0241870466461318
2,2,2,1,2,3,3,2,2,1,2,1,2,1,1,2,1,2,1,2,2,1,0.00511884847064945
2,2,2,1,2,2,4,2,2,1,2,1,2,1,1,2,1,2,1,2,2,1,-0.00852674884006397
2,2,2,1,2,2,3,1,2,1,2,1,2,1,1,2,1,2,1,2,2,1,0.0112858807174102
2,2,2,1,2,2,3,3,2,1,2,1,2,1,1,2,1,2,1,2,2,1,-0.000868488125493792
2,2,2,1,2,2,3,2,1,1,2,1,2,1,1,2,1,2,1,2,2,1,0.00800029820703526
2,2,2,1,2,2,3,2,3,1,2,1,2,1,1,2,1,2,1,2,2,1,0.0073164992906275
2,2,2,1,2,2,3,2,2,0,2,1,2,1,1,2,1,2,1,2,2,1,-0.00234968021701325
2,2,2,1,2,2,3,2,2,2,2,1,2,1,1,2,1,2,1,2,2,1,0.000780262430982155
2,2,2,1,2,2,3,2,2,1,1,1,2,1,1,2,1,2,1,2,2,1,-0.00500180610917051
2,2,2,1,2,2,3,2,2,1,3,1,2,1,1,2,1,2,1,2,2,1,-0.00304836983144939
2,2,2,1,2,2,3,2,2,1,2,0,2,1,1,2,1,2,1,2,2,1,-0.00277836141505937
2,2,2,1,2,2,3,2,2,1,2,2,2,1,1,2,1,2,1,2,2,1,-0.0051600609730632
2,2,2,1,2,2,3,2,2,1,2,1,1,1,1,2,1,2,1,2,2,1,-0.00755635177034125
2,2,2,1,2,2,3,2,2,1,2,1,3,1,1,2,1,2,1,2,2,1,-0.00408350801122522
2,2,2,1,2,2,3,2,2,1,2,1,2,0,1,2,1,2,1,2,2,1,-0.00376510214051273
2,2,2,1,2,2,3,2,2,1,2,1,2,2,1,2,1,2,1,2,2,1,-0.00284674012673832
2,2,2,1,2,2,3,2,2,1,2,1,2,1,0,2,1,2,1,2,2,1,-0.00312229397025798
2,2,2,1,2,2,3,2,2,1,2,1,2,1,2,2,1,2,1,2,2,1,-0.00312229397025801
2,2,2,1,2,2,3,2,2,1,2,1,2,1,1,1,1,2,1,2,2,1,-0.00672559064034641
2,2,2,1,2,2,3,2,2,1,2,1,2,1,1,3,1,2,1,2,2,1,-0.000929800130931906
2,2,2,1,2,2,3,2,2,1,2,1,2,1,1,2,0,2,1,2,2,1,0.00123674128685419
2,2,2,1,2,2,3,2,2,1,2,1,2,1,1,2,2,2,1,2,2,1,0.00837688699227073
2,2,2,1,2,2,3,2,2,1,2,1,2,1,1,2,1,1,1,2,2,1,-0.00635741053508177
2,2,2,1,2,2,3,2,2,1,2,1,2,1,1,2,1,3,1,2,2,1,-0.00372067767361846
2,2,2,1,2,2,3,2,2,1,2,1,2,1,1,2,1,2,0,2,2,1,0.00115604097117798
2,2,2,1,2,2,3,2,2,1,2,1,2,1,1,2,1,2,1,1,2,1,0.00501412674813414
2,2,2,1,2,2,3,2,2,1,2,1,2,1,1,2,1,2,1,3,2,1,-0.00192172598388464
2,2,2,1,2,2,3,2,2,1,2,1,2,1,1,2,1,2,1,2,1,1,-0.0066001665101866
2,2,2,1,2,2,3,2,2,1,2,1,2,1,1,2,1,2,1,2,3,1,-0.00298817237856781
2,2,2,1,2,2,3,2,2,1,2,1,2,1,1,2,1,2,1,2,2,0,-0.000237043651410479
2,2,2,1,2,2,3,2,2,1,2,1,2,1,1,2,1,2,1,2,2,2,0.00951076843833005
1,2,2,1,2,2,2,2,2,1,2,1,2,1,1,2,1,2,2,2,2,1,0.0191972279051498
3,2,2,1,2,2,2,2,2,1,2,1,2,1,1,2,1,2,2,2,2,1,0.00396430831003673
2,1,2,1,2,2,2,2,2,1,2,1,2,1,1,2,1,2,2,2,2,1,0.00188650325082805
2,3,2,1,2,2,2,2,2,1,2,1,2,1,1,2,1,2,2,2,2,1,0.00412732470023581
2,2,1,1,2,2,2,2,2,1,2,1,2,1,1,2,1,2,2,2,2,1,0.00620900565099062
2,2,3,1,2,2,2,2,2,1,2,1,2,1,1,2,1,2,2,2,2,1,0.00403878414989978
2,2,2,0,2,2,2,2,2,1,2,1,2,1,1,2,1,2,2,2,2,1,0.00393386369463906
2,2,2,2,2,2,2,2,2,1,2,1,2,1,1,2,1,2,2,2,2,1,0.00459466190788639
2,2,2,1,1,2,2,2,2,1,2,1,2,1,1,2,1,2,2,2,2,1,0.00267270508417004
2,2,2,1,3,2,2,2,2,1,2,1,2,1,1,2,1,2,2,2,2,1,0.00464662617344056
2,2,2,1,2,1,2,2,2,1,2,1,2,1,1,2,1,2,2,2,2,1,0.00159828143525294
2,2,2,1,2,3,2,2,2,1,2,1,2,1,1,2,1,2,2,2,2,1,0.00487658365146374
2,2,2,1,2,2,1,2,2,1,2,1,2,1,1,2,1,2,2,2,2,1,0.0069832011709233
2,2,2,1,2,2,2,1,2,1,2,1,2,1,1,2,1,2,2,2,2,1,0.0117896754323247
2,2,2,1,2,2,2,3,2,1,2,1,2,1,1,2,1,2,2,2,2,1,0.00682002615405621
2,2,2,1,2,2,2,2,1,1,2,1,2,1,1,2,1,2,2,2,2,1,0.00356389511389368
2,2,2,1,2,2,2,2,3,1,2,1,2,1,1,2,1,2,2,2,2,1,0.00300061540249505
2,2,2,1,2,2,2,2,2,0,2,1,2,1,1,2,1,2,2,2,2,1,0.00520121232216688
2,2,2,1,2,2,2,2,2,2,2,1,2,1,1,2,1,2,2,2,2,1,0.0031985356698939
2,2,2,1,2,2,2,2,2,1,1,1,2,1,1,2,1,2,2,2,2,1,0.00307536621111428
2,2,2,1,2,2,2,2,2,1,3,1,2,1,1,2,1,2,2,2,2,1,0.00774176199636335
2,2,2,1,2,2,2,2,2,1,2,0,2,1,1,2,1,2,2,2,2,1,0.00520131186994865
2,2,2,1,2,2,2,2,2,1,2,2,2,1,1,2,1,2,2,2,2,1,0.00308263379182959
2,2,2,1,2,2,2,2,2,1,2,1,1,1,1,2,1,2,2,2,2,1,0.000447547032758351
2,2,2,1,2,2,2,2,2,1,2,1,3,1,1,2,1,2,2,2,2,1,0.00376109669653085
2,2,2,1,2,2,2,2,2,1,2,1,2,0,1,2,1,2,2,2,2,1,0.00427446544221511
2,2,2,1,2,2,2,2,2,1,2,1,2,2,1,2,1,2,2,2,2,1,0.00518580042097678
2,2,2,1,2,2,2,2,2,1,2,1,2,1,0,2,1,2,2,2,2,1,0.00491826368657537
2,2,2,1,2,2,2,2,2,1,2,1,2,1,2,2,1,2,2,2,2,1,0.00491826368657532
2,2,2,1,2,2,2,2,2,1,2,1,2,1,1,1,1,2,2,2,2,1,0.000939348148489147
2,2,2,1,2,2,2,2,2,1,2,1,2,1,1,3,1,2,2,2,2,1,0.00398713611559109
2,2,2,1,2,2,2,2,2,1,2,1,2,1,1,2,0,2,2,2,2,1,-0.00698702241093587
2,2,2,1,2,2,2,2,2,1,2,1,2,1,1,2,1,1,2,2,2,1,0.0414459994983211
2,2,2,1,2,2,2,2,2,1,2,1,2,1,1,2,1,3,2,2,2,1,0.00711519133108194
2,2,2,1,2,2,2,2,2,1,2,1,2,1,1,2,1,2,3,2,2,1,-0.00167600692138768
2,2,2,1,2,2,2,2,2,1,2,1,2,1,1,2,1,2,2,1,2,1,0.00094014025296818
2,2,2,1,2,2,2,2,2,1,2,1,2,1,1,2,1,2,2,3,2,1,0.00487821053500434
2,2,2,1,2,2,2,2,2,1,2,1,2,1,1,2,1,2,2,2,1,1,0.00446895494693636
2,2,2,1,2,2,2,2,2,1,2,1,2,1,1,2,1,2,2,2,3,1,0.00803005077201235
2,2,2,1,2,2,2,2,2,1,2,1,2,1,1,2,1,2,2,2,2,0,0.00657215925502454
2,2,2,1,2,2,2,2,2,1,2,1,2,1,1,2,1,2,2,2,2,2,0.00559277939295654
1,2,2,1,2,2,2,2,2,1,2,1,2,1,1,2,1,2,1,2,2,1,0.00369270148244373
3,2,2,1,2,2,2,2,2,1,2,1,2,1,1,2,1,2,1,2,2,1,-0.00219420208167031
2,1,2,1,2,2,2,2,2,1,2,1,2,1,1,2,1,2,1,2,2,1,-0.000670938720203516
2,3,2,1,2,2,2,2,2,1,2,1,2,1,1,2,1,2,1,2,2,1,-0.00153480917767892
2,2,1,1,2,2,2,2,2,1,2,1,2,1,1,2,1,2,1,2,2,1,0.00368260977628125
2,2,3,1,2,2,2,2,2,1,2,1,2,1,1,2,1,2,1,2,2,1,-0.00473325663761752
2,2,2,0,2,2,2,2,2,1,2,1,2,1,1,2,1,2,1,2,2,1,-0.00486169938364302
2,2,2,2,2,2,2,2,2,1,2,1,2,1,1,2,1,2,1,2,2,1,0.00576567027962654
2,2,2,1,1,2,2,2,2,1,2,1,2,1,1,2,1,2,1,2,2,1,0.00253359236747065
2,2,2,1,3,2,2,2,2,1,2,1,2,1,1,2,1,2,1,2,2,1,-0.00170361553706959
2,2,2,1,2,1,2,2,2,1,2,1,2,1,1,2,1,2,1,2,2,1,-0.00793425462272636
2,2,2,1,2,3,2,2,2,1,2,1,2,1,1,2,1,2,1,2,2,1,-0.00268407146900833
2,2,2,1,2,2,1,2,2,1,2,1,2,1,1,2,1,2,1,2,2,1,0.0017515877245219
2,2,2,1,2,2,2,1,2,1,2,1,2,1,1,2,1,2,1,2,2,1,-0.010597850103205
2,2,2,1,2,2,2,3,2,1,2,1,2,1,1,2,1,2,1,2,2,1,-0.00132841543887905
2,2,2,1,2,2,2,2,1,1,2,1,2,1,1,2,1,2,1,2,2,1,-0.00456739965420774
2,2,2,1,2,2,2,2,3,1,2,1,2,1,1,2,1,2,1,2,2,1,-0.00434537539225752
2,2,2,1,2,2,2,2,2,0,2,1,2,1,1,2,1,2,1,2,2,1,-0.00228776541525296
2,2,2,1,2,2,2,2,2,2,2,1,2,1,1,2,1,2,1,2,2,1,-0.00354337378304684
2,2,2,1,2,2,2,2,2,1,1,1,2,1,1,2,1,2,1,2,2,1,-0.00232594874413546
2,2,2,1,2,2,2,2,2,1,3,1,2,1,1,2,1,2,1,2,2,1,-0.00278937460218808
2,2,2,1,2,2,2,2,2,1,2,0,2,1,1,2,1,2,1,2,2,1,-0.00242990168698506
2,2,2,1,2,2,2,2,2,1,2,2,2,1,1,2,1,2,1,2,2,1,-0.00251461385225007
2,2,2,1,2,2,2,2,2,1,2,1,1,1,1,2,1,2,1,2,2,1,0.00214443011186418
2,2,2,1,2,2,2,2,2,1,2,1,3,1,1,2,1,2,1,2,2,1,-0.00210098065386613
2,2,2,1,2,2,2,2,2,1,2,1,2,0,1,2,1,2,1,2,2,1,-0.00240089356636852
2,2,2,1,2,2,2,2,2,1,2,1,2,2,1,2,1,2,1,2,2,1,-0.00236723036454697
2,2,2,1,2,2,2,2,2,1,2,1,2,1,0,2,1,2,1,2,2,1,-0.00241649698257221
2,2,2,1,2,2,2,2,2,1,2,1,2,1,2,2,1,2,1,2,2,1,-0.00241649698257216
2,2,2,1,2,2,2,2,2,1,2,1,2,1,1,1,1,2,1,2,2,1,-0.0026811785210786
2,2,2,1,2,2,2,2,2,1,2,1,2,1,1,3,1,2,1,2,2,1,-0.00294836195542464
2,2,2,1,2,2,2,2,2,1,2,1,2,1,1,2,0,2,1,2,2,1,-0.00673366175449042
2,2,2,1,2,2,2,2,2,1,2,1,2,1,1,2,2,2,1,2,2,1,0.0107994315200667
2,2,2,1,2,2,2,2,2,1,2,1,2,1,1,2,1,1,1,2,2,1,-0.00914783168118658
2,2,2,1,2,2,2,2,2,1,2,1,2,1,1,2,1,3,1,2,2,1,-0.00172911001313926
2,2,2,1,2,2,2,2,2,1,2,1,2,1,1,2,1,2,0,2,2,1,0.00239120477284994
2,2,2,1,2,2,2,2,2,1,2,1,2,1,1,2,1,2,1,1,2,1,0.000490572737359444
2,2,2,1,2,2,2,2,2,1,2,1,2,1,1,2,1,2,1,3,2,1,-0.00165797089854266
2,2,2,1,2,2,2,2,2,1,2,1,2,1,1,2,1,2,1,2,1,1,-0.00308209823308309
2,2,2,1,2,2,2,2,2,1,2,1,2,1,1,2,1,2,1,2,3,1,-0.00283826851508453
2,2,2,1,2,2,2,2,2,1,2,1,2,1,1,2,1,2,1,2,2,0,-0.00162601604316109
2,2,2,1,2,2,2,2,2,1,2,1,2,1,1,2,1,2,1,2,2,2,-0.00940020274817658
1,2,2,1,2,2,3,2,2,1,2,1,2,1,1,2,2,2,2,2,2,1,0.00529598302510995
3,2,2,1,2,2,3,2,2,1,2,1,2,1,1,2,2,2,2,2,2,1,0.0061225040289221
2,1,2,1,2,2,3,2,2,1,2,1,2,1,1,2,2,2,2,2,2,1,0.00611785424816413
2,3,2,1,2,2,3,2,2,1,2,1,2,1,1,2,2,2,2,2,2,1,0.00817834680362583
2,2,1,1,2,2,3,2,2,1,2,1,2,1,1,2,2,2,2,2,2,1,0.00196539610795786
2,2,3,1,2,2,3,2,2,1,2,1,2,1,1,2,2,2,2,2,2,1,0.00946273416713955
2,2,2,0,2,2,3,2,2,1,2,1,2,1,1,2,2,2,2,2,2,1,0.00600793836034296
2,2,2,2,2,2,3,2,2,1,2,1,2,1,1,2,2,2,2,2,2,1,0.00255418185689047
2,2,2,1,1,2,3,2,2,1,2,1,2,1,1,2,2,2,2,2,2,1,0.00140165561525679
2,2,2,1,3,2,3,2,2,1,2,1,2,1,1,2,2,2,2,2,2,1,0.00795582563012809
2,2,2,1,2,1,3,2,2,1,2,1,2,1,1,2,2,2,2,2,2,1,0.0046074505910617
2,2,2,1,2,3,3,2,2,1,2,1,2,1,1,2,2,2,2,2,2,1,0.00898170384128556
2,2,2,1,2,2,4,2,2,1,2,1,2,1,1,2,2,2,2,2,2,1,-0.00786104476542283
2,2,2,1,2,2,3,1,2,1,2,1,2,1,1,2,2,2,2,2,2,1,-0.00418004741154534
2,2,2,1,2,2,3,3,2,1,2,1,2,1,1,2,2,2,2,2,2,1,0.00960388177540799
2,2,2,1,2,2,3,2,1,1,2,1,2,1,1,2,2,2,2,2,2,1,-4.73932518651109e-05
2,2,2,1,2,2,3,2,3,1,2,1,2,1,1,2,2,2,2,2,2,1,0.00599152621143791
2,2,2,1,2,2,3,2,2,0,2,1,2,1,1,2,2,2,2,2,2,1,0.00871931567210153
2,2,2,1,2,2,3,2,2,2,2,1,2,1,1,2,2,2,2,2,2,1,0.00645453668002253
2,2,2,1,2,2,3,2,2,1,1,1,2,1,1,2,2,2,2,2,2,1,0.00681690548922441
2,2,2,1,2,2,3,2,2,1,3,1,2,1,1,2,2,2,2,2,2,1,0.00877034176694546
2,2,2,1,2,2,3,2,2,1,2,0,2,1,1,2,2,2,2,2,2,1,0.00916514089522062
2,2,2,1,2,2,3,2,2,1,2,2,2,1,1,2,2,2,2,2,2,1,0.0124137448370797
2,2,2,1,2,2,3,2,2,1,2,1,1,1,1,2,2,2,2,2,2,1,0.00518798850746116
2,2,2,1,2,2,3,2,2,1,2,1,3,1,1,2,2,2,2,2,2,1,0.00761532864629195
2,2,2,1,2,2,3,2,2,1,2,1,2,0,1,2,2,2,2,2,2,1,0.00773180376737874
2,2,2,1,2,2,3,2,2,1,2,1,2,2,1,2,2,2,2,2,2,1,0.00865016578115312
2,2,2,1,2,2,3,2,2,1,2,1,2,1,0,2,2,2,2,2,2,1,0.00837461193763346
2,2,2,1,2,2,3,2,2,1,2,1,2,1,2,2,2,2,2,2,2,1,0.00837461193763348
2,2,2,1,2,2,3,2,2,1,2,1,2,1,1,1,2,2,2,2,2,1,0.00487072509651173
2,2,2,1,2,2,3,2,2,1,2,1,2,1,1,3,2,2,2,2,2,1,0.00786273977865013
2,2,2,1,2,2,3,2,2,1,2,1,2,1,1,2,3,2,2,2,2,1,0.00551434572897184
2,2,2,1,2,2,3,2,2,1,2,1,2,1,1,2,2,1,2,2,2,1,0.00546130106331316
2,2,2,1,2,2,3,2,2,1,2,1,2,1,1,2,2,3,2,2,2,1,0.00809803392477645
2,2,2,1,2,2,3,2,2,1,2,1,2,1,1,2,2,2,3,2,2,1,0.00722940702790698
2,2,2,1,2,2,3,2,2,1,2,1,2,1,1,2,2,2,2,1,2,1,0.00537766325361817
2,2,2,1,2,2,3,2,2,1,2,1,2,1,1,2,2,2,2,3,2,1,0.00886723515941737
2,2,2,1,2,2,3,2,2,1,2,1,2,1,1,2,2,2,2,2,1,1,0.0052185450882083
2,2,2,1,2,2,3,2,2,1,2,1,2,1,1,2,2,2,2,2,3,1,0.00883053921982705
2,2,2,1,2,2,3,2,2,1,2,1,2,1,1,2,2,2,2,2,2,0,0.00952096667715384
2,2,2,1,2,2,3,2,2,1,2,1,2,1,1,2,2,2,2,2,2,2,-0.00156736785034345
1,2,1,1,2,2,3,2,2,1,2,1,2,1,1,2,1,2,2,2,2,1,-0.00711023596679708
3,2,1,1,2,2,3,2,2,1,2,1,2,1,1,2,1,2,2,2,2,1,-0.00537735430015735
2,1,1,1,2,2,3,2,2,1,2,1,2,1,1,2,1,2,2,2,2,1,-0.00564067915262023
2,3,1,1,2,2,3,2,2,1,2,1,2,1,1,2,1,2,2,2,2,1,-0.00348437032761215
2,2,0,1,2,2,3,2,2,1,2,1,2,1,1,2,1,2,2,2,2,1,0.00330183884913855
2,2,1,0,2,2,3,2,2,1,2,1,2,1,1,2,1,2,2,2,2,1,-0.00478748766104348
2,2,1,2,2,2,3,2,2,1,2,1,2,1,1,2,1,2,2,2,2,1,0.00419476874995761
2,2,1,1,1,2,3,2,2,1,2,1,2,1,1,2,1,2,2,2,2,1,0.00796486204850885
2,2,1,1,3,2,3,2,2,1,2,1,2,1,1,2,1,2,2,2,2,1,-0.00221616649452203
2,2,1,1,2,1,3,2,2,1,2,1,2,1,1,2,1,2,2,2,2,1,-0.00713940700101889
2,2,1,1,2,3,3,2,2,1,2,1,2,1,1,2,1,2,2,2,2,1,-0.00269069812331375
2,2,1,1,2,2,4,2,2,1,2,1,2,1,1,2,1,2,2,2,2,1,-0.00340245063797243
2,2,1,1,2,2,3,1,2,1,2,1,2,1,1,2,1,2,2,2,2,1,2.47797050964089e-05
2,2,1,1,2,2,3,3,2,1,2,1,2,1,1,2,1,2,2,2,2,1,-0.00113876112210233
2,2,1,1,2,2,3,2,1,1,2,1,2,1,1,2,1,2,2,2,2,1,0.001956017070495
2,2,1,1,2,2,3,2,3,1,2,1,2,1,1,2,1,2,2,2,2,1,0.00573970434276613
2,2,1,1,2,2,3,2,2,0,2,1,2,1,1,2,1,2,2,2,2,1,-0.0031207741272804
2,2,1,1,2,2,3,2,2,2,2,1,2,1,1,2,1,2,2,2,2,1,-0.00541258263018583
2,2,1,1,2,2,3,2,2,1,1,1,2,1,1,2,1,2,2,2,2,1,-0.00484166926884039
2,2,1,1,2,2,3,2,2,1,3,1,2,1,1,2,1,2,2,2,2,1,-0.00298497095881496
2,2,1,1,2,2,3,2,2,1,2,0,2,1,1,2,1,2,2,2,2,1,-0.00312491754821191
2,2,1,1,2,2,3,2,2,1,2,2,2,1,1,2,1,2,2,2,2,1,-0.00552430037218909
2,2,1,1,2,2,3,2,2,1,2,1,1,1,1,2,1,2,2,2,2,1,0.0140202293850475
2,2,1,1,2,2,3,2,2,1,2,1,3,1,1,2,1,2,2,2,2,1,-0.00228059380362068
2,2,1,1,2,2,3,2,2,1,2,1,2,0,1,2,1,2,2,2,2,1,-0.00411176746534124
2,2,1,1,2,2,3,2,2,1,2,1,2,2,1,2,1,2,2,2,2,1,-0.00318637841655408
2,2,1,1,2,2,3,2,2,1,2,1,2,1,0,2,1,2,2,2,2,1,0.00305681060094029
2,2,1,1,2,2,3,2,2,1,2,1,2,1,2,2,1,2,2,2,2,1,0.00305681060094028
2,2,1,1,2,2,3,2,2,1,2,1,2,1,1,1,1,2,2,2,2,1,-0.00687380320217058
2,2,1,1,2,2,3,2,2,1,2,1,2,1,1,3,1,2,2,2,2,1,-0.00381538839930107
2,2,1,1,2,2,3,2,2,1,2,1,2,1,1,2,0,2,2,2,2,1,-0.00129723671141542
2,2,1,1,2,2,3,2,2,1,2,1,2,1,1,2,1,1,2,2,2,1,-0.00146312489217174
2,2,1,1,2,2,3,2,2,1,2,1,2,1,1,2,1,3,2,2,2,1,-0.00272258769906285
2,2,1,1,2,2,3,2,2,1,2,1,2,1,1,2,1,2,3,2,2,1,-0.0042234717892727
2,2,1,1,2,2,3,2,2,1,2,1,2,1,1,2,1,2,2,1,2,1,-0.00637853831953641
2,2,1,1,2,2,3,2,2,1,2,1,2,1,1,2,1,2,2,3,2,1,-0.00279180226188213
2,2,1,1,2,2,3,2,2,1,2,1,2,1,1,2,1,2,2,2,1,1,-0.00656973781466247
2,2,1,1,2,2,3,2,2,1,2,1,2,1,1,2,1,2,2,2,3,1,-0.00290684537650092
2,2,1,1,2,2,3,2,2,1,2,1,2,1,1,2,1,2,2,2,2,0,-0.000894627842526605
2,2,1,1,2,2,3,2,2,1,2,1,2,1,1,2,1,2,2,2,2,2,-0.00121436559281121
1,2,2,1,2,2,3,2,1,1,2,1,2,1,1,2,1,2,2,2,2,1,-0.00361176074532923
3,2,2,1,2,2,3,2,1,1,2,1,2,1,1,2,1,2,2,2,2,1,-0.00187887907868949
2,1,2,1,2,2,3,2,1,1,2,1,2,1,1,2,1,2,2,2,2,1,-0.00214220393115238
2,3,2,1,2,2,3,2,1,1,2,1,2,1,1,2,1,2,2,2,2,1,1.41048938557194e-05
2,2,3,1,2,2,3,2,1,1,2,1,2,1,1,2,1,2,2,2,2,1,-0.00464388686263391
2,2,2,0,2,2,3,2,1,1,2,1,2,1,1,2,1,2,2,2,2,1,-0.00184285460083022
2,2,2,2,2,2,3,2,1,1,2,1,2,1,1,2,1,2,2,2,2,1,0.00201522643400165
2,2,2,1,1,2,3,2,1,1,2,1,2,1,1,2,1,2,2,2,2,1,0.00537708696226042
2,2,2,1,3,2,3,2,1,1,2,1,2,1,1,2,1,2,2,2,2,1,0.000671428175474275
2,2,2,1,2,1,3,2,1,1,2,1,2,1,1,2,1,2,2,2,2,1,-0.003640931779551
2,2,2,1,2,3,3,2,1,1,2,1,2,1,1,2,1,2,2,2,2,1,0.000807777098154125
2,2,2,1,2,2,4,2,1,1,2,1,2,1,1,2,1,2,2,2,2,1,-0.00097331779585169
2,2,2,1,2,2,3,1,1,1,2,1,2,1,1,2,1,2,2,2,2,1,-0.00244130468155826
2,2,2,1,2,2,3,3,1,1,2,1,2,1,1,2,1,2,2,2,2,1,0.00187567459641738
2,2,2,1,2,2,3,2,0,1,2,1,2,1,1,2,1,2,2,2,2,1,0.0154713232440691
2,2,2,1,2,2,3,2,1,0,2,1,2,1,1,2,1,2,2,2,2,1,0.00040287305444453
2,2,2,1,2,2,3,2,1,2,2,1,2,1,1,2,1,2,2,2,2,1,-0.00188893544846087
2,2,2,1,2,2,3,2,1,1,1,1,2,1,1,2,1,2,2,2,2,1,-0.00134319404737244
2,2,2,1,2,2,3,2,1,1,3,1,2,1,1,2,1,2,2,2,2,1,0.000513504262652919
2,2,2,1,2,2,3,2,1,1,2,0,2,1,1,2,1,2,2,2,2,1,0.00039872963351299
2,2,2,1,2,2,3,2,1,1,2,2,2,1,1,2,1,2,2,2,2,1,-0.00200065319046414
2,2,2,1,2,2,3,2,1,1,2,1,1,1,1,2,1,2,2,2,2,1,-0.00192404233199334
2,2,2,1,2,2,3,2,1,1,2,1,3,1,1,2,1,2,2,2,2,1,0.0136449862140669
2,2,2,1,2,2,3,2,1,1,2,1,2,0,1,2,1,2,2,2,2,1,-0.000588120283616388
2,2,2,1,2,2,3,2,1,1,2,1,2,2,1,2,1,2,2,2,2,1,0.000337268765170781
2,2,2,1,2,2,3,2,1,1,2,1,2,1,0,2,1,2,2,2,2,1,5.36978125329386e-05
2,2,2,1,2,2,3,2,1,1,2,1,2,1,2,2,1,2,2,2,2,1,5.36978125329488e-05
2,2,2,1,2,2,3,2,1,1,2,1,2,1,1,1,1,2,2,2,2,1,-0.0033753279807027
2,2,2,1,2,2,3,2,1,1,2,1,2,1,1,3,1,2,2,2,2,1,-0.000316913177833183
2,2,2,1,2,2,3,2,1,1,2,1,2,1,1,2,0,2,2,2,2,1,0.00164963231714148
2,2,2,1,2,2,3,2,1,1,2,1,2,1,1,2,1,1,2,2,2,1,-0.00392147850059267
2,2,2,1,2,2,3,2,1,1,2,1,2,1,1,2,1,3,2,2,2,1,0.000263877607927069
2,2,2,1,2,2,3,2,1,1,2,1,2,1,1,2,1,2,3,2,2,1,-0.00182520225259238
2,2,2,1,2,2,3,2,1,1,2,1,2,1,1,2,1,2,2,1,2,1,-0.00288006309806857
2,2,2,1,2,2,3,2,1,1,2,1,2,1,1,2,1,2,2,3,2,1,0.000706672959585696
2,2,2,1,2,2,3,2,1,1,2,1,2,1,1,2,1,2,2,2,1,1,-0.0030712625931946
2,2,2,1,2,2,3,2,1,1,2,1,2,1,1,2,1,2,2,2,3,1,0.00059162984496695
2,2,2,1,2,2,3,2,1,1,2,1,2,1,1,2,1,2,2,2,2,0,0.00205037786241175
2,2,2,1,2,2,3,2,1,1,2,1,2,1,1,2,1,2,2,2,2,2,-0.00338943450477443
1,2,2,1,2,2,3,2,2,1,2,1,2,1,1,2,1,2,2,2,2,2,-0.000708042903197658
3,2,2,1,2,2,3,2,2,1,2,1,2,1,1,2,1,2,2,2,2,2,0.00102483876344212
2,1,2,1,2,2,3,2,2,1,2,1,2,1,1,2,1,2,2,2,2,2,0.000761513910979193
2,3,2,1,2,2,3,2,2,1,2,1,2,1,1,2,1,2,2,2,2,2,0.00291782273598729
2,2,3,1,2,2,3,2,2,1,2,1,2,1,1,2,1,2,2,2,2,2,-0.00205111575068336
2,2,2,0,2,2,3,2,2,1,2,1,2,1,1,2,1,2,2,2,2,2,0.000484845555670943
2,2,2,2,2,2,3,2,2,1,2,1,2,1,1,2,1,2,2,2,2,2,-0.000301772945298491
2,2,2,1,1,2,3,2,2,1,2,1,2,1,1,2,1,2,2,2,2,2,-0.00250121789480016
2,2,2,1,3,2,3,2,2,1,2,1,2,1,1,2,1,2,2,2,2,2,0.00254835988578147
2,2,2,1,2,1,3,2,2,1,2,1,2,1,1,2,1,2,2,2,2,2,0.0149355241835071
2,2,2,1,2,3,3,2,2,1,2,1,2,1,1,2,1,2,2,2,2,2,0.00505862065668487
2,2,2,1,2,2,4,2,2,1,2,1,2,1,1,2,1,2,2,2,2,2,0.00121978853107538
2,2,2,1,2,2,3,1,2,1,2,1,2,1,1,2,1,2,2,2,2,2,-0.00474153310098102
2,2,2,1,2,2,3,3,2,1,2,1,2,1,1,2,1,2,2,2,2,2,0.0042153416470609
2,2,2,1,2,2,3,2,3,1,2,1,2,1,1,2,1,2,2,2,2,2,0.000739612919191542
2,2,2,1,2,2,3,2,2,0,2,1,2,1,1,2,1,2,2,2,2,2,0.00329100141247406
2,2,2,1,2,2,3,2,2,2,2,1,2,1,1,2,1,2,2,2,2,2,0.000999192909568682
2,2,2,1,2,2,3,2,2,1,1,1,2,1,1,2,1,2,2,2,2,2,0.00156052379475908
2,2,2,1,2,2,3,2,2,1,3,1,2,1,1,2,1,2,2,2,2,2,0.00341722210478445
2,2,2,1,2,2,3,2,2,1,2,0,2,1,1,2,1,2,2,2,2,2,0.00328685799154252
2,2,2,1,2,2,3,2,2,1,2,2,2,1,1,2,1,2,2,2,2,2,0.000887475167565399
2,2,2,1,2,2,3,2,2,1,2,1,1,1,1,2,1,2,2,2,2,2,-0.000241139122013101
2,2,2,1,2,2,3,2,2,1,2,1,3,1,1,2,1,2,2,2,2,2,0.00234549511216134
2,2,2,1,2,2,3,2,2,1,2,1,2,0,1,2,1,2,2,2,2,2,0.00230000807441315
2,2,2,1,2,2,3,2,2,1,2,1,2,2,1,2,1,2,2,2,2,2,0.00322539712320033
2,2,2,1,2,2,3,2,2,1,2,1,2,1,0,2,1,2,2,2,2,2,0.00294182617056247
2,2,2,1,2,2,3,2,2,1,2,1,2,1,2,2,1,2,2,2,2,2,0.00294182617056249
2,2,2,1,2,2,3,2,2,1,2,1,2,1,1,1,1,2,2,2,2,2,0.0152011279823555
2,2,2,1,2,2,3,2,2,1,2,1,2,1,1,3,1,2,2,2,2,2,0.00393393038069754
2,2,2,1,2,2,3,2,2,1,2,1,2,1,1,2,0,2,2,2,2,2,0.00383294662307373
2,2,2,1,2,2,3,2,2,1,2,1,2,1,1,2,1,1,2,2,2,2,-0.00101776065846108
2,2,2,1,2,2,3,2,2,1,2,1,2,1,1,2,1,3,2,2,2,2,0.0031675954500586
2,2,2,1,2,2,3,2,2,1,2,1,2,1,1,2,1,2,3,2,2,2,0.00089937523337689
2,2,2,1,2,2,3,2,2,1,2,1,2,1,1,2,1,2,2,1,2,2,2.36547440629804e-05
2,2,2,1,2,2,3,2,2,1,2,1,2,1,1,2,1,2,2,3,2,2,0.0036103908017172
2,2,2,1,2,2,3,2,2,1,2,1,2,1,1,2,1,2,2,2,1,2,-0.000167544751063082
2,2,2,1,2,2,3,2,2,1,2,1,2,1,1,2,1,2,2,2,3,2,0.00349534768709846
2,2,2,1,2,2,3,2,2,1,2,1,2,1,1,2,1,2,2,2,2,3,0.00104697327601033
1,2,2,1,2,2,3,1,2,1,2,1,2,1,1,2,1,2,2,2,2,1,-0.00176915456628164
3,2,2,1,2,2,3,1,2,1,2,1,2,1,1,2,1,2,2,2,2,1,-3.62728996419204e-05
2,1,2,1,2,2,3,1,2,1,2,1,2,1,1,2,1,2,2,2,2,1,0.00339091077609422
2,3,2,1,2,2,3,1,2,1,2,1,2,1,1,2,1,2,2,2,2,1,0.00217392296699403
2,2,3,1,2,2,3,1,2,1,2,1,2,1,1,2,1,2,2,2,2,1,0.000756500397400462
2,2,2,0,2,2,3,1,2,1,2,1,2,1,1,2,1,2,2,2,2,1,-0.000141947045362413
2,2,2,2,2,2,3,1,2,1,2,1,2,1,1,2,1,2,2,2,2,1,0.00337615456212008
2,2,2,1,1,2,3,1,2,1,2,1,2,1,1,2,1,2,2,2,2,1,-0.00153905532255099
2,2,2,1,3,2,3,1,2,1,2,1,2,1,1,2,1,2,2,2,2,1,0.00166530531752861
2,2,2,1,2,1,3,1,2,1,2,1,2,1,1,2,1,2,2,2,2,1,-0.00179832560050345
2,2,2,1,2,3,3,1,2,1,2,1,2,1,1,2,1,2,2,2,2,1,0.00265038327720167
2,2,2,1,2,2,4,1,2,1,2,1,2,1,1,2,1,2,2,2,2,1,0.00170079931062872
2,2,2,1,2,2,3,0,2,1,2,1,2,1,1,2,1,2,2,2,2,1,0.00179659342762548
2,2,2,1,2,2,3,1,3,1,2,1,2,1,1,2,1,2,2,2,2,1,-0.000143237456013123
2,2,2,1,2,2,3,1,2,0,2,1,2,1,1,2,1,2,2,2,2,1,0.00258300953560011
2,2,2,1,2,2,3,1,2,2,2,1,2,1,1,2,1,2,2,2,2,1,0.00367680784848822
2,2,2,1,2,2,3,1,2,1,1,1,2,1,1,2,1,2,2,2,2,1,0.00049941213167511
2,2,2,1,2,2,3,1,2,1,3,1,2,1,1,2,1,2,2,2,2,1,0.00235611044170047
2,2,2,1,2,2,3,1,2,1,2,0,2,1,1,2,1,2,2,2,2,1,0.00226049661824614
2,2,2,1,2,2,3,1,2,1,2,2,2,1,1,2,1,2,2,2,2,1,-0.000138886205731018
2,2,2,1,2,2,3,1,2,1,2,1,1,1,1,2,1,2,2,2,2,1,-0.00130225078509707
2,2,2,1,2,2,3,1,2,1,2,1,3,1,1,2,1,2,2,2,2,1,0.00128438344907735
2,2,2,1,2,2,3,1,2,1,2,1,2,0,1,2,1,2,2,2,2,1,0.00127364670111674
2,2,2,1,2,2,3,1,2,1,2,1,2,2,1,2,1,2,2,2,2,1,0.00219903574990393
2,2,2,1,2,2,3,1,2,1,2,1,2,1,0,2,1,2,2,2,2,1,0.00191546479726609
2,2,2,1,2,2,3,1,2,1,2,1,2,1,2,2,1,2,2,2,2,1,0.00191546479726605
2,2,2,1,2,2,3,1,2,1,2,1,2,1,1,1,1,2,2,2,2,1,-0.00153272180165512
2,2,2,1,2,2,3,1,2,1,2,1,2,1,1,3,1,2,2,2,2,1,0.00152569300121438
2,2,2,1,2,2,3,1,2,1,2,1,2,1,1,2,0,2,2,2,2,1,0.00366531502250453
2,2,2,1,2,2,3,1,2,1,2,1,2,1,1,2,1,1,2,2,2,1,-0.00207887232154509
2,2,2,1,2,2,3,1,2,1,2,1,2,1,1,2,1,3,2,2,2,1,0.00210648378697461
2,2,2,1,2,2,3,1,2,1,2,1,2,1,1,2,1,2,3,2,2,1,3.59735818892182e-05
2,2,2,1,2,2,3,1,2,1,2,1,2,1,1,2,1,2,2,1,2,1,-0.00103745691902098
2,2,2,1,2,2,3,1,2,1,2,1,2,1,1,2,1,2,2,3,2,1,0.00254927913863324
2,2,2,1,2,2,3,1,2,1,2,1,2,1,1,2,1,2,2,2,1,1,-0.00122865641414705
2,2,2,1,2,2,3,1,2,1,2,1,2,1,1,2,1,2,2,2,3,1,0.00243423602401447
2,2,2,1,2,2,3,1,2,1,2,1,2,1,1,2,1,2,2,2,2,0,0.00352528412235348
1,2,2,1,2,2,2,2,2,1,2,1,2,1,1,2,2,2,2,2,2,1,-0.012708814703424
3,2,2,1,2,2,2,2,2,1,2,1,2,1,1,2,2,2,2,2,2,1,-0.00836686936509472
2,1,2,1,2,2,2,2,2,1,2,1,2,1,1,2,2,2,2,2,2,1,-0.00902147789467866
2,3,2,1,2,2,2,2,2,1,2,1,2,1,1,2,2,2,2,2,2,1,-0.0085624674566095
2,2,1,1,2,2,2,2,2,1,2,1,2,1,1,2,2,2,2,2,2,1,-0.00413551140352372
2,2,3,1,2,2,2,2,2,1,2,1,2,1,1,2,2,2,2,2,2,1,-0.0107779872764004
2,2,2,0,2,2,2,2,2,1,2,1,2,1,1,2,2,2,2,2,2,1,-0.00910056904064119
2,2,2,2,2,2,2,2,2,1,2,1,2,1,1,2,2,2,2,2,2,1,-0.0041958379504532
2,2,2,1,1,2,2,2,2,1,2,1,2,1,1,2,2,2,2,2,2,1,-0.00312321857265123
2,2,2,1,3,2,2,2,2,1,2,1,2,1,1,2,2,2,2,2,2,1,-0.00840952674678591
2,2,2,1,2,1,2,2,2,1,2,1,2,1,1,2,2,2,2,2,2,1,-0.00896314399165483
2,2,2,1,2,3,2,2,2,1,2,1,2,1,1,2,2,2,2,2,2,1,-0.00860646228875943
2,2,2,1,2,2,1,2,2,1,2,1,2,1,1,2,2,2,2,2,2,1,0.00761768072846946
2,2,2,1,2,2,2,1,2,1,2,1,2,1,1,2,2,2,2,2,2,1,0.00919520382680585
2,2,2,1,2,2,2,3,2,1,2,1,2,1,1,2,2,2,2,2,2,1,-0.00650277769369219
2,2,2,1,2,2,2,2,1,1,2,1,2,1,1,2,2,2,2,2,2,1,-0.00761366580654578
2,2,2,1,2,2,2,2,3,1,2,1,2,1,1,2,2,2,2,2,2,1,-0.00902366614541667
2,2,2,1,2,2,2,2,2,0,2,1,2,1,1,2,2,2,2,2,2,1,-0.00864209479574778
2,2,2,1,2,2,2,2,2,2,2,1,2,1,1,2,2,2,2,2,2,1,-0.00877158040047859
2,2,2,1,2,2,2,2,2,1,1,1,2,1,1,2,2,2,2,2,2,1,-0.00853374528717356
2,2,2,1,2,2,2,2,2,1,3,1,2,1,1,2,2,2,2,2,2,1,-0.00899717114522612
2,2,2,1,2,2,2,2,2,1,2,0,2,1,1,2,2,2,2,2,2,1,-0.0085203555183725
2,2,2,1,2,2,2,2,2,1,2,2,2,1,1,2,2,2,2,2,2,1,-0.00978036705164373
2,2,2,1,2,2,2,2,2,1,2,1,1,1,1,2,2,2,2,2,2,1,-0.00946915581630022
2,2,2,1,2,2,2,2,2,1,2,1,3,1,1,2,2,2,2,2,2,1,-0.0087060531320521
2,2,2,1,2,2,2,2,2,1,2,1,2,0,1,2,2,2,2,2,2,1,-0.00862610440817633
2,2,2,1,2,2,2,2,2,1,2,1,2,2,1,2,2,2,2,2,2,1,-0.00859244120635475
2,2,2,1,2,2,2,2,2,1,2,1,2,1,0,2,2,2,2,2,2,1,-0.00864170782437998
2,2,2,1,2,2,2,2,2,1,2,1,2,1,2,2,2,2,2,2,2,1,-0.00864170782437996
2,2,2,1,2,2,2,2,2,1,2,1,2,1,1,1,2,2,2,2,2,1,-0.008956081295314
2,2,2,1,2,2,2,2,2,1,2,1,2,1,1,3,2,2,2,2,2,1,-0.00863798971599347
2,2,2,1,2,2,2,2,2,1,2,1,2,1,1,2,3,2,2,2,2,1,0.00479570103869711
2,2,2,1,2,2,2,2,2,1,2,1,2,1,1,2,2,1,2,2,2,1,-0.0153556282242247
2,2,2,1,2,2,2,2,2,1,2,1,2,1,1,2,2,3,2,2,2,1,-0.00793690655617739
2,2,2,1,2,2,2,2,2,1,2,1,2,1,1,2,2,2,3,2,2,1,-0.00916368175133643
2,2,2,1,2,2,2,2,2,1,2,1,2,1,1,2,2,2,2,1,2,1,-0.00900305878094469
2,2,2,1,2,2,2,2,2,1,2,1,2,1,1,2,2,2,2,3,2,1,-0.00853759127611759
2,2,2,1,2,2,2,2,2,1,2,1,2,1,1,2,2,2,2,2,1,1,-0.00928989477612119
2,2,2,1,2,2,2,2,2,1,2,1,2,1,1,2,2,2,2,2,3,1,-0.0090460650581226
2,2,2,1,2,2,2,2,2,1,2,1,2,1,1,2,2,2,2,2,2,0,-0.00838907468175728
2,2,2,1,2,2,2,2,2,1,2,1,2,1,1,2,2,2,2,2,2,2,-0.0116207471099687
1,2,2,2,2,2,3,2,2,1,2,1,2,1,1,2,1,2,2,2,2,1,-0.00535674220690943
3,2,2,2,2,2,3,2,2,1,2,1,2,1,1,2,1,2,2,2,2,1,-0.0036238605402697
2,1,2,2,2,2,3,2,2,1,2,1,2,1,1,2,1,2,2,2,2,1,-0.00388718539273257
2,3,2,2,2,2,3,2,2,1,2,1,2,1,1,2,1,2,2,2,2,1,-0.00173087656772447
2,2,3,2,2,2,3,2,2,1,2,1,2,1,1,2,1,2,2,2,2,1,-0.00571141620764689
2,2,2,3,2,2,3,2,2,1,2,1,2,1,1,2,1,2,2,2,2,1,0.00509957003196902
2,2,2,2,1,2,3,2,2,1,2,1,2,1,1,2,1,2,2,2,2,1,0.00291679050903046
2,2,2,2,3,2,3,2,2,1,2,1,2,1,1,2,1,2,2,2,2,1,-0.00111120134171615
2,2,2,2,2,1,3,2,2,1,2,1,2,1,1,2,1,2,2,2,2,1,-0.00538591324113122
2,2,2,2,2,3,3,2,2,1,2,1,2,1,1,2,1,2,2,2,2,1,-0.000937204363426103
2,2,2,2,2,2,4,2,2,1,2,1,2,1,1,2,1,2,2,2,2,1,-0.00182631222686672
2,2,2,2,2,2,3,3,2,1,2,1,2,1,1,2,1,2,2,2,2,1,0.000780669840898298
2,2,2,2,2,2,3,2,3,1,2,1,2,1,1,2,1,2,2,2,2,1,-0.0029210601824971
2,2,2,2,2,2,3,2,2,0,2,1,2,1,1,2,1,2,2,2,2,1,-0.00144980731837728
2,2,2,2,2,2,3,2,2,2,2,1,2,1,1,2,1,2,2,2,2,1,-0.0037416158212827
2,2,2,2,2,2,3,2,2,1,1,1,2,1,1,2,1,2,2,2,2,1,-0.00308817550895267
2,2,2,2,2,2,3,2,2,1,3,1,2,1,1,2,1,2,2,2,2,1,-0.00123147719892732
2,2,2,2,2,2,3,2,2,1,2,0,2,1,1,2,1,2,2,2,2,1,-0.00145395073930882
2,2,2,2,2,2,3,2,2,1,2,2,2,1,1,2,1,2,2,2,2,1,-0.00385333356328595
2,2,2,2,2,2,3,2,2,1,2,1,1,1,1,2,1,2,2,2,2,1,-0.00488983842572486
2,2,2,2,2,2,3,2,2,1,2,1,3,1,1,2,1,2,2,2,2,1,-0.00230320419155046
2,2,2,2,2,2,3,2,2,1,2,1,2,0,1,2,1,2,2,2,2,1,-0.00244080065643814
2,2,2,2,2,2,3,2,2,1,2,1,2,2,1,2,1,2,2,2,2,1,-0.00151541160765098
2,2,2,2,2,2,3,2,2,1,2,1,2,1,0,2,1,2,2,2,2,1,-0.00179898256028884
2,2,2,2,2,2,3,2,2,1,2,1,2,1,2,2,1,2,2,2,2,1,-0.00179898256028885
2,2,2,2,2,2,3,2,2,1,2,1,2,1,1,1,1,2,2,2,2,1,-0.00512030944228292
2,2,2,2,2,2,3,2,2,1,2,1,2,1,1,3,1,2,2,2,2,1,-0.00206189463941343
2,2,2,2,2,2,3,2,2,1,2,1,2,1,1,2,0,2,2,2,2,1,0.000351450799183638
2,2,2,2,2,2,3,2,2,1,2,1,2,1,1,2,1,1,2,2,2,1,-0.00566645996217289
2,2,2,2,2,2,3,2,2,1,2,1,2,1,1,2,1,3,2,2,2,1,-0.00148110385365317
2,2,2,2,2,2,3,2,2,1,2,1,2,1,1,2,1,2,3,2,2,1,-0.00352958027685308
2,2,2,2,2,2,3,2,2,1,2,1,2,1,1,2,1,2,2,1,2,1,-0.00462504455964882
2,2,2,2,2,2,3,2,2,1,2,1,2,1,1,2,1,2,2,3,2,1,-0.00103830850199455
2,2,2,2,2,2,3,2,2,1,2,1,2,1,1,2,1,2,2,2,1,1,-0.00481624405477485
2,2,2,2,2,2,3,2,2,1,2,1,2,1,1,2,1,2,2,2,3,1,-0.00115335161661331
2,2,2,2,2,2,3,2,2,1,2,1,2,1,1,2,1,2,2,2,2,0,0.000630445042305754
1,2,2,1,1,2,3,2,2,1,2,1,2,1,1,2,1,2,2,2,2,1,0.000430463431320564
3,2,2,1,1,2,3,2,2,1,2,1,2,1,1,2,1,2,2,2,2,1,-0.00308882250509658
2,1,2,1,1,2,3,2,2,1,2,1,2,1,1,2,1,2,2,2,2,1,-0.00384604108057275
2,3,2,1,1,2,3,2,2,1,2,1,2,1,1,2,1,2,2,2,2,1,-0.00168973225556463
2,2,3,1,1,2,3,2,2,1,2,1,2,1,1,2,1,2,2,2,2,1,-0.00543159032655369
2,2,2,0,1,2,3,2,2,1,2,1,2,1,1,2,1,2,2,2,2,1,-0.003423450978899
2,2,2,1,0,2,3,2,2,1,2,1,2,1,1,2,1,2,2,2,2,1,0.00305408796117322
2,2,2,1,1,1,3,2,2,1,2,1,2,1,1,2,1,2,2,2,2,1,-0.00534476892897136
2,2,2,1,1,3,3,2,2,1,2,1,2,1,1,2,1,2,2,2,2,1,-0.000896060051266264
2,2,2,1,1,2,4,2,2,1,2,1,2,1,1,2,1,2,2,2,2,1,-0.00216551031562229
2,2,2,1,1,2,3,3,2,1,2,1,2,1,1,2,1,2,2,2,2,1,0.000338281176941083
2,2,2,1,1,2,3,2,3,1,2,1,2,1,1,2,1,2,2,2,2,1,-0.00267450801754372
2,2,2,1,1,2,3,2,2,0,2,1,2,1,1,2,1,2,2,2,2,1,-0.00134811942920351
2,2,2,1,1,2,3,2,2,2,2,1,2,1,1,2,1,2,2,2,2,1,-0.00363992793210886
2,2,2,1,1,2,3,2,2,1,1,1,2,1,1,2,1,2,2,2,2,1,-0.00304703119679284
2,2,2,1,1,2,3,2,2,1,3,1,2,1,1,2,1,2,2,2,2,1,-0.0011903328867675
2,2,2,1,1,2,3,2,2,1,2,0,2,1,1,2,1,2,2,2,2,1,-0.00135226285013501
2,2,2,1,1,2,3,2,2,1,2,2,2,1,1,2,1,2,2,2,2,1,-0.00375164567411216
2,2,2,1,1,2,3,2,2,1,2,1,1,1,1,2,1,2,2,2,2,1,0.0137590515052513
2,2,2,1,1,2,3,2,2,1,2,1,3,1,1,2,1,2,2,2,2,1,-0.000662660179484262
2,2,2,1,1,2,3,2,2,1,2,1,2,0,1,2,1,2,2,2,2,1,-0.00233911276726436
2,2,2,1,1,2,3,2,2,1,2,1,2,2,1,2,1,2,2,2,2,1,-0.00141372371847723
2,2,2,1,1,2,3,2,2,1,2,1,2,1,0,2,1,2,2,2,2,1,-0.00169729467111506
2,2,2,1,1,2,3,2,2,1,2,1,2,1,2,2,1,2,2,2,2,1,-0.0016972946711151
2,2,2,1,1,2,3,2,2,1,2,1,2,1,1,1,1,2,2,2,2,1,-0.00507916513012314
2,2,2,1,1,2,3,2,2,1,2,1,2,1,1,3,1,2,2,2,2,1,-0.00202075032725356
2,2,2,1,1,2,3,2,2,1,2,1,2,1,1,2,0,2,2,2,2,1,0.000321935533625449
2,2,2,1,1,2,3,2,2,1,2,1,2,1,1,2,1,1,2,2,2,1,-0.00562531565001308
2,2,2,1,1,2,3,2,2,1,2,1,2,1,1,2,1,3,2,2,2,1,-0.00143995954149333
2,2,2,1,1,2,3,2,2,1,2,1,2,1,1,2,1,2,3,2,2,1,-0.00318726853026145
2,2,2,1,1,2,3,2,2,1,2,1,2,1,1,2,1,2,2,1,2,1,-0.00458390024748895
2,2,2,1,1,2,3,2,2,1,2,1,2,1,1,2,1,2,2,3,2,1,-0.000997164189834699
2,2,2,1,1,2,3,2,2,1,2,1,2,1,1,2,1,2,2,2,1,1,0.00989642378686273
2,2,2,1,1,2,3,2,2,1,2,1,2,1,1,2,1,2,2,2,3,1,0.00585247003896566
2,2,2,1,1,2,3,2,2,1,2,1,2,1,1,2,1,2,2,2,2,0,0.000468669610151883
0.492291639724909,0.492291639724909,0.492291639724909,0.492291639724909,0.492291639724909,0.492291639724909,0.492291639724909,0.492291639724909,0.492291639724909,0.492291639724909,0.492291639724909,0.492291639724909,0.492291639724909,0.492291639724909,0.492291639724909,0.492291639724909,0.492291639724909,0.492291639724909,0.492291639724909,0.492291639724909,0.492291639724909,0.492291639724909,0.492291639724909
