102509
105045
107661
110344
113126
115863
118715
121731
124812
127925
131104
134405
137795
141339
144927
148577
152370
156201
160114
164230
168612
172860
177221
181760
186291
190952
195931
200924
206041
211235
216488
221948
227540
233297
239350
245339
251704
258193
264875
271606
278547
285778
293215
300692
308314
316255
324249
332554
341069
349943
358915
368093
377555
387115
397088
407413
417679
428460
439534
450808
462508
474539
486775
499324
512102
525161
538649
552688
567017
581550
596652
611952
627862
644224
660857
677851
695377
713197
731461
750477
770010
789908
810399
831535
852982
875027
897657
920908
944761
969198
994600
1020570
1046956
1074104
1101971
1130722
1160291
1190407
1221234
1252951
1285746
1319432
1353779
1389290
1425806
1463481
1501727
1540885
1581199
1622706
1665010
1708270
1752946
1799081
1846266
1894710
1944414
1995115
2047776
21119
21695
22290
22932
23528
24121
24728
25358
25998
26644
27384
28075
28807
29569
30345
31173
31986
32865
33809
34721
35702
36633
37572
38545
39546
40595
41689
42709
43825
45020
46220
47441
48668
49990
51336
52706
54092
55503
57006
58466
60010
61565
63167
64839
66578
68334
70301
72117
74013
76021
78011
80011
82177
84411
86677
89013
91367
93756
96250
98875
101578
104363
107123
109967
112808
115809
118901
122095
125328
128722
132027
135515
139178
142934
146686
150688
154751
158803
163028
167435
171849
176513
181263
186114
191250
196413
201774
207193
212877
218527
224336
230455
236649
242888
249440
256132
263120
270283
277710
285221
293021
301115
309311
317701
326432
335481
344587
353994
363610
373376
383855
394221
404700
415629
427040
438637
450468
462842
475231
488232
501624
515210
529334
543642
558508
573600
589157
605077
621669
638583
656022
673662
691927
710819
730195
750536
771157
792098
813902
836171
858985
882596
906780
931464
956732
982847
1009896
1037969
1066566
1095811
1125667
1156613
1188169
1220595
1254255
1288541
1324212
1360974
1398273
1437121
1477094
1517998
1559491
1602592
1646955
1692919
1739599
1787639
1836792
1887489
1939268
1992425
2047657
20768
21346
21919
22509
23161
23819
24488
25143
25892
26627
27381
28117
28892
29685
30485
31326
32186
33095
34004
34922
35874
36838
37917
38907
39973
41099
42178
43319
44564
45830
47138
48460
49840
51222
52706
54144
55635
57216
58805
60414
62100
63833
65697
67536
69433
71354
73336
75347
77414
79577
81805
84038
86382
88862
91347
94027
96551
99293
102092
104995
107920
110971
114024
117205
120384
123830
127205
130780
134525
138288
142127
146026
150252
154472
158772
163284
167852
172662
177516
182497
187580
192888
198309
203927
209664
215562
221669
227967
234278
240780
247616
254548
261604
269033
276793
284761
292904
301127
309662
318457
327381
336685
346092
356008
366157
376659
387258
398347
409459
421015
432929
445111
457731
470705
484056
497765
511845
526255
541133
556454
572213
588558
605272
622578
640200
658287
677011
696338
716069
736582
757605
778944
801235
824223
847683
871730
896337
921704
947807
975134
1002966
1031369
1060615
1090766
1121627
1153612
1186593
1220446
1255151
1291137
1327922
1365821
1404886
1444926
1486248
1528438
1571789
1616368
1662303
1709905
1758871
1808831
1860475
1913728
1968253
2024453
20755
21347
21982
22575
23180
23819
24458
25110
25835
26562
27326
28144
28937
29757
30610
31524
32379
33335
34275
35263
36274
37368
38447
39501
40632
41790
42996
44194
45477
46779
48164
49602
51043
52446
53992
55581
57241
58885
60584
62238
64034
65849
67747
69721
71753
73799
75972
78170
80517
82821
85213
87655
90181
92681
95288
98043
100945
103804
106798
109908
112981
116124
119490
122924
126437
130035
133791
137718
141729
145856
150239
154593
159013
163573
168319
173277
178158
183325
188723
194219
199854
205632
211557
217758
224076
230660
237266
244262
251284
258500
265909
273604
281346
289536
297860
306588
315637
324696
334088
343898
353853
364040
374600
385340
396456
408020
419714
431986
444620
457268
470481
484124
498298
513029
527789
543227
558923
575151
591711
608827
626754
645042
663937
683267
703216
723750
745027
766848
789026
812010
835509
859989
885329
911171
937754
965312
993475
1022380
1052469
1083085
1114569
1147311
1180585
1215288
1250597
1287277
1324973
1363837
1403966
1444962
1487262
1530956
1575605
1621677
1669305
1718315
1768692
1820602
1873931
1929066
1985826
2043638
21199
21781
22432
23058
23718
24437
25157
25865
26602
27317
28080
28909
29751
30626
31552
32543
33541
34526
35546
36565
37627
38699
39833
40994
42152
43405
44680
45984
47343
48754
50224
51699
53222
54847
56439
58077
59757
61566
63405
65324
67286
69303
71319
73426
75615
77826
80191
82522
84962
87496
90019
92593
95408
98301
101222
104190
107221
110539
113836
117171
120643
124227
127918
131719
135588
139569
143695
148088
152498
157075
161696
166419
171378
176402
181727
187193
192629
198320
204248
210278
216523
222944
229567
236357
243331
250658
257931
265709
273776
281869
290171
298844
307628
316838
326215
335793
345978
356098
366738
377764
389034
400423
412260
424615
437271
450209
463722
477684
492082
507079
522442
538239
554201
570575
587514
604970
622990
641382
660346
680118
700210
721039
742442
764646
787533
810747
834887
859777
885427
911694
939024
967008
995628
1025303
1056022
1087481
1119960
1153261
1187812
1223415
1259845
1297683
1336390
1376903
1417950
1460510
1504142
1549338
1596098
1643933
1693041
1743773
1796234
1849974
1905139
1962335
2020951
20833
21482
22151
22815
23471
24214
24912
25711
26525
27305
28160
28952
29835
30740
31649
32586
33494
34504
35539
36622
37654
38828
39997
41161
42421
43669
45037
46400
47856
49353
50850
52436
53940
55558
57251
58957
60706
62582
64465
66425
68459
70505
72575
74831
77213
79467
81895
84379
86988
89547
92328
95155
98026
100966
104029
107311
110510
113840
117327
120857
124579
128326
132166
136242
140438
144697
149095
153643
158204
163086
168082
173198
178571
183966
189489
195498
201468
207643
214065
220600
227247
234266
241320
248802
256434
264150
272118
280379
288967
297704
306815
316191
325678
335679
345822
356238
367127
378353
389846
401828
414096
426892
440050
453487
467431
481817
496571
511643
527208
543280
559854
577011
594873
613023
631487
650637
670418
690864
711928
733704
756065
779024
803038
827411
852752
878628
905544
933187
961952
991440
1021481
1052899
1085001
1118135
1152198
1187325
1223977
1261519
1299946
1339922
1381141
1423420
1466872
1511848
1558232
1605966
1654852
1705891
1758145
1812229
1868166
1925540
1984420
2045674
20889
21564
22220
22932
23648
24363
25135
25909
26666
27510
28367
29271
30165
31142
32127
33079
34040
35064
36155
37252
38400
39590
40737
41984
43237
44538
45943
47313
48752
50330
51902
53483
55088
56790
58514
60327
62262
64212
66308
68365
70447
72615
74894
77182
79537
82021
84576
87278
89938
92638
95419
98308
101229
104404
107564
110923
114377
117913
121671
125429
129253
133220
137297
141661
146034
150614
155238
160042
165039
170118
175316
180851
186478
192316
198259
204304
210755
217358
224156
231024
238238
245625
253342
261002
269069
277335
285890
294711
304097
313504
323314
333184
343629
354294
365372
376619
388235
400255
412916
425735
439089
452770
466990
481446
496392
511892
527657
544015
560831
578325
596313
614842
633937
653551
673831
694645
716251
738539
761492
785219
809754
835172
861325
887995
915749
944238
973789
1003914
1034863
1067263
1100815
1135190
1170768
1207037
1244637
1283496
1323621
1365248
1407692
1451307
1497043
1543839
1591965
1641554
1692709
1745806
1800040
1856424
1914092
1974266
2036154
20766
21445
22132
22821
23560
24313
25063
25832
26665
27496
28369
29277
30187
31138
32099
33155
34230
35348
36472
37573
38750
39936
41153
42379
43675
45082
46534
47978
49446
51025
52627
54314
56060
57826
59726
61533
63459
65455
67518
69692
71833
74042
76412
78840
81306
83833
86535
89186
92003
94830
97755
100903
104068
107331
110731
114287
117899
121613
125361
129253
133342
137656
141971
146397
151108
155858
160811
165906
171081
176579
182189
187933
193818
200078
206487
213055
219822
226764
233907
241318
249154
257084
265093
273554
281965
291059
300289
309748
319594
329593
340028
350740
361773
373078
384780
396892
409601
422767
435904
449862
464183
478697
494055
509608
525892
542447
559523
577298
595689
614641
634142
654255
674860
696051
718061
740695
764040
788367
813182
839026
865496
892898
921457
950272
980325
1011375
1043342
1076434
1110456
1145880
1182137
1219761
1258838
1299154
1340527
1383011
1426733
1472214
1518610
1566554
1616545
1667757
1720762
1774907
1830680
1888945
1948999
2010612
20741
21399
22069
22797
23539
24332
25108
25907
26776
27605
28446
29387
30319
31275
32266
33305
34407
35547
36689
37861
39081
40362
41652
43045
44345
45775
47209
48626
50240
51867
53503
55209
56946
58755
60634
62475
64521
66607
68751
70871
73181
75601
78012
80476
82983
85611
88265
91075
94075
97185
100340
103633
106885
110212
113734
117286
121005
124894
128842
132921
137170
141531
145936
150582
155349
160285
165305
170669
176135
181756
187558
193424
199690
206069
212594
219418
226630
233796
241229
248903
256857
264982
273320
281854
290884
300161
309520
319424
329497
339959
350733
361956
373565
385726
397858
410784
423848
437271
451228
465323
480303
495652
511486
527824
544550
561901
579853
598561
617817
637715
658080
678872
700788
723245
746233
769918
794595
819881
845904
872777
900428
929521
959030
989697
1021061
1053616
1087134
1121839
1157761
1194612
1232805
1272149
1312877
1354985
1397845
1442404
1488458
1536043
1585166
1636049
1688130
1742254
1798065
1855616
1915191
1976482
2039575
21209
21852
22559
23263
24015
24774
25584
26418
27263
28127
29044
29935
30889
31955
33006
34067
35203
36333
37481
38689
39944
41215
42508
43864
45220
46672
48148
49653
51196
52790
54449
56200
58022
59835
61745
63683
65638
67733
69837
72141
74510
76930
79437
82008
84697
87361
90057
92968
95806
98921
102086
105447
108832
112388
116034
119620
123445
127416
131507
135724
140081
144432
149067
153819
158731
163832
169204
174591
180093
185936
191963
198102
204383
211060
217805
224785
232152
239590
247206
255217
263362
271769
280653
289685
298959
308582
318333
328703
339263
349885
361140
372709
384812
397317
410366
423516
436999
450808
465188
479969
495579
511390
528018
544855
562207
580381
599242
618395
638401
658884
680136
701999
724499
747643
771398
796043
821657
848305
875435
903298
932167
962190
992968
1024877
1057753
1091546
1127007
1163080
1200639
1239275
1278615
1319655
1361775
1405487
1450765
1497362
1545614
1595309
1646819
1699754
1754421
1810779
1868840
1928897
1990953
2054770
21148
21821
22456
23214
23961
24667
25442
26276
27094
27969
28883
29802
30733
31794
32852
33879
35026
36204
37365
38511
39736
41067
42346
43723
45160
46607
48112
49644
51178
52848
54630
56343
58177
60029
62037
64024
66077
68168
70388
72621
74960
77372
79927
82473
85058
87775
90567
93426
96433
99544
102786
106088
109404
112834
116553
120286
124177
128331
132440
136772
141159
145656
150318
155177
160191
165353
170616
176258
181930
187762
193834
199934
206432
213193
220045
227223
234581
242130
249841
257874
266139
274803
283656
292666
302043
311838
321818
332263
343120
354139
365464
377056
389392
402007
414922
428179
441854
455945
470452
485741
501266
517476
534294
551330
569236
587497
606472
625955
646122
667073
688661
710985
733968
757656
782195
807330
832890
859542
887227
915697
945274
975718
1006909
1039425
1072827
1107449
1143374
1180372
1218226
1257670
1298029
1339689
1382513
1427219
1473425
1520607
1569664
1620138
1672234
1725879
1781376
1838759
1897486
1958431
2021161
20816
21475
22168
22894
23627
24338
25105
25898
26742
27594
28506
29441
30381
31347
32324
33339
34421
35519
36720
37920
39146
40451
41722
43076
44486
45898
47389
48983
50610
52258
53955
55726
57506
59431
61305
63310
65257
67410
69509
71694
74078
76518
79070
81650
84281
87067
89864
92815
95749
98785
101987
105229
108638
112191
115779
119650
123546
127467
131607
135728
140109
144528
149331
154134
159169
164155
169589
175014
180781
186724
192793
199022
205495
212063
218949
226009
233434
240837
248702
256688
265014
273582
282297
291553
300789
310590
320744
330996
341668
352675
364239
376077
388288
400843
413753
427072
440710
454912
469589
484850
500450
516486
533072
550350
568257
586616
605447
624790
644854
665707
687096
709350
732326
756031
780142
805236
831362
858236
885993
914564
944201
974577
1005952
1038549
1072266
1106907
1142449
1179731
1217909
1257115
1297937
1339799
1383297
1427624
1473638
1521297
1570735
1621753
1674201
1728547
1784325
1842179
1901030
1962662
2026275
21011
21697
22357
23045
23840
24621
25438
26226
27059
27968
28869
29804
30764
31796
32826
33870
34936
36065
37166
38335
39555
40834
42145
43517
44961
46435
47933
49501
51109
52794
54443
56182
57957
59768
61739
63785
65853
68042
70275
72536
74835
77326
79895
82501
85245
87963
90810
93688
96716
99850
103032
106398
109817
113361
117055
120774
124660
128593
132763
137097
141546
146169
150912
155849
160868
166025
171383
176819
182618
188653
194753
201024
207659
214293
221293
228420
235834
243477
251383
259527
267917
276691
285742
295135
304782
314590
324894
335447
346282
357389
369085
380858
393096
405860
419396
432929
446975
461349
476170
491526
507640
524079
540791
558130
576119
594843
614114
633984
654417
675686
697545
720030
743400
767514
792245
817848
844202
871282
899441
928575
958660
989527
1021472
1054622
1088581
1123995
1160149
1197676
1236432
1276277
1317494
1360242
1404180
1449332
1496150
1544637
1594149
1645292
1698791
1753751
1810380
1868850
1929361
1991605
2056021
21324
22016
22689
23492
24242
25016
25895
26743
27590
28466
29462
30433
31423
32405
33554
34668
35743
36962
38185
39417
40706
42037
43350
44702
46145
47638
49155
50807
52434
54071
55847
57628
59495
61346
63345
65425
67524
69804
71979
74333
76625
79165
81809
84456
87249
90056
92894
95938
99055
102214
105519
108949
112374
115911
119610
123482
127588
131673
135973
140352
145015
149732
154679
159681
164810
170375
175819
181743
187689
193751
199982
206441
213203
220159
227231
234634
242241
250054
258063
266440
274939
283692
292735
302275
312045
322010
332434
343110
354164
365779
377751
389994
402411
415458
428840
442759
457085
471737
487078
502901
519037
535810
553256
571090
589457
608492
628242
648520
669459
691113
713457
736478
760024
784673
810105
836245
863370
891060
919538
949091
979840
1011759
1044553
1078356
1113269
1149094
1186165
1224631
1263821
1305083
1347099
1391077
1436410
1483058
1531124
1580904
1631884
1684590
1738858
1795060
1852809
1912589
1974503
2038663
21086
21763
22457
23189
23953
24778
25582
26423
27311
28180
29119
30038
30985
31952
32958
33984
35121
36268
37426
38649
39850
41172
42484
43828
45185
46678
48201
49768
51462
53090
54819
56574
58423
60283
62282
64158
66167
68344
70610
72850
75205
77626
80211
82931
85694
88406
91267
94175
97231
100424
103781
107179
110605
114159
117920
121787
125683
129727
134095
138372
142919
147573
152283
157240
162388
167712
173079
178651
184410
190371
196518
203027
209614
216414
223563
230705
238030
245777
253671
262089
270648
279329
288683
298067
307640
317760
328053
338609
349588
360911
372493
384622
396984
409568
422911
436551
450588
465216
480313
495684
511834
528491
545713
563336
581599
600325
619838
640008
660775
682233
704431
727410
750858
774969
799956
825772
852650
880556
908995
938317
968441
999829
1032158
1065483
1100166
1135852
1172828
1211259
1250485
1291036
1332643
1375822
1420569
1466605
1513579
1562242
1612698
1665165
1719059
1774918
1832451
1891608
1952902
2016406
20982
21648
22310
23062
23814
24589
25400
26167
27021
27915
28855
29780
30706
31736
32774
33771
34880
36053
37184
38337
39558
40841
42149
43482
44883
46296
47820
49307
50941
52666
54314
56036
57841
59721
61674
63680
65761
67949
70254
72653
75053
77486
80028
82691
85383
88153
91067
94142
97229
100414
103685
106944
110345
113892
117601
121385
125284
129353
133623
138040
142439
147050
151860
156737
161656
166892
172191
177570
183330
189299
195222
201566
208007
214811
221697
228852
236311
244022
252106
260335
268825
277461
286578
295852
305432
315376
325670
336374
347272
358625
370153
382253
394763
407646
420990
434588
448575
463171
478158
493468
509278
525853
542845
560426
578353
597186
616441
636525
656987
678130
699963
722651
746003
770223
795337
820858
847767
874978
903286
932710
963087
994238
1026739
1060135
1094598
1130361
1167130
1205187
1244351
1284885
1326918
1369853
1414404
1460205
1507689
1556284
1606987
1658842
1712543
1768169
1825406
1884281
1945247
2008415
20627
21303
22003
22698
23368
24160
24911
25709
26567
27467
28375
29306
30330
31343
32393
33501
34586
35682
36855
38041
39278
40551
41851
43249
44701
46160
47634
49115
50714
52303
53998
55671
57501
59398
61349
63377
65371
67529
69719
71978
74287
76704
79046
81632
84306
87096
89915
92891
95976
99135
102425
105756
109172
112703
116358
120146
124059
128168
132342
136661
141044
145640
150460
155223
160096
165379
170814
176341
182140
187942
193967
200347
206915
213471
220493
227673
234988
242668
250630
258654
267135
275642
284588
293565
303085
312987
322981
333190
343986
355047
366672
378794
391057
403895
416940
430447
444375
458884
473675
489100
504921
521454
538409
555932
573833
592292
611404
631034
651559
672723
694601
717326
740574
764689
789487
815282
841771
869342
897651
926546
956666
987772
1019625
1052913
1087029
1122357
1158742
1196300
1235263
1275457
1316950
1359563
1403757
1449662
1496365
1545214
1595059
1646822
1700084
1755188
1811867
1870219
1931196
1994273
2059072
21291
21972
22669
23441
24208
24995
25773
26610
27437
28379
29329
30263
31255
32264
33282
34298
35397
36538
37755
38910
40159
41478
42791
44220
45677
47151
48688
50219
51844
53537
55281
57074
58950
60884
62846
64899
66993
69158
71384
73661
76130
78553
81030
83664
86446
89300
92176
95276
98429
101607
104978
108356
111965
115569
119283
123121
127081
131296
135602
139979
144538
149280
154052
159070
164177
169480
175036
180735
186598
192642
198899
205352
211924
218848
225859
233174
240809
248463
256602
264973
273690
282532
291609
301241
311054
321157
331725
342627
353819
365127
376757
388954
401427
414551
427815
441878
456384
471132
486518
502170
518303
535032
552531
570267
588777
608234
628091
648470
669531
691089
713329
736606
760751
785408
810979
837152
863939
892140
921119
950760
981717
1013566
1046369
1080283
1115589
1152071
1189500
1228398
1267924
1308920
1351656
1395520
1440599
1487677
1535684
1585434
1637122
1690461
1745619
1802509
1861054
1921557
1983980
2047863
21097
21739
22420
23131
23922
24699
25458
26284
27148
28041
28906
29837
30783
31794
32872
33975
35066
36232
37420
38621
39850
41154
42550
43907
45333
46807
48299
49896
51548
53243
54914
56731
58689
60603
62591
64588
66629
68765
70961
73328
75852
78243
80759
83395
86119
88926
91799
94832
97892
101145
104399
107711
111176
114768
118462
122231
126163
130343
134609
138919
143423
148093
152792
157831
163021
168279
173695
179375
185136
191074
197382
203729
210266
217175
224255
231556
239106
246835
254954
263206
271680
280575
289703
299103
308610
318402
328773
339376
350410
361822
373456
385604
398307
411344
424760
438593
453041
467797
483120
498639
514850
531312
548373
565915
584422
603562
623078
643420
664422
685928
708275
731092
755145
779443
804655
830749
857781
885650
914524
944118
974845
1006495
1039067
1072341
1107317
1143235
1180502
1218900
1258711
1300028
1342220
1385921
1430868
1477150
1525170
1574323
1625313
1678069
1732220
1788579
1846810
1906825
1968590
2032417
20829
21523
22230
22972
23698
24488
25273
26107
26971
27833
28733
29697
30599
31613
32611
33704
34785
35892
36978
38215
39490
40815
42156
43512
44946
46335
47861
49394
51046
52661
54338
56079
57854
59750
61667
63687
65813
67980
70156
72515
74820
77303
79831
82445
85151
88034
90938
94001
97101
100243
103574
106896
110312
113945
117661
121430
125465
129585
133857
138139
142551
147204
151999
156938
162029
167290
172836
178545
184347
190340
196530
203012
209635
216395
223565
230849
238493
246277
254391
262801
271367
280158
289213
298643
308412
318379
328659
339447
350408
361893
373635
385723
398314
411180
424374
438123
452352
466946
482074
497657
513955
530602
547762
565674
583945
602705
622417
642778
663472
685152
707143
730286
753715
777916
803162
828983
855768
883637
912219
941642
972086
1003812
1036299
1070122
1105081
1140980
1178276
1216334
1255980
1297019
1339092
1382339
1427058
1472962
1520955
1570508
1621505
1674362
1728593
1784339
1842026
1901548
1963090
2026354
20895
21612
22311
23030
23785
24557
25363
26152
26997
27828
28693
29615
30529
31474
32492
33576
34682
35802
37011
38195
39435
40723
42034
43444
44834
46291
47815
49319
50894
52559
54279
56122
57932
