102587
105059
107605
110222
112962
115765
118694
121744
124861
128020
131323
134589
137965
141381
144963
148630
152336
156195
160250
164172
168457
172653
177130
181602
186181
190864
195772
200614
205737
210943
216351
221909
227737
233604
239620
245792
252080
258521
265087
271839
278744
285776
293069
300559
308190
315916
324007
332264
340803
349608
358541
367776
377244
386802
396694
406719
417047
427789
438714
449884
461457
473374
485641
497962
510655
523601
537083
550730
564981
579572
594640
609802
625487
641806
658480
675352
692791
710856
729275
748261
767684
787596
807974
829030
850277
872302
895100
917901
941437
965848
990868
1016673
1042837
1069986
1097846
1126375
1155806
1186149
1216851
1248164
1280502
1313973
1348251
1383339
1419408
1456774
1494719
1533868
1573849
1614951
1657092
1700318
1744769
1790404
1837010
1884882
1934198
1984829
2037178
20849
21376
21928
22535
23110
23724
24333
25011
25700
26377
27055
27787
28518
29266
30062
30859
31625
32498
33345
34201
35079
35990
36942
37981
39003
40063
41070
42131
43266
44387
45630
46873
48067
49330
50660
51992
53453
54752
56202
57635
59229
60820
62390
64096
65817
67479
69327
71150
73117
75095
77128
79122
81203
83337
85467
87746
90134
92483
94888
97355
99947
102597
105248
108023
110925
113916
116942
120140
123374
126701
130064
133571
137154
140791
144600
148423
152536
156646
160853
165188
169624
174234
178914
183602
188632
193687
198983
204434
209975
215672
221440
227463
233566
240036
246458
253068
260024
267009
274152
281522
289074
296838
304978
313232
321654
330478
339359
348556
358184
367688
377741
387988
398330
409257
420359
431535
443183
455329
467769
480569
493634
507165
520885
534956
549516
564386
579800
595516
611782
628440
645524
663105
681284
699864
718876
738726
758817
779804
801103
822907
845403
868760
892549
916646
941424
967380
993843
1021013
1049261
1077827
1107627
1137923
1169154
1201230
1234258
1268315
1303133
1338915
1375879
1413493
1452482
1492542
1534141
1576348
1620215
1664813
1711018
1758341
1807280
1857110
1908180
1961339
2016042
21043
21626
22251
22892
23550
24214
24938
25642
26351
27110
27880
28656
29445
30300
31189
32041
32978
33887
34848
35803
36836
37865
38914
40081
41184
42350
43537
44764
46032
47348
48661
50014
51397
52795
54308
55764
57341
58878
60524
62273
64048
65859
67690
69524
71416
73411
75405
77560
79781
82060
84292
86689
89155
91599
94133
96771
99505
102301
105143
108180
111227
114348
117533
120834
124148
127746
131411
135131
138884
142759
146631
150675
154949
159398
163838
168391
173208
178036
183090
188178
193415
198868
204584
210238
216192
222080
228235
234649
241329
248235
255332
262504
269999
277650
285552
293715
301920
310378
319058
327984
337234
346740
356459
366571
376939
387524
398385
409423
420991
432983
445199
457793
470857
484280
497753
511852
526454
541287
556651
572436
588737
605318
622483
640188
658379
676723
696051
715856
736111
756592
778131
800424
823496
846773
870611
895514
920816
947003
973896
1001787
1030366
1059595
1089907
1120770
1152446
1185160
1218813
1253654
1289282
1325997
1363521
1402299
1442181
1483233
1525610
1569057
1614056
1660020
1707921
1756636
1807145
1858970
1912436
1967123
2023450
20637
21213
21777
22393
23022
23681
24333
25068
25774
26481
27261
28087
28908
29739
30616
31513
32414
33394
34353
35321
36300
37362
38476
39548
40688
41864
43086
44291
45552
46857
48215
49597
50995
52466
54013
55532
57202
58815
60417
62199
63942
65903
67789
69753
71766
73906
76022
78194
80396
82725
85073
87514
90038
92666
95311
98028
100768
103698
106652
109817
113068
116306
119809
123283
126962
130650
134415
138294
142307
146347
150618
154892
159313
163866
168620
173454
178371
183651
188897
194338
199854
205575
211478
217646
223921
230563
237241
244179
251189
258471
265934
273577
281537
289824
298312
306955
316149
325323
334939
344722
354813
364966
375504
386565
397792
409318
421383
433766
446285
459420
472827
486549
500648
515246
530347
545638
561469
577716
594688
611834
629543
648026
667098
686287
706534
727350
748699
770649
793001
816034
839883
864587
889913
915906
942841
970510
998903
1028303
1058269
1089025
1120882
1153665
1187469
1221945
1257769
1294641
1332727
1371869
1412188
1453183
1495699
1539505
1584987
1631410
1678946
1728612
1779242
1831260
1884833
1940225
1997172
2055505
20909
21538
22162
22813
23470
24152
24900
25612
26329
27158
27982
28782
29634
30500
31438
32357
33309
34272
35268
36300
37366
38513
39685
40833
41992
43205
44484
45827
47185
48587
50048
51552
53064
54617
56260
58048
59807
61535
63351
65212
67090
69041
71060
73091
75318
77572
79943
82297
84693
87278
89809
92420
95203
97962
100886
103906
107019
110209
113448
116876
120367
123906
127525
131350
135299
139229
143301
147552
151955
156473
161085
165973
170964
175970
181185
186624
192184
197829
203675
209825
215988
222298
228889
235669
242713
249940
257483
265203
273161
281351
289794
298275
307164
316308
325740
335559
345408
355646
366164
377155
388240
399736
411566
423846
436524
449455
462998
476763
490748
505491
520671
536241
552364
568791
585926
603605
621617
640273
659278
679049
699372
720435
742123
764057
786990
810523
834734
859837
885592
912107
939438
967647
996850
1026844
1057749
1089171
1121995
1155980
1190839
1226844
1263852
1301708
1340964
1381284
1422544
1465673
1509567
1555076
1601764
1649742
1699031
1749745
1802199
1856736
1912800
1970647
2029963
20902
21510
22145
22786
23454
24153
24902
25707
26520
27300
28090
28927
29832
30753
31655
32650
33623
34616
35723
36741
37869
38986
40105
41301
42545
43804
45130
46516
47959
49459
50965
52501
54081
55701
57426
59224
60979
62861
64772
66670
68614
70642
72845
75017
77267
79666
82054
84539
87093
89790
92520
95350
98207
101219
104262
107448
110695
114028
117542
121079
124793
128632
132547
136619
140732
145017
149448
153990
158574
163396
168434
173570
178862
184363
189967
195736
201769
207886
214145
220685
227482
234453
241492
248613
256261
264091
272193
280438
289030
297801
306633
315889
325596
335260
345519
356064
366846
377982
389425
401149
413405
426168
439332
452888
466625
481040
495802
511161
526669
542869
559703
576973
594609
612550
631419
650752
670713
691359
712398
734101
756737
779834
803646
828260
853658
879715
906574
934491
963011
992873
1023424
1054805
1087205
1120252
1154834
1190497
1227375
1264970
1304137
1344498
1385848
1428462
1473032
1518201
1565094
1613270
1663133
1714577
1767353
1821361
1877127
1934889
1994428
2055749
21133
21787
22411
23105
23865
24654
25399
26162
26914
27739
28552
29464
30366
31315
32286
33289
34282
35332
36398
37562
38730
39876
41111
42382
43653
45058
46504
47989
49476
50999
52545
54183
55948
57684
59418
61163
63057
65000
66936
68948
71128
73258
75552
77869
80306
82813
85271
87869
90622
93452
96281
99237
102361
105604
108918
112266
115801
119316
123084
126925
130856
134898
139104
143312
147713
152332
157060
161994
167078
172311
177649
183028
188782
194464
200477
206844
213349
219949
226843
233746
240957
248423
256122
264108
272333
280678
289313
298229
307544
317258
327327
337492
347878
358750
369958
381439
393285
405740
418305
431289
444746
458570
472929
487532
502690
518198
534158
550897
568043
585669
603960
622817
642425
662298
683133
704326
726258
748728
772127
796305
821170
846573
873203
900270
928206
957007
986824
1017642
1049165
1082235
1115936
1150582
1186467
1223367
1261300
1300613
1341332
1383229
1426766
1471296
1517495
1565392
1614530
1665011
1717170
1770678
1826393
1883277
1942304
2002579
20567
21234
21901
22620
23332
24103
24872
25686
26541
27369
28274
29209
30128
31091
32076
33055
34148
35255
36391
37511
38713
39897
41201
42462
43754
45101
46465
47884
49380
50913
52491
54199
55889
57612
59335
61233
63098
65105
67097
69176
71347
73686
75967
78300
80782
83370
85994
88722
91488
94308
97280
100285
103528
106809
110184
113634
117066
120768
124673
128615
132627
136686
140944
145406
150022
154854
159688
164697
169872
175338
180885
186590
192599
198696
204997
211379
218076
224895
231974
239345
246898
254572
262679
270847
279416
288137
297282
306576
316082
325891
336133
346612
357364
368544
380104
392136
404506
417434
430755
444388
458181
472582
487405
502843
518728
535111
551824
569257
587206
605739
624649
644237
664440
685319
707152
729496
752538
776546
801016
826130
852216
879022
906594
935290
964792
995374
1026884
1059160
1092610
1127170
1162734
1199550
1237334
1276426
1317020
1358818
1402013
1446536
1492730
1540043
1589055
1639287
1691347
1744757
1799801
1856803
1915806
1976566
2039275
21050
21695
22364
23091
23833
24656
25515
26386
27267
28175
29065
29956
30883
31864
32921
34003
35066
36199
37357
38498
39730
41046
42397
43771
45200
46634
48121
49716
51316
52956
54618
56350
58152
60032
61909
63916
65950
67969
70149
72403
74757
77026
79463
82022
84543
87274
90000
92915
95821
98812
101926
105095
108402
111853
115393
119051
122723
126583
130717
134958
139327
143726
148234
152973
157838
162876
168061
173398
178980
184659
190525
196561
202794
209393
216021
222951
229995
237555
245140
252911
261023
269516
277979
286962
296122
305464
315088
325187
335705
346379
357446
368713
380418
392430
404828
417669
430829
444562
458636
473224
488486
504081
520193
536831
553944
571517
589685
608349
628119
648168
668869
689923
712101
734837
758238
782244
806966
832845
859594
887122
915369
944476
974427
1005615
1037864
1071198
1105213
1140596
1176949
1214455
1253456
1293777
1334922
1377728
1421887
1467364
1514299
1562338
1612196
1663715
1717241
1772166
1828820
1887244
1948120
2010824
20587
21335
22012
22722
23442
24211
24991
25738
26594
27427
28304
29179
30090
31067
32042
33061
34083
35081
36209
37342
38551
39758
41067
42369
43750
45146
46619
48119
49742
51333
53043
54768
56562
58321
60229
62141
64073
66163
68268
70470
72713
75023
77452
79988
82477
85137
87842
90641
93585
96547
99679
102848
106087
109503
113068
116749
120488
124301
128247
132339
136605
141033
145625
150338
155175
160054
165122
170494
175934
181470
187047
193060
199181
205599
212107
218882
226001
233363
240739
248458
256350
264657
273189
281787
290939
300193
309791
319732
330033
340526
351346
362775
374446
386319
398592
411353
424601
438260
452203
466617
481486
497043
512944
529272
546359
563722
581843
600474
619941
639853
660269
681529
703411
725947
749374
773580
798406
823930
850671
877789
905839
934723
964756
995768
1027645
1060735
1094991
1129880
1166235
1203922
1242665
1282536
1323793
1366234
1410113
1455506
1502095
1550308
1600331
1651845
1704779
1759558
1816434
1874771
1934950
1997035
2060961
21441
22125
22858
23528
24267
25036
25816
26603
27452
28299
29222
30149
31117
32081
33129
34207
35288
36403
37566
38749
40017
41295
42690
44071
45511
46989
48471
50004
51653
53345
55057
56881
58629
60481
62438
64452
66488
68622
70749
72978
75255
77641
80199
82787
85373
88102
90911
93773
96810
99948
103100
106412
109838
113344
116937
120682
124491
128501
132527
136870
141289
145904
150592
155370
160310
165435
170739
176211
181851
187873
194040
200280
206762
213326
220037
227119
234490
241965
249984
257933
266138
274746
283768
292991
302520
312329
322280
332630
343240
354202
365735
377381
389391
401788
414611
427948
441526
455644
469932
485150
500738
516921
533563
550494
567993
586584
605509
625086
645171
665886
687413
709665
732361
755825
780092
805263
830922
857592
885210
913781
943299
973602
1004894
1037487
1070634
1105237
1140898
1177645
1215702
1255048
1295515
1337047
1380371
1424903
1470606
1518157
1566872
1617495
1669344
1723132
1778604
1835897
1895478
1956349
2019405
20952
21613
22355
23063
23799
24589
25341
26147
27027
27917
28770
29813
30746
31754
32794
33867
34923
36031
37127
38291
39528
40797
42095
43516
44909
46363
47909
49414
50975
52695
54370
56140
57955
59806
61803
63816
65903
68033
70239
72579
74942
77401
79940
82455
85138
87820
90647
93487
96477
99589
102816
106147
109646
113153
116779
120438
124322
128289
132354
136643
141059
145553
150296
155137
160119
165312
170561
176107
181844
187619
193670
199948
206382
213018
219807
226845
234180
241742
249461
257319
265577
274243
283051
292130
301497
311221
321350
331777
342507
353669
365271
377052
389219
401758
414836
428333
442155
456304
470996
486087
501864
518065
534854
552370
569961
588424
607438
627233
647366
668284
689560
711673
734549
758157
782759
807965
833794
860843
888821
917463
947063
977459
1008836
1041621
1075300
1110034
1145548
1182825
1220740
1259975
1300939
1343249
1386561
1431504
1477766
1525611
1574743
1625593
1678097
1732101
1788495
1846332
1905737
1967446
2031392
21205
21886
22583
23268
24006
24774
25555
26378
27198
28092
28951
29844
30794
31829
32838
33853
34921
36096
37246
38415
39692
40962
42265
43639
45109
46543
48019
49595
51110
52775
54501
56308
58196
60043
61978
63984
66009
68082
70311
72581
74871
77253
79760
82338
84997
87771
90691
93570
96579
99723
102992
106289
109748
113213
116871
120600
124484
128427
132583
136887
141442
146035
150837
155783
160892
166103
171499
177088
182765
188492
194610
200822
207195
213851
220851
227983
235431
242994
250910
259028
267429
276067
284911
294156
303658
313457
323625
334103
344710
355764
367181
379173
391340
403800
416871
430366
444013
458400
473210
488503
504430
520679
537477
554790
572586
590981
610030
629733
650231
671056
692783
715204
738136
761939
786490
811650
837563
864639
892548
921279
951264
982040
1013606
1046177
1080250
1115031
1151169
1188752
1227454
1267379
1308428
1351004
1394890
1440096
1486560
1534554
1583695
1634720
1687997
1742472
1798953
1856967
1916931
1978863
2043035
21261
21941
22638
23395
24183
24928
25758
26600
27488
28367
29309
30279
31233
32251
33274
34348
35443
36602
37822
39079
40353
41675
43020
44414
45840
47361
48828
50321
51940
53650
55430
57165
58992
60919
62839
64914
67056
69167
71376
73693
76025
78489
81145
83763
86507
89295
92229
95178
98248
101421
104715
108030
111457
115103
118896
122776
126764
130833
135104
139409
143863
148413
153363
158394
163631
168968
174298
179808
185507
191457
197563
203846
210460
217282
224370
231641
239205
246897
254885
263132
271618
280355
289463
298792
308427
318343
328567
339247
350239
361425
373048
385243
397733
410421
423553
437273
451321
466081
480966
496436
512465
528877
545884
563389
581418
600181
619749
639817
660609
681763
703692
726229
749700
773768
798817
824757
851512
879117
907683
937296
967647
999126
1031604
1064773
1099313
1134707
1171339
1209092
1248302
1288875
1330528
1373501
1418435
1464117
1511742
1560856
1610755
1662880
1716806
1772307
1829474
1888111
1949078
2011995
20742
21384
22073
22775
23486
24248
25063
25905
26706
27541
28413
29352
30292
31194
32205
33254
34363
35452
36564
37742
38943
40148
41470
42794
44153
45532
47002
48489
50068
51670
53332
55026
56748
58507
60343
62247
64242
66332
68453
70616
72878
75188
77636
80206
82793
85561
88366
91135
94088
97096
100264
103499
106775
110243
113855
117581
121559
125488
129645
133841
138194
142678
147309
152072
157044
162148
167460
172934
178491
184275
190170
196362
202761
209308
215960
222955
230250
237703
245393
253420
261593
270151
278766
287705
297152
306822
316732
327020
337423
348442
359728
371381
383439
395763
408497
421749
435514
449427
464044
478926
494525
510540
527031
544070
561635
579968
598823
618262
638341
659201
680393
702132
725054
748186
772226
797265
822982
849735
877151
905558
934770
965107
996307
1028802
1062209
1096493
1131825
1168307
1205914
1244822
1284809
1326761
1370005
1414035
1459789
1506965
1555387
1605426
1657735
1711220
1766998
1824321
1883386
1944507
2007606
20604
21322
21984
22713
23450
24175
24924
25686
26515
27314
28224
29197
30110
31052
32039
33053
34083
35210
36381
37566
38775
40054
41369
42699
44102
45556
47029
48516
50070
51651
53363
55159
56907
58802
60695
62643
64652
66883
68996
71262
73564
76046
78509
81015
83627
86376
89159
92061
95093
98220
101375
104646
107995
111537
115177
118975
122859
126796
130914
135146
139482
143872
148596
153336
158445
163654
169031
174621
180212
186000
192117
198394
204804
211342
218302
225459
232763
240310
248081
256156
264711
273362
282345
291533
300922
310734
320920
331436
342121
353108
364510
376322
388645
401127
413903
427296
441321
455483
470205
485276
500911
516959
533702
550942
568862
587489
606245
626056
646322
667110
688579
710989
733981
757713
782213
807486
833761
861047
888772
917398
947088
977913
1009810
1042542
1076412
1111349
1147357
1184577
1222806
1262676
1303722
1346176
1390183
1435351
1482113
1530191
1579628
1630794
1683796
1738273
1794382
1852515
1913014
1975094
2039039
20874
21603
22294
23020
23818
24613
25384
26237
27149
28055
28947
29827
30741
31726
32762
33814
34910
36053
37227
38450
39678
40942
42355
43733
45165
46602
48136
49682
51297
53047
54743
56564
58349
60262
62156
64127
66144
68328
70560
72849
75187
77678
80197
82779
85440
88297
91088
93980
97022
100239
103462
106916
110402
113971
117741
121634
125577
129611
133806
138041
142572
147205
152123
157106
162230
167347
172817
178266
184048
190083
196233
202717
209406
216074
223109
230348
237871
245381
253204
261302
269659
278408
287256
296650
306279
316170
326485
337054
347892
359099
370584
382600
395053
407928
421414
435136
449126
463724
478558
493908
509885
526357
543435
561330
579387
598015
617351
637471
658433
679830
701944
724635
748163
772376
797537
823511
850326
878159
906696
936115
966546
998150
1030774
1064671
1099227
1134828
1171861
1209986
1248955
1289390
1331343
1374554
1418961
1464921
1512435
1561450
1612087
1664367
1718069
1773922
1831587
1890780
1951810
2014932
20890
21534
22213
22925
23617
24341
25127
25936
26757
27611
28516
29484
30424
31403
32396
33438
34521
35650
36815
38045
39278
40581
41957
43294
44725
46205
47668
49164
50775
52444
54228
56003
57800
59667
61618
63605
65674
67750
70084
72320
74704
77112
79608
82249
84930
87658
90434
93365
96380
99474
102642
105878
109363
112919
116527
120439
124337
128439
132534
136882
141300
145822
150528
155384
160320
165553
170951
176498
182326
188205
194323
200503
206870
213605
220332
227480
234850
242423
250336
258528
266790
275389
284366
293617
303033
312697
322732
333372
344459
355597
367150
379080
391277
403945
417068
430676
444620
458875
473716
489062
504969
521308
538248
555594
574013
592456
611740
631479
652120
673090
695022
717697
740852
764826
789711
815429
841723
868921
897039
926162
956465
987433
1019371
1052193
1086665
1121860
1158376
1196058
1235214
1274945
1316390
1358781
1402816
1448495
1495459
1543706
1593808
1645299
1698555
1753764
1810515
1869673
1930473
1993360
2058258
20990
21725
22452
23129
23901
24696
25459
26240
27072
27964
28871
29791
30821
31835
32872
33997
35102
36249
37376
38620
39914
41182
42538
43924
45276
46753
48242
49802
51370
53129
54788
56572
58399
60302
62259
64347
66440
68611
70856
73130
75501
77964
80497
83078
85723
88584
91504
94411
97488
100675
104020
107418
110943
114601
118293
122039
126063
130118
134298
138692
143154
147771
152538
157507
162584
167800
173276
178882
184805
190983
197107
203429
209985
216599
223730
230964
238306
246172
254330
262605
271131
280053
289086
298532
308250
318360
328705
339355
350273
361455
373339
385406
397750
410671
423969
437667
451908
466613
481869
497582
513920
530518
547748
565521
583782
602865
622475
642717
663518
685084
707256
730348
754144
778727
803997
830046
857093
885017
913728
943430
974073
1005678
1037797
1071517
1106589
1142563
1179504
1218106
1257565
1298588
1340485
1384132
1428419
1474266
1522151
1571746
1622874
1675534
1729595
1785588
1843498
1903277
1964863
2028499
21109
21804
22509
23223
23963
24751
25498
26333
27214
28078
28986
29895
30877
31862
32876
33948
35066
36253
37432
38634
39885
41243
42563
43977
45400
46865
48357
49957
51566
53247
54967
56679
58518
60501
62414
64463
66530
68684
70898
73187
75547
77985
80593
83180
85887
88674
91507
94391
97418
100575
103884
107240
110722
114296
117942
121802
125877
129988
134286
138601
143170
147771
152575
157377
162487
167696
173192
178830
184516
190557
196614
202962
209555
216409
223464
230653
238086
245854
253773
262048
270590
279439
288532
297847
307462
317416
327657
338395
349444
360761
372511
384754
397312
410273
423384
437215
451507
466116
481491
497275
513476
530271
547476
565357
583644
602485
622175
642579
663542
684980
707178
730237
753730
778429
803540
829650
856341
884169
912976
942476
972806
1004367
1036908
1070602
1105657
1141442
1178474
1216962
1256699
1297073
1339003
1382585
1427449
1473534
1521405
1570511
1621608
1674609
1728970
1785154
1843142
1903000
1965195
2028987
20939
21632
22339
23052
23821
24637
25486
26269
27128
27993
28885
29792
30731
31761
32780
33876
34936
36043
37215
38435
39631
40976
42294
43678
45072
46607
48155
49656
51220
52915
54683
56456
