102337
104984
107451
110020
112577
115329
118141
121004
124112
127075
130233
133394
136626
140023
143394
146886
150435
154090
157886
161721
165689
169699
173903
178149
182607
187102
191692
196373
201224
206153
211293
216368
221615
227155
232834
238619
244495
250458
256683
263071
269420
276087
283016
290078
297191
304652
312254
319920
327810
335990
344315
352886
361563
370310
379494
389008
398739
408719
418982
429436
440096
451258
462584
474109
485947
498074
510605
523494
536526
549843
563699
577773
592123
606888
621903
637475
653562
670185
687040
704442
722208
740304
759039
777795
797408
817428
837888
858660
880230
902158
924626
948037
971701
995912
1020813
1046696
1072898
1099910
1127660
1156170
1185302
1215059
1245728
1277489
1309918
1343088
1377047
1411835
1447565
1484561
1522307
1560867
1600389
1641218
1682985
1725474
1769424
1814893
1861003
1908361
1956819
2006407
20520
21048
21586
22119
22705
23282
23859
24455
25085
25737
26378
27045
27734
28460
29177
29949
30696
31487
32276
33102
33959
34830
35736
36670
37612
38570
39555
40625
41697
42782
43880
44990
46077
47328
48546
49830
51131
52493
53777
55183
56599
58060
59576
61168
62758
64331
65997
67656
69351
71182
73004
74921
76866
78885
80826
82869
85017
87201
89469
91762
94201
96654
99181
101691
104378
107087
109772
112639
115494
118543
121619
124765
127946
131277
134735
138334
142062
145789
149630
153577
157689
161789
166241
170479
174950
179626
184342
189281
194206
199394
204608
210087
215636
221386
227228
233114
239176
245477
252039
258705
265633
272562
279691
287108
294628
302310
310226
318508
326798
335310
344144
353359
362647
372355
382116
392385
402995
413547
424615
435663
447366
459307
471418
483813
496755
509796
523531
537316
551546
566185
581065
596451
612427
629103
645765
662804
680469
698575
717126
736304
756059
776259
797065
818396
840361
862815
885899
909739
934198
959186
984836
1011158
1038343
1066186
1094859
1124290
1154246
1185067
1216879
1249515
1283091
1317209
1352584
1388967
1425867
1464119
1503771
1544377
1585541
1627914
1671395
1716516
1762974
1810337
1859030
1908715
1960170
2012943
20545
21113
21626
22229
22828
23435
24071
24688
25336
26036
26740
27408
28153
28880
29668
30520
31313
32187
33009
33903
34812
35834
36830
37832
38821
39953
41068
42208
43330
44566
45786
47018
48276
49580
50917
52246
53704
55190
56630
58208
59765
61353
63007
64693
66475
68228
70072
72018
74012
76043
78029
80134
82257
84533
86737
89122
91487
94103
96666
99268
102045
104864
107668
110557
113556
116739
119957
123142
126442
129864
133331
136979
140627
144450
148398
152548
156766
161098
165447
169987
174690
179511
184430
189501
194663
199933
205428
211222
217015
223130
229345
235691
242332
249055
255794
262750
270024
277300
284934
292901
301022
309530
318256
327084
336116
345474
355100
365092
375134
385507
396245
407176
418552
430033
441836
454044
466566
479585
493000
506425
520365
534866
550030
565162
580587
596513
613339
630315
647858
665857
684448
703464
723084
743228
764222
785623
807380
829921
853228
877218
901496
926277
951995
978563
1005682
1033743
1062579
1092221
1122670
1154093
1186336
1219451
1253374
1288713
1324462
1361289
1399397
1438942
1479494
1521059
1563491
1606787
1651768
1697830
1745519
1794106
1844302
1895628
1948704
2003463
20489
21058
21642
22222
22814
23423
24041
24695
25395
26119
26840
27592
28349
29119
29960
30829
31701
32609
33565
34493
35465
36461
37496
38550
39604
40729
41891
43063
44227
45459
46783
48152
49446
50834
52243
53620
55106
56605
58257
59910
61617
63341
65114
66968
68877
70800
72735
74794
76915
79104
81411
83748
86082
88503
90967
93481
96126
98815
101693
104529
107545
110498
113611
116967
120248
123657
127140
130749
134444
138231
142079
146072
150218
154556
158909
163398
168015
172786
177749
182768
187964
193422
198822
204497
210313
216383
222514
228820
235278
241998
248972
256046
263243
270847
278562
286621
294727
303155
311796
320533
329837
339214
349074
358943
369162
379646
390443
401424
412906
424637
436692
449171
461940
475045
488555
502287
516506
531241
546236
561763
577836
594318
611567
628887
646940
665368
684042
703512
723951
744653
765675
787659
810110
833288
857225
881710
906810
932849
959540
987062
1015016
1043834
1073937
1105055
1136676
1169501
1203040
1237352
1272762
1309440
1346895
1385490
1425186
1465879
1507806
1550959
1595503
1641496
1688189
1736553
1786577
1837860
1890413
1944761
2000606
20680
21282
21871
22524
23156
23805
24469
25169
25873
26610
27416
28191
29007
29847
30676
31569
32476
33466
34439
35447
36463
37523
38642
39748
40817
41962
43144
44362
45670
47033
48382
49818
51229
52721
54276
55874
57460
59116
60815
62567
64375
66238
68091
70060
72095
74090
76179
78386
80664
83049
85403
87912
90407
92959
95594
98370
101181
104141
107243
110340
113511
116804
120235
123802
127369
131075
134902
138886
142840
146963
151234
155641
160299
164822
169517
174558
179641
184957
190161
195907
201588
207402
213485
219687
226058
232552
239229
246222
253328
260589
268208
275920
283867
292101
300752
309661
318769
328106
337638
347473
357690
368213
378907
389867
401336
412809
424831
437344
449952
463170
476527
490492
504622
519318
534552
550106
566162
582601
599594
616890
635045
653652
672780
692377
712661
733526
754827
776760
799414
822634
846718
871449
897135
923263
950153
977890
1006342
1035564
1065693
1096909
1128746
1161572
1195244
1229732
1265601
1302518
1340952
1379929
1420082
1461676
1504370
1548045
1593383
1639995
1687686
1737281
1788215
1840657
1894558
1949672
2006413
20907
21490
22112
22765
23477
24128
24871
25639
26362
27151
27963
28807
29669
30533
31460
32407
33354
34353
35380
36425
37502
38601
39725
40934
42081
43393
44678
46010
47380
48728
50198
51637
53184
54779
56387
58030
59734
61427
63235
65111
67076
69059
70982
73049
75243
77428
79703
81993
84405
86872
89488
92115
94953
97757
100534
103440
106406
109610
112934
116234
119666
123113
126698
130438
134252
138284
142336
146563
150914
155245
159852
164522
169284
174291
179438
184699
190229
195804
201647
207605
213821
220209
226654
233408
240265
247248
254644
262085
269710
277627
285790
294129
302787
311693
320933
330508
340127
350170
360478
371001
382050
393415
404882
416748
428849
441353
454369
467740
481428
495730
510201
524967
540372
556401
572848
589630
607019
624850
643157
662054
681569
701630
722272
743651
765433
788118
811250
835444
860184
885888
912043
939041
966700
995342
1024644
1054693
1085696
1117873
1151051
1184906
1219823
1255702
1292723
1331153
1370103
1410503
1452229
1495558
1539723
1585367
1632219
1680490
1730301
1781727
1834536
1888697
1944807
2002629
20768
21406
22019
22701
23371
24075
24776
25495
26245
27010
27812
28642
29431
30329
31282
32234
33194
34249
35240
36269
37333
38425
39588
40695
41855
43052
44315
45567
46863
48211
49635
51088
52638
54207
55858
57555
59278
61116
62981
64890
66807
68763
70807
72986
75134
77380
79642
81978
84357
86886
89405
92156
94985
97792
100721
103696
106802
110010
113177
116572
120067
123584
127224
131019
134861
138882
143016
147276
151678
156133
160780
165441
170516
175519
180859
186142
191652
197399
203179
209213
215424
221777
228273
235183
242323
249446
256988
264728
272625
280854
289366
297977
306936
316141
325658
335408
345413
355764
366392
377431
388478
400180
411986
424291
437016
450061
463477
477578
491780
506168
520984
536504
552539
569006
585988
603286
621314
639982
659099
678855
699061
719941
741540
763725
786646
810086
834493
859455
885233
911317
938589
966869
995546
1025263
1055786
1087382
1120057
1153085
1187465
1222990
1259649
1297455
1336132
1375851
1416656
1459092
1502880
1548022
1594269
1642180
1691420
1741962
1794044
1847672
1903198
1959952
2018421
20807
21413
22047
22719
23446
24167
24869
25626
26424
27213
28012
28834
29645
30538
31423
32369
33282
34241
35285
36274
37336
38437
39581
40759
41981
43269
44588
45915
47284
48716
50198
51715
53270
54778
56441
58190
59919
61756
63575
65543
67465
69451
71535
73750
75998
78267
80658
83115
85577
88048
90728
93441
96215
99047
102063
105269
108373
111705
115029
118371
121887
125564
129374
133297
137442
141540
145805
150263
154668
159339
164170
169097
174191
179282
184664
190187
195789
201626
207587
213799
220227
226823
233552
240418
247492
254908
262598
270435
278513
286974
295528
304248
313296
322574
332259
342303
352513
363314
374243
385372
397018
408757
421323
433789
446907
460108
473916
487949
502797
518176
533868
550081
566629
583517
601003
618842
637537
656753
676600
696755
717582
739141
761375
784327
807881
831940
857156
882857
909382
936725
964631
993667
1023516
1054406
1086291
1118885
1152448
1186983
1222683
1259354
1296989
1335998
1376061
1417602
1460105
1503873
1549246
1595960
1643925
1693393
1744514
1797141
1851325
1906606
1963756
2022767
20789
21351
22015
22655
23368
24080
24732
25457
26213
26963
27744
28596
29409
30303
31222
32146
33108
34096
35137
36226
37350
38516
39637
40805
42028
43203
44488
45881
47254
48639
50156
51667
53249
54793
56401
58075
59771
61626
63483
65368
67331
69301
71330
73469
75683
77860
80195
82608
85086
87602
90285
93051
95813
98699
101628
104603
107777
111047
114430
117831
121383
125019
128725
132650
136487
140603
144874
149328
153844
158546
163256
168096
173184
178400
183798
189538
195351
201226
207285
213497
219861
226402
233191
240128
247330
254710
262463
270531
278826
287180
295894
304690
314071
323646
333261
343177
353640
364232
375271
386662
398220
410319
422794
435518
448451
461868
475688
490152
505145
520213
536013
552341
569237
586528
604026
622324
641127
660313
680222
700750
721758
743382
765909
788963
812775
837291
862472
888646
915060
942965
971249
1000552
1030581
1061888
1093582
1126471
1160600
1195426
1231799
1268599
1306956
1346175
1386595
1428728
1471682
1516186
1562013
1609045
1657901
1707916
1759645
1813031
1867519
1923836
1981718
2041667
21023
21664
22319
22998
23725
24427
25192
25957
26755
27579
28481
29393
30220
31161
32069
33075
34080
35070
36155
37301
38486
39673
40858
42054
43360
44656
45994
47386
48830
50227
51740
53374
54998
56639
58313
60022
61855
63708
65601
67616
69639
71816
73963
76210
78450
80882
83312
85771
88378
91002
93759
96519
99408
102397
105525
108760
112097
115537
119117
122646
126373
130303
134196
138151
142234
146570
151004
155547
160330
165224
170319
175548
180841
186296
191974
197721
203661
209906
216193
222678
229348
236295
243436
250671
258104
265905
273944
282165
290705
299490
308476
317776
327332
337138
347281
357785
368477
379689
390888
402907
415244
427586
440507
453634
467439
481594
496333
511312
526838
542733
559243
576171
593558
611332
629860
648972
668869
689186
710057
731623
753961
776893
800336
824760
849593
875585
902028
929486
957536
986429
1016328
1047074
1078756
1111417
1145242
1179811
1215765
1252883
1290575
1329466
1369401
1410821
1453384
1497049
1542220
1589196
1637699
1687568
1738269
1790925
1844856
1901092
1958573
2017552
20553
21176
21810
22411
23084
23830
24548
25321
26062
26847
27688
28532
29385
30243
31159
32108
33114
34103
35129
36225
37310
38404
39599
40719
41901
43175
44463
45841
47305
48758
50217
51810
53327
54985
56655
58436
60172
61991
63847
65761
67727
69771
71898
74105
76276
78599
81002
83511
86071
88714
91461
94228
97117
99997
103128
106204
109385
112732
116179
119702
123309
127085
130940
134860
139023
143255
147582
151932
156472
161171
166274
171417
176617
181884
187414
193090
198809
204782
211014
217409
224041
230835
237739
244859
252303
259937
267841
276087
284388
292970
301840
310860
320185
330038
339975
350225
360822
371855
382997
394755
406622
418803
431248
444378
457854
471620
485776
500488
515803
531415
547627
564460
581522
598940
617201
635976
655151
675023
695462
716556
738100
760275
783254
806825
831331
856484
882389
909007
936353
964824
993898
1023689
1054639
1086487
1119813
1153417
1188515
1224386
1261537
1299829
1339234
1379853
1421466
1464679
1508854
1555048
1602467
1651351
1701757
1753499
1806818
1861689
1917948
1975722
2035826
21249
21892
22549
23224
23894
24632
25390
26178
26941
27757
28632
29479
30392
31338
32288
33273
34262
35251
36293
37350
38510
39742
40992
42204
43488
44779
46104
47484
48954
50453
51928
53466
55110
56809
58597
60398
62278
64128
66078
68146
70144
72276
74417
76587
78863
81192
83750
86222
88782
91466
94252
97205
100252
103298
106450
109773
113073
116471
120001
123597
127390
131250
135228
139295
143510
147953
152448
156993
161723
166493
171524
176705
182010
187668
193289
199146
205306
211606
217848
224463
231203
238294
245745
253303
261005
268927
277040
285488
294242
302986
312008
321647
331532
341549
352095
362848
373941
385189
397086
409112
421473
434450
447612
461193
475112
489551
504353
519554
535087
551287
568070
585397
603235
621590
640454
659736
679892
700572
721830
744158
766801
790195
814170
838615
864307
890709
917806
945606
974692
1004179
1034842
1066418
1098962
1132419
1166546
1202081
1238277
1276139
1314424
1354427
1395499
1437935
1481789
1526563
1572781
1620595
1669562
1720711
1772990
1827057
1882714
1939952
1998639
2059494
21228
21884
22568
23276
23984
24722
25441
26197
27000
27823
28713
29581
30477
31405
32281
33273
34302
35373
36468
37557
38679
39845
41007
42235
43487
44857
46181
47593
49010
50519
52027
53601
55287
56914
58643
60399
62197
64078
66092
68112
70151
72289
74435
76618
79023
81429
83954
86561
89154
91880
94642
97487
100491
103465
106581
109824
113064
116429
119895
123444
127119
131007
135030
139063
143274
147630
152137
156740
161547
166482
171545
176734
182155
187758
193357
199263
205337
211592
217865
224423
231296
238386
245684
253167
260795
268645
276758
285133
293599
302412
311489
320920
330642
340736
350988
361673
372501
383801
395479
407762
420226
433238
446526
460001
473917
488138
503008
518213
534049
550347
566926
584180
601975
620179
639051
658756
678640
699400
720359
742048
764609
787882
811972
836357
861872
887898
915036
942951
971580
1001344
1031777
1063229
1095668
1129013
1163457
1198540
1235019
1272278
1310981
1351151
1392091
1434052
1477635
1522696
1568996
1616789
1666156
1717229
1769584
1823323
1878299
1936090
1994841
2055128
21338
21963
22631
23304
24006
24709
25443
26224
27016
27822
28667
29544
30433
31358
32319
33302
34314
35307
36348
37490
38680
39828
41047
42346
43637
44951
46368
47861
49396
50856
52375
54048
55650
57330
59083
60921
62778
64779
66713
68754
70819
73015
75199
77442
79769
82190
84743
87277
89946
92642
95416
98280
101199
104266
107503
110691
114086
117559
121212
124830
128818
132748
136705
140965
145142
149507
154041
158709
163430
168317
173423
178816
184231
189908
195744
201669
207759
214038
220500
227204
234150
241198
248543
256316
264028
272052
280247
288642
297762
306722
315924
325536
335409
345475
355955
366898
378093
389548
401118
413381
425741
438744
452229
465793
480016
494505
509499
525106
541010
557573
574344
591740
609733
628199
647519
667341
687555
708375
730001
752249
774863
798312
822846
847636
873483
900063
927552
955671
984661
1014581
1045594
1077312
1109886
1143466
1178554
1214197
1250925
1289108
1328465
1369031
1410636
1453261
1497436
1543024
1589998
1638594
1688568
1739973
1792804
1847005
1903167
1961004
2020788
20595
21260
21902
22583
23284
23997
24743
25506
26273
27051
27846
28656
29481
30387
31308
32271
33290
34289
35272
36356
37441
38588
39768
40986
42203
43400
44715
46031
47483
48990
50461
52042
53622
55320
56933
58660
60408
62273
64253
66161
68075
70163
72309
74455
76790
79072
81476
83918
86461
89124
91841
94618
97429
100441
103431
106567
109847
113096
116548
120069
123725
127513
131294
135225
139386
143617
148024
152431
157162
161974
166985
171980
177229
182654
188120
193889
199832
206128
212275
218794
225492
232395
239443
246659
254230
261991
270012
278138
286542
295329
304258
313624
323255
332979
343099
353694
364585
375802
387296
398873
411002
423561
436477
449581
463293
477187
491898
506887
522395
538245
554770
571580
588761
606674
625362
644382
664023
684528
705404
727013
749072
771761
795290
819488
843979
869818
896388
923711
951567
980316
1010273
1040766
1072865
1105727
1139575
1174398
1209986
1246646
1284956
1323900
1364112
1405909
1448348
1492289
1537803
1584738
1632663
1682391
1733848
1786731
1840910
1897213
1955079
2014579
20812
21446
22108
22742
23425
24130
24856
25585
26360
27163
28062
28924
29764
30675
31620
32526
33493
34556
35650
36739
37794
38927
40117
41338
42553
43844
45135
46457
47907
49387
50904
52424
54056
55772
57451
59258
61056
63005
64950
66955
69015
71078
73261
75484
77827
80271
82815
85266
87823
90516
93211
96004
98856
101827
104883
108117
111399
114815
118257
121805
125503
129453
133411
137548
141666
146044
150415
154953
159484
164345
169345
174389
179816
185217
190823
196630
202625
208834
215242
221987
228719
235709
242762
250119
257658
265584
273641
282038
290628
299579
308774
318167
327933
337970
348164
358503
369553
380678
392456
404285
416586
429273
442578
456103
469926
484340
499114
514331
530063
546321
563055
580117
597974
616020
634826
654367
674285
694739
716127
738053
760338
783833
807766
832331
857655
883632
910672
938633
967202
996800
1027301
1058711
1091002
1124400
1158559
1193690
1230182
1268121
1306935
1346548
1387846
1430024
1473579
1518627
1565095
1613017
1662477
1713307
1765678
1819450
1874772
1931814
1990943
2051814
21101
21714
22368
23055
23733
24464
25194
25927
26740
27546
28478
29323
30201
31145
32145
33175
34156
35190
36257
37346
38436
39620
40850
42174
43511
44888
46235
47679
49189
50703
52293
53878
55529
57069
58803
60653
62487
64384
66294
68279
70363
72544
74756
77099
79500
81940
84423
87017
89670
92449
95236
98052
101011
104028
107170
110400
113852
117283
120814
124530
128406
132286
136214
140324
144567
148961
153540
158226
163013
168083
173074
178343
183696
189344
195137
201123
207327
213530
220126
226849
233613
240863
248138
255728
263489
271536
279825
288433
297168
306142
315347
325080
335075
345293
355805
366637
377831
389394
401372
413482
426133
439177
452483
466200
480451
495138
510144
525843
541997
558425
575549
592828
610796
629579
648660
668628
689056
709997
731697
753999
777153
800875
825278
850459
876461
903354
930850
958988
988259
1018483
1049681
1081808
1114905
1148965
1183880
1220226
1257193
1295491
1334754
1375526
1417464
1461409
1505868
1551999
1599069
1648027
1698012
1749934
1803044
1858028
1914839
1973284
2033441
20959
21611
22252
22906
23581
24328
25093
25831
26616
27459
28284
29135
30079
31028
31993
32917
33896
34933
36045
37199
38294
39429
40651
41854
43164
44475
45823
47211
48663
50110
51649
53240
54825
56523
58256
60032
61898
63750
65700
67641
69654
71823
74081
76297
78601
80928
83420
85974
88572
91341
94066
97012
100033
103041
106262
109475
112849
116267
119770
123469
127161
131131
135192
139421
143661
148045
152579
157294
161990
166980
172028
177299
182700
188328
193989
199830
205995
212130
218534
225414
232316
239411
246745
254355
262064
270007
278327
286931
295743
304625
313851
323430
333320
343644
354027
364807
375903
387317
399144
411294
424032
437013
450155
463693
477943
492568
507693
523278
539239
555717
572605
590107
608035
626216
645372
665050
685362
706271
727844
750329
773288
796791
821056
845978
871524
898262
926030
954244
983565
1013495
1044575
1076521
1109214
1143346
1178446
1214161
1251418
1289646
1329041
1369379
1411096
1454019
1498045
1543671
1590607
1639155
1689136
1740661
1793994
1848985
1905429
1963908
2023469
20864
21521
22182
22848
23553
24249
25000
25795
26590
27405
28278
29164
29987
30828
31773
32726
33748
34765
35798
36879
38025
39141
40366
41574
42855
44127
45460
46858
48276
49674
51208
52737
54308
55940
57622
59510
61346
63157
65138
67056
69094
71213
73316
75564
77903
80245
82718
85223
87848
90575
93454
96216
99146
102118
105224
108436
111723
115133
118558
122170
125960
129851
133855
137904
142087
146414
150686
155278
159999
164890
169980
175117
180482
186003
191731
197462
203506
209776
216205
222739
229527
236464
243559
250987
258587
266510
274729
283272
292052
300928
310208
319664
329469
339461
349704
360303
371304
382694
394100
406196
418422
431107
444166
457705
471861
486173
500915
516101
531872
548298
564833
582133
599794
618075
636925
656293
676390
696839
718100
739805
762429
785921
809823
834438
860039
886235
913242
941019
969644
999267
1029987
1061396
1093622
1126936
1161393
1196775
1233368
1270798
1309053
1349374
1390381
1432956
1476561
1521836
1568482
1616154
1664879
1715295
1767801
1821840
1877271
1934826
1994144
2054891
20880
21494
22135
22819
23500
24252
24979
25762
26572
27349
28192
29066
29937
30844
31741
32720
33653
34685
35734
36751
37888
39045
40299
41480
42816
44074
45365
46751
48174
49626
51143
52718
54302
56012
57695
59464
61312
63123
65075
