102646
105355
108195
111030
114010
117173
120309
123511
126859
130224
133627
137234
140853
144557
148480
152560
156694
160951
165176
169615
174201
178765
183514
188526
193574
198752
204147
209716
215398
221278
227240
233406
239758
246261
252946
259770
266803
273986
281545
289286
297186
305088
313262
321859
330648
339710
349117
358577
368109
378021
388529
399067
409720
420843
432255
444003
456078
468505
481132
494222
507595
521549
535697
550456
565560
581229
597091
613378
630200
647517
665206
683479
701896
721127
740747
761332
782045
803591
825666
848270
871682
895661
920148
945516
971525
998579
1025968
1054029
1083258
1113312
1144025
1176034
1208829
1242126
1276146
1311252
1347600
1384991
1423535
1462813
1503045
1544698
1587099
1631048
1676304
1722810
1770427
1819485
1870158
1922327
1975901
2030770
20956
21526
22163
22724
23384
24054
24719
25415
26158
26867
27595
28379
29241
30008
30835
31737
32599
33539
34500
35513
36513
37545
38541
39619
40679
41736
42888
44057
45297
46467
47764
49083
50461
51875
53343
54826
56381
57977
59560
61293
62959
64759
66594
68415
70296
72272
74266
76267
78342
80559
82764
85150
87559
89923
92455
95108
97764
100534
103334
106283
109397
112544
115814
119078
122435
125818
129425
133024
136886
140776
144766
148903
153059
157383
161867
166436
171183
175995
181015
186181
191494
196893
202487
208263
214237
220384
226798
233306
240021
246899
253945
261133
268618
276354
284279
292423
300760
309352
318368
327333
336735
346463
356425
366780
377331
388005
398933
410421
422180
434315
446709
459503
472594
486153
500088
514622
529663
545094
561100
577450
594290
611450
629254
647339
666032
685268
704987
725450
746601
768396
790694
813753
837260
861526
886726
912387
938579
965845
993955
1022783
1052552
1083038
1114435
1146767
1180005
1214104
1249624
1285925
1323660
1362045
1401586
1442318
1484657
1528129
1572144
1618155
1665350
1713759
1763864
1815443
1868324
1922684
1978722
2036392
20882
21465
22115
22800
23460
24169
24857
25580
26353
27122
27888
28693
29525
30412
31365
32290
33277
34254
35269
36318
37356
38487
39643
40825
41976
43198
44490
45808
47183
48575
49913
51361
52879
54439
55981
57535
59194
60954
62761
64585
66493
68485
70571
72632
74782
77056
79386
81769
84137
86639
89187
91828
94548
97507
100465
103422
106455
109588
112945
116276
119747
123371
126965
130641
134489
138561
142789
147123
151483
156041
160757
165528
170413
175548
180792
186272
191820
197635
203478
209709
215981
222371
229033
236034
243175
250335
257868
265607
273440
281751
290205
298813
307894
317109
326622
336549
346619
357003
367740
378770
390083
401720
413803
426165
439021
452276
465754
479665
494175
508934
524114
539933
556186
572979
590359
608083
626467
645546
664837
684995
705350
726849
749069
771797
795011
819035
843508
869098
895315
922311
949811
978330
1007710
1038149
1069669
1101770
1134836
1169008
1204124
1240839
1278097
1316636
1356457
1397275
1439428
1482861
1527358
1573933
1621381
1670300
1721061
1772811
1826211
1881888
1939092
1997761
2058411
21174
21830
22502
23183
23889
24548
25242
26035
26785
27552
28379
29205
30054
30952
31893
32856
33917
34960
36076
37165
38296
39478
40736
42018
43259
44625
45925
47331
48808
50276
51769
53312
54927
56633
58384
60213
62049
63975
65951
68036
70126
72243
74435
76698
79061
81514
83915
86424
89066
91883
94715
97619
100619
103622
106881
110098
113429
116877
120459
124076
127869
131701
135667
139832
144239
148623
153239
157961
162833
167889
173049
178416
184027
189683
195521
201613
207803
214203
220787
227789
234856
242047
249492
257139
264977
273026
281450
290162
299011
308314
317735
327590
337653
347934
358727
369719
381175
393150
405203
417672
430560
443858
457464
471603
486157
501139
516645
532647
549115
565897
583239
601152
619799
639088
658677
678950
699716
721081
743431
766524
790250
815014
840013
866133
892907
920244
948835
978056
1008360
1039645
1071895
1105084
1139395
1174391
1210808
1248007
1286479
1326136
1367256
1409731
1453073
1498125
1544127
1592588
1641852
1692799
1745132
1799390
1855073
1912390
1971875
2033716
20786
21425
22089
22783
23484
24223
24954
25754
26552
27359
28175
29040
29933
30882
31828
32840
33801
34851
35936
37010
38152
39281
40563
41798
43096
44412
45836
47257
48796
50365
51998
53575
55198
56942
58763
60578
62515
64454
66479
68487
70604
72796
75034
77338
79719
82175
84776
87398
90092
92893
95745
98766
101892
105068
108274
111649
115137
118799
122441
126269
130179
134249
138547
142850
147189
151744
156441
161354
166485
171739
177123
182632
188344
194220
200359
206620
213156
219852
226689
233896
241283
248846
256503
264469
272754
281235
290109
299320
308598
318141
328163
338594
349136
360146
371301
382957
394935
407493
420200
433534
447189
461324
476052
491133
506458
522297
538692
555692
573084
591130
609800
628923
648531
668783
689845
711364
733618
756848
780890
805553
830859
857049
884232
911794
940517
970114
1000575
1031782
1064358
1097668
1132543
1167927
1204748
1242796
1282221
1322642
1364393
1407328
1451557
1497602
1544759
1593519
1644067
1695907
1749046
1804092
1861015
1919857
1980264
2042841
21021
21671
22421
23151
23927
24658
25452
26222
27085
27965
28847
29711
30659
31579
32620
33656
34693
35823
36976
38174
39359
40665
41959
43307
44711
46117
47552
49076
50623
52184
53890
55604
57254
59023
60827
62690
64616
66721
68824
70984
73165
75492
77850
80295
82896
85523
88247
91051
93957
96891
99945
103156
106448
109822
113402
117022
120670
124448
128305
132464
136723
141114
145523
150178
154859
159762
164809
169857
175333
180956
186780
192616
198683
205073
211632
218360
225223
232369
239590
247250
255063
263199
271713
280361
289130
298475
307984
317773
327827
338241
349121
360264
371802
383624
395803
408570
421511
434962
448830
463046
477724
492983
508503
524607
541428
558708
576293
594706
613589
632927
652982
673708
695242
717304
740012
763598
788201
813157
839006
865967
893721
921990
951638
982146
1013515
1045991
1079130
1113780
1149404
1186061
1223816
1262960
1303301
1344246
1387373
1431820
1477366
1524435
1573333
1623529
1675549
1729255
1784391
1841859
1901006
1961878
2024406
20755
21463
22169
22878
23600
24328
25124
25905
26716
27585
28450
29397
30341
31341
32364
33436
34524
35580
36697
37851
39019
40270
41553
42938
44297
45710
47192
48661
50152
51806
53494
55197
56941
58760
60577
62562
64616
66637
68785
71038
73344
75581
77929
80505
83011
85752
88502
91337
94230
97242
100421
103656
106954
110439
113889
117552
121342
125101
129143
133279
137545
141983
146613
151379
156182
161140
166301
171667
177308
183124
188955
195136
201362
207778
214430
221384
228449
235914
243478
251480
259646
268051
276555
285598
294712
304286
313961
324016
334425
345177
356094
367713
379811
392000
404614
417627
431150
444865
459123
473958
489081
504846
521290
538039
555682
573324
591745
610749
630271
650767
671637
693226
715670
738723
762488
786852
812047
838217
865192
893033
921923
951654
982122
1013975
1046785
1080110
1114488
1150487
1187494
1225741
1265309
1306149
1347847
1391686
1436653
1483161
1530909
1580455
1631508
1684302
1738692
1794683
1852507
1912193
1973738
2037407
20950
21660
22351
23042
23757
24555
25343
26171
27013
27887
28832
29719
30666
31687
32735
33832
34959
36044
37261
38484
39699
40959
42277
43699
45085
46581
48104
49622
51227
52850
54557
56338
58156
60096
62074
64057
66086
68219
70517
72816
75172
77576
80120
82639
85272
88130
90898
93895
96929
99989
103167
106491
109840
113359
117034
120945
124847
129093
133319
137643
142086
146794
151499
156369
161457
166637
172016
177630
183266
189255
195422
201846
208461
215138
222096
229253
236710
244394
252294
260480
268856
277543
286479
295765
305351
315310
325805
336285
347139
358578
370146
381998
394440
407106
420417
434079
448018
462633
477560
493132
509282
525514
542363
559913
577911
596565
616050
636100
656760
678086
700364
723175
746739
770744
795898
821760
848357
875626
903989
933133
963775
994894
1026871
1060082
1094520
1129838
1166338
1204329
1243265
1283481
1325125
1368014
1412234
1458405
1505485
1554626
1605044
1657096
1710942
1766405
1823813
1882792
1943508
2006563
20567
21232
21966
22680
23437
24222
24979
25810
26666
27512
28430
29363
30338
31332
32320
33377
34506
35592
36741
37955
39128
40386
41680
42981
44364
45799
47295
48795
50433
52058
53749
55535
57347
59235
61173
63276
65361
67410
69613
71923
74242
76676
79259
81838
84543
87281
90075
93026
96061
99206
102509
105861
109353
112892
116561
120339
124284
128403
132534
136828
141322
145833
150648
155459
160477
165638
171114
176746
182441
188315
194421
200754
207230
214010
221085
228222
235783
243398
251440
259529
267944
276798
285695
294998
304444
314311
324571
335120
346021
357152
368866
380808
392918
405781
418859
432492
446832
461551
476757
492179
508193
524795
541889
559431
577745
596505
615946
635969
656845
678302
700390
723357
746912
771392
796654
822692
849375
877021
905417
935004
965459
996894
1029386
1062909
1097716
1133594
1170406
1208410
1247792
1288402
1330184
1373701
1418601
1464757
1512818
1562249
1612967
1665502
1719747
1775565
1833736
1893323
1954971
2018409
20897
21556
22261
22979
23727
24523
25326
26140
27009
27922
28860
29797
30769
31765
32784
33871
34989
36106
37258
38505
39740
40990
42281
43684
45089
46655
48230
49777
51398
53134
54835
56625
58410
60322
62312
64329
66376
68450
70671
72946
75321
77845
80460
83094
85854
88742
91677
94716
97828
101069
104301
107689
111238
114881
118700
122522
126586
130622
134951
139457
143915
148626
153595
158596
163704
169017
174519
180293
186299
192362
198688
205067
211730
218623
225697
233046
240647
248674
256929
265203
273811
282768
292100
301538
311452
321756
332350
343247
354541
366088
377932
390173
402961
416186
429890
443879
458380
473170
488418
504468
521020
537963
555430
573556
592278
611754
631732
652453
673747
695941
718314
741834
766065
791290
817181
843847
871420
899746
929286
959621
990946
1023347
1056663
1091076
1126892
1163915
1201718
1240941
1281655
1323716
1367120
1411933
1457954
1505821
1554926
1605968
1658229
1713059
1769114
1826974
1886787
1948849
2012961
20875
21546
22271
23044
23785
24594
25382
26264
27090
27977
28889
29847
30876
31835
32807
33861
34915
36056
37270
38489
39748
41049
42389
43734
45142
46541
48124
49665
51339
52991
54752
56521
58451
60329
62295
64223
66367
68596
70872
73158
75498
77956
80552
83214
85975
88803
91802
94890
97994
101260
104670
108111
111708
115274
118990
122972
127172
131347
135744
140045
144611
149298
154248
159307
164566
169914
175533
181302
187378
193681
200138
206726
213402
220331
227538
234965
242595
250626
258917
267331
276158
285025
294375
304035
313921
324253
334864
345771
357167
368813
380849
393095
406190
419359
433113
447244
461742
476792
492407
508435
525007
542258
559827
578312
597236
616837
637157
657979
679576
701863
724845
748386
772672
798013
823969
851132
879056
907711
937663
968330
999971
1032920
1066735
1101591
1137654
1174838
1213437
1253270
1294470
1336766
1380817
1426098
1472751
1521033
1571162
1622754
1676136
1730911
1787228
1845773
1906218
1968631
2033532
20978
21666
22390
23074
23842
24602
25381
26163
27061
27978
28882
29834
30834
31903
32924
34002
35117
36237
37451
38658
39951
41290
42594
43961
45387
46901
48423
50029
51616
53303
55080
56833
58663
60596
62615
64643
66768
68878
71131
73500
75947
78373
80979
83713
86431
89165
91985
95002
98195
101523
104938
108294
111922
115522
119374
123266
127329
131412
135727
140174
144702
149322
154238
159348
164537
169960
175433
181236
187180
193240
199560
206124
212957
219915
227016
234309
242039
250151
258356
266927
275762
284967
294259
303761
313630
323800
334372
345410
356747
368514
380667
393109
405966
419330
432856
447028
461807
477040
492700
508774
525126
542585
560504
578752
597608
617148
637252
658163
679591
701737
724854
748699
772888
798219
824346
851489
879387
907966
937825
968286
1000044
1032891
1066885
1101684
1138108
1175481
1213969
1253817
1294828
1337254
1381130
1426520
1473058
1521703
1571497
1622983
1676205
1731227
1787950
1846485
1907112
1969373
2034210
20865
21542
22237
22968
23738
24538
25280
26093
26923
27785
28702
29604
30587
31620
32585
33626
34704
35838
36984
38189
39452
40782
42143
43573
44967
46451
48060
49621
51287
52993
54759
56553
58433
60435
62434
64507
66606
68847
71145
73427
75887
78316
80898
83485
86207
89025
91937
94962
98060
101193
104576
107942
111565
115181
118943
122855
126988
131192
135554
140103
144679
149481
154450
159462
164740
170114
175786
181731
187679
193808
200126
206625
213479
220512
227685
235385
243153
251127
259333
267831
276685
285938
295156
304789
314737
325125
335780
346663
358053
369744
381914
394424
407120
420403
434112
448419
463147
478515
494327
510622
527566
544888
562725
581245
600450
620140
640633
661586
683410
705753
729080
752990
777753
803268
829835
857026
885206
914395
944456
975538
1007366
1040577
1075258
1110930
1147473
1185411
1224434
1265114
1307048
1350069
1394002
1439674
1486906
1535769
1586255
1637840
1691788
1747740
1805194
1865332
1927058
1990007
2055278
21526
22253
23033
23806
24601
25373
26165
27046
27931
28842
29800
30796
31830
32874
33971
35066
36220
37468
38753
40062
41359
42711
44106
45594
47124
48683
50214
51934
53638
55344
57126
59010
60975
62959
65073
67228
69496
71803
74198
76639
79053
81682
84325
87049
89916
92822
95828
98995
102213
105424
108926
112460
116060
119929
123908
128054
132313
136605
141116
145655
150442
155443
160507
165711
171156
176738
182427
188471
194735
200935
207455
214330
221294
228611
236172
243773
251725
260026
268630
277474
286573
295907
305685
315624
326051
336801
347888
359440
371220
383404
396023
408976
422400
436388
450748
465587
481070
497011
513301
530115
547327
565238
583755
603090
622977
643568
664643
686518
709137
732814
756870
781871
807352
833842
861543
889806
918884
949211
980313
1012636
1045770
1079893
1115130
1151654
1189482
1228948
1269295
1310865
1354288
1398783
1445015
1492816
1542233
1592854
1645142
1699670
1755399
1813093
1873243
1934408
1998038
2063977
21326
22023
22767
23524
24306
25096
25960
26850
27760
28711
29633
30662
31660
32691
33734
34852
36027
37252
38448
39702
40967
42339
43748
45158
46619
48153
49752
51373
53138
54902
56666
58593
60536
62550
64591
66724
68957
71184
73598
76033
78495
81012
83655
86406
89233
92303
95265
98454
101677
105045
108603
112160
115757
119484
123437
127417
131586
135898
140445
145027
149804
154652
159782
165011
170456
176083
181910
187720
193789
200102
206654
213390
220316
227581
234984
242715
250519
258720
267229
276181
285343
294588
304233
314241
324563
335222
346310
357540
369339
381456
394093
407058
420492
434215
448464
463197
478400
494155
510360
527081
544339
562295
580749
600013
619747
640127
661072
683116
705633
728742
752718
777701
803293
829504
856904
885421
914758
944717
976212
1008200
1041287
1075707
1110929
1147511
1185263
1224299
1264652
1306324
1349508
1393779
1439373
1486764
1535695
1586123
1638076
1691954
1747880
1805247
1864230
1925650
1989381
2055389
20995
21721
22447
23163
23935
24696
25528
26364
27228
28132
29034
30025
31038
32020
33029
34117
35214
36370
37509
38654
39938
41293
42676
44032
45500
46999
48590
50149
51802
53510
55226
57038
58901
60904
62998
65071
67158
69443
71731
74077
76493
78963
81549
84244
86983
89909
92884
95887
99118
102310
105731
109115
112680
116503
120411
124390
128455
132671
136970
141357
146034
150827
155803
160949
166234
171692
177232
183116
189255
195539
201946
208503
215337
222476
229837
237310
245240
253272
261480
269954
278731
287917
297556
307359
317333
327842
338556
349749
361465
373096
385511
398164
411246
424681
438686
453026
467924
483463
499529
515914
532667
550252
568452
587022
606422
626526
647172
668587
690604
713385
736806
761094
786072
812036
839068
866966
895612
924733
955113
986546
1019040
1052598
1087501
1123333
1160277
1198483
1237931
1279011
1321245
1364695
1409619
1455938
1503863
1553453
1604383
1657880
1712621
1768915
1827222
1887551
1949699
2013903
20915
21655
22384
23145
23869
24668
25476
26288
27175
28032
28978
29892
30824
31839
32862
33953
35080
36230
37412
38585
39780
41066
42438
43887
45352
46861
48302
49898
51517
53220
54956
56788
58709
60707
62641
64689
66741
68978
71221
73633
76078
78552
81158
83826
86619
89506
92414
95381
98468
101759
105072
108531
112072
115775
119565
123572
127701
131894
136380
140845
145608
150478
155378
160439
165679
171204
176793
182640
188697
194898
201353
208047
214873
221865
229267
236822
244549
252636
260886
269327
278027
287014
296569
306296
316235
326690
337526
348917
360402
372218
384405
397154
410313
423875
438053
452447
467516
482700
498552
514887
531828
549580
567712
586280
605696
625510
646345
667614
689667
712409
735911
760113
785005
810883
837731
865292
893570
922913
953215
984603
1016941
1050405
1085183
1120982
1157627
1196066
1235584
1276047
1318118
1361640
1406313
1452791
1500147
1549556
1600514
1653318
1707893
1763894
1822376
1882218
1944378
2008377
20591
21279
21994
22726
23423
24202
24987
25840
26676
27539
28454
29399
30314
31334
32356
33401
34454
35590
36744
37964
39258
40563
41936
43300
44727
46227
47691
49317
50987
52729
54522
56292
58187
60099
62124
64214
66317
68568
70855
73235
75623
78133
80716
83399
86208
88909
91852
94983
98129
101447
104874
108432
111997
115758
119494
123467
127479
131769
136129
140603
145265
150044
155063
160141
165473
170780
176568
182386
188283
194499
200836
207440
214315
221324
228479
236239
244017
251871
260236
268809
277517
286634
295983
305583
315652
325911
336757
347824
359371
371181
383505
396131
409229
422806
436681
451186
466143
481347
497378
513953
530595
548116
565982
584607
603750
623601
644192
665595
687550
710156
733441
757845
782832
808515
834951
862607
890932
920206
950683
981706
1013733
1047518
1081965
1117624
1154533
1192650
1232288
1273029
1315030
1358106
1403171
1449274
1496764
1546323
1597066
1649600
1703939
1760122
1818229
1877843
1939722
2003114
20790
21468
22201
22909
23697
24475
25211
26048
26935
27796
28682
29642
30674
31690
32729
33779
34907
36090
37312
38515
39754
41084
42457
43917
45381
46896
48366
49964
51614
53352
55085
56902
58794
60748
62722
64773
66970
69123
71381
73727
76130
78584
81121
83845
86551
89466
92420
95375
98551
101720
105102
108577
112182
115758
119582
123542
127605
131895
136348
140948
145521
150374
155329
160502
165775
171181
176842
182766
188874
195186
201563
208084
214830
221939
229281
236861
244823
252737
261067
269612
278608
287913
297260
307062
316982
327672
338489
349516
360939
372749
385196
398075
411295
424760
438711
452987
467901
483188
499115
515462
532443
549863
567982
586628
605995
625770
646395
667735
689632
712267
735945
760333
785335
811097
837773
865330
893773
923089
953625
985118
1017386
1050942
1086078
1121723
1158821
1196815
1236633
1277401
1319475
1362961
1408198
1454625
1502295
1551754
1603028
1656007
1710467
1767079
1825320
1885615
1947771
2011594
20804
21463
22187
22945
23676
24439
25237
26046
26883
27756
28661
29634
30594
31655
32691
33723
34803
35916
37070
38288
39561
40861
42187
43621
45015
46556
48084
49726
51379
53063
54844
56684
58574
60417
62404
64465
66555
68732
71120
73477
75871
78380
80944
83677
86424
89272
92187
95248
98453
101718
104930
108302
111807
115455
119358
123262
127335
131468
135777
140251
144896
149600
154497
159526
164809
170251
175762
181591
187511
193535
199875
206459
213086
220009
227281
234846
242537
250385
258458
266999
275798
284979
294473
304043
314225
324455
335008
346006
357462
369323
381520
394051
407082
420480
434206
448444
463199
478375
494224
510656
527395
544883
563034
581789
600859
620504
640933
662086
684131
706797
730029
754227
778949
804521
831008
858387
886878
916098
946415
977510
1009662
1042764
1076932
1112683
1149514
1187408
1226291
1266755
1308715
1351854
1396697
1442940
1490368
1539410
1589773
1642320
1696534
1752779
1810290
1869962
1931344
1995081
2060539
20976
21660
22379
23151
23872
24610
25393
26226
27073
27937
28877
29789
30748
31780
32823
33925
35074
36227
37393
38650
39885
41263
42633
44052
45547
47059
48641
50250
51912
53620
55361
57175
59117
61043
63011
65098
67252
69539
71833
74224
76702
79322
81925
84587
87402
90369
93303
96329
99347
102695
106063
109569
113108
116897
120817
124766
128843
133080
137552
142060
146814
151511
156533
161748
167012
172477
178212
184092
190173
196474
202948
209718
216714
223770
231083
238805
246630
254705
263151
271770
280726
290206
299815
309761
320005
330375
341272
352613
364264
376306
388919
401701
414982
428871
443028
457532
472437
488060
503945
520544
537884
555734
574042
592754
612228
632417
653394
674742
697219
720202
743999
768482
793759
820170
847233
875037
903866
