102548
105160
107817
110524
113354
116237
119136
122205
125257
128420
131626
135068
138438
141896
145415
148983
152623
156416
160346
164481
168661
172872
177269
181638
186249
190920
195595
200429
205600
210831
216152
221728
227353
233037
239093
245040
251217
257454
264037
270560
277395
284582
291783
299105
306783
314500
322579
330789
339335
348024
356690
365815
375338
385099
395054
405312
415530
426157
437138
448413
459822
471647
483772
495973
508619
521832
535140
549061
563069
577689
592644
608183
623848
639904
656337
673318
690691
708801
726824
745591
764906
784594
804832
825650
846947
868896
891318
914442
938194
962262
987264
1013129
1039364
1066342
1094011
1122527
1151627
1181848
1212520
1243988
1276289
1309505
1343841
1379135
1415198
1452146
1489981
1528903
1568854
1610122
1652322
1695622
1739813
1785333
1832241
1880303
1929344
1979984
2032281
20933
21476
22023
22597
23187
23784
24390
25024
25699
26397
27056
27766
28510
29226
29998
30768
31561
32379
33223
34103
34917
35838
36828
37791
38792
39834
40893
41979
43065
44204
45446
46711
47941
49196
50486
51930
53309
54693
56206
57622
59119
60653
62234
63832
65559
67365
69142
70994
72919
74879
76884
78966
81069
83285
85524
87818
90209
92607
95140
97701
100348
103001
105845
108825
111792
114803
117875
121040
124272
127713
131174
134653
138197
141919
145752
149728
153684
157952
162168
166691
171287
175988
180713
185695
190520
195711
200963
206403
211877
217549
223399
229477
235776
242143
248744
255599
262662
269785
277239
284872
292449
300391
308507
316939
325622
334442
343469
352742
362397
372415
382600
393110
403791
414830
425969
437467
449185
461417
473902
486804
500012
513714
528065
542554
557328
572568
588286
604276
620642
637489
654865
673001
691324
709956
729411
749354
769715
790603
812364
834726
857984
881634
905819
930856
956298
982432
1009470
1037048
1065484
1094533
1124730
1155380
1187239
1220037
1253571
1287920
1323354
1359903
1397039
1435111
1474981
1515341
1557338
1600404
1644611
1689927
1736658
1784520
1833815
1884512
1936385
1989917
2044880
21233
21799
22403
23027
23658
24353
25057
25738
26379
27099
27807
28606
29393
30144
30981
31833
32717
33660
34580
35580
36519
37601
38602
39648
40702
41786
42913
44114
45334
46683
47971
49331
50693
52038
53469
54979
56523
58023
59643
61338
63029
64760
66544
68415
70307
72255
74242
76315
78487
80720
83029
85351
87736
90191
92746
95311
97997
100782
103667
106582
109599
112652
115906
119168
122540
126038
129563
133332
137118
140925
144894
149044
153268
157813
162269
166949
171810
176766
181784
186968
192369
197865
203459
209127
214941
220881
227217
233628
240216
246975
253876
261046
268386
276039
283761
291627
299811
308184
316836
325616
334747
344283
353976
364039
374405
385096
396008
407213
418768
430498
442772
455421
468240
481482
495039
508922
523266
538052
553117
568759
585137
601635
618689
636269
654487
673104
692236
711865
731949
752441
773885
795854
818577
841790
865663
890302
915677
941916
968591
996259
1024508
1053821
1083922
1114652
1146413
1178833
1212336
1246649
1281886
1318556
1356550
1395067
1434988
1475809
1518025
1561213
1606194
1652136
1699724
1748642
1798277
1849662
1902664
1957241
2013230
20514
21086
21668
22267
22939
23624
24279
24957
25682
26430
27122
27987
28756
29616
30446
31346
32225
33130
34064
35059
36044
37129
38176
39231
40305
41434
42626
43858
45116
46392
47762
49161
50577
52035
53493
54998
56544
58231
59917
61621
63408
65257
67152
69048
70983
73065
75137
77295
79491
81827
84125
86496
89085
91615
94429
97180
99938
102836
105743
108729
111919
115091
118373
121818
125363
128923
132626
136553
140584
144685
148935
153236
157725
162230
166961
171689
176632
181817
187035
192488
197942
203698
209712
215809
222125
228660
235274
241920
249022
256156
263555
271207
278967
287118
295413
303884
312797
322067
331507
340893
350889
360911
371379
382253
393381
404950
416615
428750
441237
454113
467449
481150
495155
509426
524187
539341
555043
571349
587873
604785
622345
640368
658825
678053
697941
718451
739342
760808
783136
805804
829170
853376
878270
904068
930629
957896
986018
1014754
1044385
1074926
1106097
1138227
1171448
1205469
1240656
1276977
1314675
1352657
1392282
1433063
1475031
1518268
1562699
1608490
1655832
1704451
1754482
1806153
1859085
1913424
1969566
2027319
20946
21544
22170
22840
23508
24213
24906
25642
26413
27203
28014
28845
29625
30479
31384
32293
33216
34228
35257
36293
37306
38442
39582
40732
41935
43149
44386
45710
47005
48408
49858
51286
52789
54328
55915
57582
59241
61037
62804
64709
66665
68503
70561
72618
74723
77016
79250
81675
84117
86635
89228
91958
94704
97461
100437
103446
106468
109588
112814
116109
119490
123031
126643
130478
134300
138292
142413
146625
151036
155515
160101
164952
169818
174799
179884
185260
190722
196512
202389
208504
214578
221052
227601
234380
241454
248554
255929
263561
271452
279529
287846
296530
305240
314323
323644
333379
343317
353542
364000
374806
386003
397560
409206
421514
434196
447144
460356
474259
488192
502890
518088
533559
549405
565935
582644
599829
617818
636414
655248
674843
695043
715609
737426
759369
781973
805436
829297
854224
879816
906060
933280
961133
989842
1019733
1050168
1081822
1114387
1148161
1182585
1217827
1254497
1292020
1330452
1370326
1411222
1453460
1497116
1541984
1588466
1636575
1685757
1736623
1788955
1842834
1898213
1955436
2014117
20790
21387
22066
22745
23453
24127
24801
25539
26305
27075
27902
28726
29605
30553
31505
32509
33486
34500
35491
36604
37750
38864
40070
41246
42508
43780
45086
46464
47815
49262
50715
52192
53759
55410
57087
58767
60590
62400
64267
66214
68274
70361
72468
74714
76880
79228
81647
84152
86656
89262
91948
94791
97743
100748
103880
107000
110220
113506
116895
120463
124197
128010
131838
135910
140064
144457
148838
153403
157911
162838
167865
172984
178215
183620
189109
194757
200693
206735
212969
219393
226186
233123
240221
247604
255027
262768
270758
279296
287837
296632
305650
315033
324503
334542
344642
354905
365755
376825
388339
400268
412500
425051
437958
451373
465012
479195
494011
509291
524918
541044
557727
574616
592217
610306
628835
647956
667765
688195
709406
731143
753738
776870
800517
824984
850221
876179
902897
930768
959420
989158
1019325
1050499
1082403
1115664
1149815
1185083
1221416
1258935
1297869
1337545
1378656
1420911
1464466
1509031
1555194
1602913
1652321
1703031
1755337
1809154
1864324
1921686
1980736
2041813
20954
21606
22247
22935
23623
24326
25108
25900
26764
27520
28387
29236
30146
31107
32116
33111
34114
35209
36323
37432
38576
39757
40983
42231
43515
44816
46137
47596
49060
50586
52162
53813
55460
57125
58932
60793
62702
64676
66658
68685
70826
72975
75355
77737
80234
82748
85263
87906
90609
93396
96320
99265
102402
105580
108783
112186
115632
119198
122844
126567
130446
134316
138438
142749
147260
151702
156403
161167
166128
171245
176569
182131
187968
193959
200050
206342
212594
219192
225962
233067
240291
247622
255305
263350
271304
279843
288507
297430
306585
316140
325971
336047
346562
357379
368607
380209
391961
404191
416692
429574
442906
456698
470853
485582
500854
516505
532487
549421
566434
583898
602038
620797
640206
660448
681023
702132
723897
746445
769614
793800
818738
844320
871028
898057
926157
955016
984835
1015422
1046955
1079685
1113581
1148170
1184268
1221380
1259743
1299066
1339886
1382051
1425353
1469958
1516014
1563179
1612138
1662252
1714611
1768225
1824065
1881364
1940349
2000868
20650
21336
21998
22676
23394
24104
24884
25644
26426
27292
28094
28962
29884
30835
31792
32836
33797
34855
35941
37116
38278
39448
40653
41992
43274
44678
46058
47436
48838
50428
52039
53686
55408
57102
58863
60694
62600
64551
66568
68740
70908
73200
75486
77803
80299
82863
85523
88259
91037
93822
96714
99734
102865
106163
109425
112905
116330
119974
123800
127688
131726
135933
140168
144524
149151
153848
158711
163728
168996
174343
179838
185445
191321
197287
203555
209846
216433
223350
230558
237907
245287
252898
260868
269024
277613
286319
295271
304475
314232
324188
334444
345109
355963
367309
379111
391288
403729
416635
429784
443263
457408
471891
486739
502094
517768
534136
550998
568147
586081
604647
623785
643349
663714
684634
706270
728649
751695
775598
799863
825231
851415
878497
906266
935098
964700
995075
1026303
1058944
1092521
1126693
1161998
1198740
1236768
1275889
1316321
1358123
1401049
1445446
1490935
1537911
1586620
1636730
1688839
1741731
1797249
1853891
1912639
1973080
2035496
20915
21586
22280
22921
23635
24380
25145
25937
26749
27613
28449
29396
30301
31282
32238
33283
34348
35468
36591
37758
39012
40225
41437
42744
44057
45528
46957
48439
50028
51532
53179
54844
56664
58454
60387
62311
64325
66361
68479
70736
72978
75320
77771
80132
82664
85339
88116
90951
93839
96804
99896
102977
106188
109522
112947
116490
120175
123904
127888
132075
136315
140587
145079
149631
154352
159184
164165
169343
174667
180113
185846
191753
197702
203986
210506
217203
224088
231243
238628
246142
253916
262045
270371
279048
287958
297079
306470
316428
326516
336953
347583
358505
369694
381329
393437
406135
418878
432216
445621
459841
474602
489632
505429
521387
537888
554847
572445
590870
609720
629238
649623
670239
691615
713788
736760
760200
784374
809115
834755
861398
888917
917425
946869
977287
1008547
1040993
1074522
1108846
1144199
1180401
1218099
1257121
1297320
1338847
1381738
1425472
1471191
1518340
1566946
1616700
1667884
1721373
1776144
1832963
1891459
1952295
2014662
20976
21650
22324
23015
23812
24606
25375
26239
27060
27949
28822
29743
30699
31734
32757
33843
34885
36002
37108
38306
39520
40810
42079
43410
44712
46169
47657
49231
50804
52411
54131
55809
57607
59466
61378
63389
65310
67436
69608
71875
74175
76553
78959
81485
84068
86827
89640
92507
95434
98446
101699
104925
108233
111709
115322
119115
122827
126726
130764
134981
139454
143797
148434
153319
158031
163124
168491
174047
179558
185416
191349
197520
203720
210196
216982
223908
231167
238530
246101
254062
262049
270546
279212
288267
297573
307121
316884
326901
337369
348247
359576
371052
382963
395243
408067
420881
434713
448573
462872
477688
492980
508710
525184
541908
559111
577259
595937
615009
634864
655350
676282
697783
720302
743502
767331
791998
817458
843673
870658
898672
927456
957441
988046
1019728
1052603
1086319
1121318
1157118
1194376
1232857
1272311
1313376
1355107
1398601
1443708
1490092
1538078
1587522
1638714
1691098
1745396
1801524
1859720
1919206
1980590
2044417
21059
21768
22475
23213
23943
24676
25446
26204
27028
27919
28832
29767
30755
31752
32753
33795
34873
36053
37262
38438
39658
40997
42270
43550
44971
46471
47991
49476
51068
52665
54289
56082
57928
59806
61837
63814
65821
67945
70194
72506
74857
77258
79619
82247
84855
87516
90271
93091
96122
99286
102457
105806
109185
112614
116180
120071
123894
127882
131960
136255
140615
145161
149881
154722
159699
164817
170279
175861
181501
187210
193331
199519
205861
212592
219444
226413
233816
241292
249117
257079
265421
273943
282853
291807
301093
310891
321050
331333
341939
353020
364363
375955
387858
400416
413361
426609
440578
454864
469464
484692
500360
516397
533271
550528
568200
586446
605415
625192
645221
666010
687342
709216
731958
755661
779989
805302
831336
858263
885938
914380
943848
974172
1005381
1037728
1071284
1105970
1141631
1178377
1216413
1255573
1295889
1337739
1380543
1424980
1471081
1518662
1567280
1617859
1670085
1723935
1779788
1837438
1896688
1957556
2020548
20648
21330
22047
22751
23483
24217
24996
25811
26694
27554
28381
29314
30185
31140
32129
33148
34232
35351
36526
37746
38914
40187
41551
42884
44279
45702
47135
48718
50316
51966
53595
55291
57135
58943
60845
62915
64881
66924
69092
71266
73593
75964
78386
80938
83624
86363
89088
91983
94944
97991
101188
104362
107701
111150
114721
118449
122265
126178
130313
134583
139010
143558
148036
152777
157803
162723
168040
173622
179219
184980
191069
197297
203726
210192
217020
224035
231286
238732
246311
254345
262562
271092
279883
288874
298208
307949
317843
327946
338592
349612
360872
372640
384835
397281
410104
423063
436525
450435
465086
480163
495696
511780
528412
545774
563547
581647
600535
619946
639635
660125
681811
703788
726657
750186
774472
799570
825370
852088
879287
907573
936973
967128
998484
1030705
1063768
1098492
1134147
1170606
1208045
1247003
1287026
1328195
1371090
1415172
1461071
1508293
1556857
1607329
1659130
1712969
1768648
1825800
1884875
1946100
2008809
20769
21448
22132
22790
23535
24359
25136
25957
26812
27687
28574
29513
30480
31502
32544
33551
34603
35764
36936
38102
39332
40608
41850
43155
44517
45987
47526
49076
50554
52200
53850
55539
57392
59311
61144
63141
65126
67260
69432
71674
74022
76372
78793
81414
84001
86802
89692
92661
95758
98908
102146
105394
108868
112420
116043
119765
123612
127552
131620
135936
140409
144892
149652
154503
159560
164664
170030
175452
181091
186928
192867
199147
205538
212120
219004
226188
233446
240879
248744
256755
264968
273570
282358
291431
300964
311049
321062
331505
342203
353312
364827
376700
388899
401490
414260
427467
441168
455423
470227
485423
501037
517420
534194
551567
569548
587839
606879
626556
647044
668102
689855
712335
735500
759350
783891
809547
835844
863309
890978
920207
950214
980620
1012518
1045469
1079409
1114586
1150471
1187759
1226506
1266307
1307026
1349446
1393188
1438112
1484535
1532477
1581770
1632613
1685316
1739967
1796377
1853890
1914110
1975811
2039899
21476
22136
22857
23583
24314
25121
25961
26757
27656
28531
29440
30380
31342
32360
33449
34625
35712
36881
38062
39285
40568
41870
43224
44640
46071
47529
48975
50607
52273
53958
55763
57480
59366
61328
63313
65252
67385
69537
71756
74173
76603
79050
81580
84228
86945
89759
92649
95669
98725
101885
105220
108657
112246
115872
119643
123588
127554
131665
135955
140379
144882
149573
154514
159481
164649
170148
175567
181198
187027
193027
199316
205710
212357
219329
226455
233852
241438
249302
257377
265836
274488
283399
292535
302077
311726
322009
332421
343295
354423
365986
377698
390097
402696
415587
428999
442851
457182
471997
487280
503180
519503
536178
553364
571133
589501
608667
628445
649008
670241
691957
714215
737361
761173
785769
811394
837793
864981
893019
921846
951540
982269
1014005
1046815
1080711
1115726
1151584
1188940
1227181
1266819
1307084
1349561
1393545
1438629
1484857
1533500
1583141
1634375
1687627
1742316
1798605
1856797
1917179
1979323
2044027
21207
21921
22642
23369
24139
24951
25741
26618
27465
28317
29240
30160
31196
32234
33317
34358
35453
36611
37865
39118
40398
41662
42994
44449
45839
47351
48892
50399
52061
53758
55443
57247
59089
61073
63065
65030
67165
69305
71578
73876
76374
78880
81407
84015
86830
89608
92558
95545
98574
101691
104918
108315
111869
115583
119357
123278
127200
131310
135515
139898
144507
149070
153852
158869
164038
169357
174796
180526
186389
192407
198587
204996
211515
218375
225458
232839
240371
248218
256114
264507
273159
281964
291055
300475
310314
320436
330816
341727
352902
364522
376268
388191
400851
413806
427337
441251
455482
470514
485654
501523
517744
534560
551970
570233
588640
607699
627276
647471
668617
690317
712506
735523
759352
784037
809244
835470
862436
890276
918948
948681
979389
1010978
1043727
1077199
1112171
1148228
1185747
1223797
1263392
1304121
1346390
1389899
1435185
1481865
1529702
1579496
1630735
1683709
1738386
1794899
1852816
1912788
1975104
2039354
20815
21464
22180
22896
23608
24380
25162
25951
26779
27668
28547
29452
30510
31478
32468
33508
34602
35657
36828
38063
39340
40528
41846
43248
44660
46192
47702
49290
50906
52501
54167
55991
57838
59714
61562
63556
65619
67739
69984
72218
74534
76952
79407
81851
84562
87260
90148
92978
95947
99005
102256
105558
108942
112460
116153
119888
123823
127877
132126
136454
140888
145540
150220
155048
160017
165298
170642
176121
181934
187841
193957
200224
206667
213448
220377
227539
234930
242563
250256
258298
266756
275517
284526
293853
303476
313288
323490
334196
345035
356248
367675
379615
392017
404729
417785
431278
445389
459957
474852
489928
505663
522011
539022
556476
574805
593409
612865
632953
653501
674719
696651
719220
742275
766248
791073
816907
843576
870649
898707
927946
958090
988584
1020492
1053442
1087702
1123023
1159528
1197322
1235838
1275692
1317243
1360207
1404009
1449742
1496353
1545195
1595047
1646697
1699991
1755163
1812132
1870580
1931331
1994124
2058788
21131
21815
22544
23242
23973
24770
25613
26452
27307
28221
29169
30142
31123
32156
33194
34264
35402
36534
37771
38957
40253
41558
42871
44253
45763
47273
48832
50461
52069
53708
55390
57153
58959
60838
62770
64810
66938
69150
71332
73560
75898
78313
80788
83369
86083
88906
91815
94763
97858
101084
104389
107784
111262
114814
118582
122309
126353
130548
134754
139238
143731
148412
153193
158126
163163
168331
173784
179440
185183
191125
197309
203608
210144
216965
223850
231082
238560
246338
254304
262606
271163
280021
289213
298482
308074
318101
328492
339201
349959
361380
373106
385108
397676
410610
423958
437647
451816
466373
481450
497231
513531
530180
547247
565056
583418
602144
621666
641750
662687
683743
705993
729047
752512
776765
801980
827863
854767
882644
911285
941119
971585
1003047
1035584
1069624
1104382
1140287
1177159
1215043
1254741
1295244
1337232
1380880
1425546
1472055
1519881
1569064
1620042
1672439
1726502
1782965
1840784
1900443
1962061
2025991
20694
21387
22078
22776
23517
24260
25082
25919
26755
27593
28575
29510
30411
31380
32425
33439
34538
35635
36835
37986
39181
40421
41748
43133
44579
46052
47504
49057
50655
52293
53981
55746
57570
59508
61411
63467
65448
67625
69800
72065
74420
76723
79224
81797
84415
87096
89933
92858
95843
98913
102243
105492
108967
112536
116209
119964
123829
127922
132001
136209
140588
145075
149771
154509
159637
164865
170216
175748
181545
187473
193542
199756
206316
212928
219864
227012
234276
241902
249748
258037
266453
274973
283755
293025
302437
312403
322531
333006
343836
354912
366469
378272
390426
403191
416223
429558
443627
458038
472888
488355
504332
520780
537538
554840
572887
591474
610511
630465
650866
671786
693569
716223
739394
763476
788198
813588
839895
867179
895252
924423
954437
985260
1017241
1050345
1084443
1119541
1156065
1193405
1232025
1272385
1313685
1356180
1400125
1445105
1491746
1540264
1590129
1641222
1694457
1749006
1805376
1864005
1923721
1986092
2050157
21360
22042
22727
23467
24201
25003
25777
26587
27424
28282
29217
30126
31083
32123
33112
34111
35208
36345
37467
38667
39933
41274
42646
44111
45488
46989
48475
50038
51672
53295
55087
56906
58755
60734
62741
64844
66942
69081
71334
73670
76110
78534
81107
83637
86245
89187
92129
95150
98211
101399
104653
108066
111472
115075
118836
122668
126729
130839
135128
139422
143902
148576
153398
158397
163518
168820
174448
180091
185981
192058
198169
204542
211223
218092
225241
232712
240174
247950
256058
264397
273072
281866
290981
300419
310068
320068
330582
341246
352411
363612
375496
387722
400415
413297
426559
440415
454759
469471
484581
500334
516661
533181
550546
568365
586726
605573
625504
645606
666604
688221
710883
733910
757919
782908
808063
834239
861108
889064
917703
947601
978420
1010238
1043058
1076894
1111824
1147906
1185012
1223395
1263175
1304190
1346620
1390797
1435925
1482581
1530654
1580536
1631936
1684642
1739493
1795969
1854032
1914474
1976744
2041113
21013
21684
22395
23123
23838
24626
25386
26184
27066
27913
28809
29705
30685
31665
32735
33819
34937
36074
37248
38491
39755
41043
42336
43668
45063
46537
48050
49599
51273
52960
54612
56418
58258
60127
62081
64088
66171
68348
70598
72947
75307
77735
80205
82777
85472
88290
91255
94237
97262
100447
103707
107098
110551
114161
117965
121747
125643
129643
133941
138256
142808
147366
152158
156949
162078
167387
172861
178421
184270
190263
196354
202717
209261
216013
223094
230433
237839
245654
253453
261586
270124
278881
287899
297299
307074
317040
327363
338138
349067
360329
372121
384301
396802
409714
422969
436409
450816
465370
480649
496336
512326
528950
545979
563595
582085
600932
620682
640497
661118
682535
704781
727477
750916
775288
800459
826474
853187
880754
909036
938376
968810
1000061
1032412
1066251
1101055
1136792
1173710
1212057
1251635
1292251
1334318
1377957
1422983
1469233
1517413
1566375
1617239
1669577
1724117
1780216
1838047
1897634
1959473
2022934
20646
21338
22018
22723
23414
24161
25012
25839
26655
27436
28287
29200
30168
31152
32195
33224
34306
35348
36488
37591
38857
40130
41410
42812
44235
45665
47179
48697
50327
51926
53581
55302
57180
