102462
104972
107520
110151
112929
115795
118637
121624
124659
127754
131035
134255
137610
141083
144601
148361
151993
155841
159635
163687
167972
172202
176666
181136
185790
190538
195293
200269
205408
210600
216107
221719
227343
233158
239068
245230
251398
257804
264241
270977
277903
284967
292142
299719
307347
315192
323075
331294
339674
348293
357092
366257
375445
385009
394752
404851
415113
425657
436536
447763
459110
470988
483226
495594
508290
521542
535011
548704
562780
577228
592198
607603
623310
639473
656250
673147
690391
708344
726648
745118
764415
784231
804412
825087
846476
868685
891086
914241
937873
962221
987362
1013201
1039786
1066358
1093985
1122725
1151815
1181648
1212332
1244010
1276252
1309434
1343567
1378474
1414643
1451452
1489237
1528597
1568553
1609337
1651240
1694692
1738906
1784172
1831046
1879276
1928603
1979088
2031049
21099
21646
22228
22830
23440
24044
24688
25363
26033
26653
27363
28033
28719
29513
30243
31078
31904
32736
33575
34479
35389
36356
37322
38306
39308
40410
41508
42577
43740
44888
46056
47293
48534
49815
51143
52432
53821
55333
56788
58324
59920
61518
63164
64872
66556
68402
70176
72051
73885
75878
77963
80040
82082
84300
86584
89009
91359
93778
96330
98871
101473
104142
106941
109816
112742
115675
118715
121872
125105
128455
131938
135454
139123
142788
146583
150643
154847
158958
163137
167510
172084
176804
181691
186548
191724
196825
202149
207385
213034
218802
224760
230965
237344
243783
250492
257279
264344
271571
278902
286556
294429
302294
310357
318858
327540
336341
345407
354912
364485
374484
384585
395023
405891
416878
428207
439774
451644
464002
476563
489437
502782
516496
530600
545231
560116
575516
591349
607535
624246
641311
658731
676758
695214
714158
733760
753651
774302
795540
817311
839934
862748
886625
911167
936051
961688
987964
1015387
1042898
1071672
1101179
1131128
1162492
1194533
1227415
1260878
1295617
1331227
1367609
1405244
1444059
1483893
1524535
1566472
1609662
1654138
1699506
1746173
1794184
1843720
1894651
1946531
2000203
20727
21277
21837
22441
23045
23690
24348
25068
25728
26448
27167
27903
28696
29494
30309
31161
31987
32843
33741
34687
35659
36624
37653
38729
39855
40948
42121
43319
44547
45813
47107
48410
49763
51249
52668
54180
55682
57256
58768
60392
62116
63861
65744
67642
69466
71302
73283
75332
77503
79686
81923
84188
86641
88989
91455
94002
96639
99406
102216
105118
108014
111052
114152
117284
120499
123790
127207
130776
134437
138157
142043
146009
150138
154282
158612
162935
167599
172287
177146
182096
187260
192425
197891
203374
209193
214959
220884
227089
233379
240012
246910
253741
260822
268201
275596
283507
291447
299661
308017
316790
325688
334763
344217
353870
363753
374086
384693
395530
406737
418379
430273
442472
454931
467739
480979
494345
508660
522810
537646
552866
568558
584564
601148
618114
635535
653291
671861
690745
710280
730253
750877
771963
793703
816093
839281
863284
887560
912801
938585
965305
992354
1020213
1049187
1078681
1109344
1140770
1172988
1206558
1241116
1276295
1312578
1349836
1388393
1427667
1467901
1509639
1552415
1596606
1642029
1688439
1736077
1785651
1836640
1888855
1943238
1999118
2055893
20993
21575
22196
22818
23502
24170
24827
25568
26261
27038
27761
28618
29452
30322
31250
32136
33022
33937
34912
35867
36922
37990
39039
40191
41340
42473
43685
44930
46240
47596
48886
50260
51723
53277
54781
56398
57988
59637
61316
63010
64840
66701
68660
70647
72651
74692
76820
79060
81264
83591
85978
88397
90861
93417
96082
98784
101641
104607
107649
110725
113880
117135
120543
123982
127569
131258
135085
139004
143005
147149
151342
155676
160116
164742
169286
174133
179000
183995
189295
194727
200501
206366
212289
218424
224675
231089
237992
244881
251796
258995
266564
274365
282394
290473
298966
307547
316624
325848
335363
345159
355308
365845
376409
387428
398806
410271
422174
434381
446991
460076
473347
487061
501302
515933
530922
546425
562301
578664
595583
613020
630707
648950
667930
687119
707021
727642
748934
770710
793301
816242
839987
864468
889815
915608
941980
969302
997492
1026403
1056517
1087350
1119201
1151834
1185167
1219860
1255519
1291825
1329295
1368360
1408203
1449215
1491528
1535514
1580128
1626332
1673899
1722770
1773059
1824879
1878213
1933170
1989922
2048160
21246
21844
22471
23132
23837
24535
25256
26003
26726
27488
28310
29107
29916
30837
31717
32641
33571
34560
35575
36640
37741
38825
39937
41189
42392
43570
44835
46196
47547
49048
50466
51895
53382
55000
56635
58316
60059
61865
63717
65600
67576
69706
71737
73792
75968
78183
80571
82962
85422
87907
90618
93242
95956
98780
101600
104558
107698
110975
114253
117541
121039
124698
128304
132136
136033
140074
144311
148606
153015
157526
162148
166824
171843
176874
181972
187299
192893
198687
204624
210663
216860
223366
230022
236766
243746
250896
258277
265910
273735
281923
290315
298959
307925
317000
326663
336259
346216
356561
367020
377828
389188
400748
412833
425020
437496
450522
463847
477595
491661
506200
521249
536802
552541
568834
585708
603183
621163
639798
658909
678561
698821
719609
741017
762982
785679
809185
833332
858208
883632
910011
937166
964950
993479
1023281
1053969
1085626
1118118
1151367
1185471
1220703
1257305
1294932
1333759
1373582
1414364
1456394
1499742
1544779
1590695
1638434
1687547
1737903
1789920
1843507
1898454
1955687
2014071
20948
21580
22252
22953
23610
24337
25039
25773
26550
27319
28118
29006
29877
30743
31622
32600
33608
34551
35550
36559
37696
38748
39896
41065
42322
43643
44899
46246
47608
49047
50515
52067
53702
55381
57050
58767
60533
62340
64209
66175
68097
70170
72263
74436
76657
78973
81413
83868
86488
89142
91816
94621
97497
100383
103488
106655
109960
113243
116696
120241
123836
127536
131328
135301
139366
143748
148088
152557
157290
162033
166810
171928
177262
182561
188215
193959
199937
206091
212456
218805
225405
232369
239480
246740
254179
262126
270190
278404
286645
295365
304186
313379
323079
333037
343251
353571
364304
375203
386749
398540
410580
422909
435714
449067
462641
476805
491295
506257
521956
537929
554242
571183
588616
606347
625017
644091
663528
683938
705003
726252
748367
771239
794781
819343
844294
870234
896564
923839
952095
981025
1010958
1041843
1073673
1106363
1140269
1174921
1210791
1247810
1285693
1325200
1365680
1407401
1450674
1495398
1540917
1587825
1636869
1686938
1738357
1791809
1846558
1903593
1961746
2021601
20715
21360
22032
22672
23364
24063
24807
25585
26422
27263
28081
28959
29834
30827
31770
32723
33713
34762
35890
36945
38132
39321
40541
41817
43105
44490
45845
47201
48661
50162
51721
53261
54922
56586
58287
60069
61923
63860
65845
67851
69927
72102
74371
76729
79064
81412
83856
86368
89038
91818
94659
97673
100709
103835
107012
110286
113630
117207
120877
124654
128556
132429
136504
140724
145026
149681
154253
159167
164057
169035
174192
179482
184990
190753
196614
202735
208977
215398
222111
228894
236082
243416
250923
258768
266947
275333
283900
292518
301582
310970
320651
330519
340620
350950
361694
373038
384667
396708
409077
421783
434743
448420
462155
476694
491292
506368
521801
537864
554501
571885
589681
607947
627016
646473
666857
687620
709036
730957
753523
777120
801257
826324
851753
878085
905474
933647
962432
992357
1023153
1055011
1087823
1121865
1156779
1192835
1229962
1268481
1307923
1348528
1390289
1433468
1478016
1524072
1571607
1620553
1671227
1723504
1777065
1832122
1889337
1948033
2008829
20498
21133
21751
22416
23089
23821
24532
25275
26013
26857
27653
28563
29413
30368
31318
32287
33319
34356
35417
36586
37763
38903
40106
41375
42649
44006
45329
46696
48187
49613
51152
52780
54424
56181
57910
59721
61612
63580
65567
67602
69707
71777
74056
76375
78753
81230
83734
86321
89036
91860
94751
97758
100918
104106
107431
110814
114302
117869
121645
125541
129430
133532
137775
142059
146465
151044
155702
160532
165611
170832
176152
181845
187578
193464
199453
205643
212243
218926
225706
232646
239979
247455
255245
263186
271497
279967
288858
297813
307018
316594
326583
336882
347365
358346
369525
381016
393007
405370
418198
431367
444731
458686
473283
488152
503774
519539
535911
552719
570259
588353
606786
625774
645706
666170
687182
709033
731553
754861
778903
803738
829106
855379
882278
909914
938454
968053
998305
1030021
1062309
1095624
1130081
1165906
1202480
1240836
1279975
1320194
1361943
1404840
1449179
1494662
1541795
1590368
1640649
1692872
1746502
1801773
1859049
1917744
1978630
2041284
21010
21649
22352
23039
23753
24528
25277
26094
26917
27751
28611
29453
30366
31343
32333
33363
34388
35500
36624
37829
38977
40213
41480
42838
44214
45554
47025
48531
50039
51567
53137
54881
56618
58322
60153
62086
64073
66046
68182
70328
72473
74816
77189
79675
82282
84854
87460
90125
93015
95923
98901
101953
105143
108510
111917
115483
119166
122917
126873
130939
135034
139331
143740
148141
152848
157798
162826
168033
173315
178652
184396
190198
196218
202431
208826
215431
222319
229480
236771
244359
252046
260164
268438
276915
285813
294969
304425
314121
324024
334182
344981
355847
367157
378950
390970
403182
416076
429352
442946
456961
471257
486446
501896
517759
534017
550942
568690
586883
605499
624653
644632
665190
686588
708517
731211
754600
778639
803286
828874
854884
882076
910219
939314
969580
1000577
1032487
1065362
1099281
1134117
1170167
1207590
1246450
1286190
1327145
1369289
1412734
1457888
1504219
1551989
1601426
1652553
1705162
1759573
1815572
1873787
1933323
1994636
2058046
21284
21925
22586
23299
24080
24851
25587
26430
27244
28156
29048
30010
31022
32011
33067
34137
35257
36332
37530
38768
39974
41300
42592
43939
45300
46699
48218
49801
51376
53080
54718
56493
58361
60214
62118
64113
66180
68311
70515
72818
75184
77453
79976
82613
85307
88095
90938
93800
96690
99773
102937
106157
109580
113118
116695
120356
124182
128154
132334
136562
140915
145530
150260
155045
159923
164963
170170
175642
181235
187048
193152
199247
205565
212093
218930
226098
233424
240829
248644
256584
264997
273406
282234
291323
300748
310359
320283
330505
341200
352131
363529
375035
387142
399369
412181
425387
438972
452999
467615
482611
498140
514106
530329
547239
565007
583174
601744
620841
640893
661452
682560
704225
726779
750008
773828
798711
824576
850665
877773
905695
934457
964494
995829
1027753
1060337
1094228
1129021
1165495
1202572
1240813
1280763
1321954
1363665
1407672
1452738
1499202
1547428
1596828
1647955
1700645
1755270
1811536
1869955
1929714
1991981
2055861
21274
21970
22643
23367
24125
24896
25706
26507
27334
28209
29089
30047
31040
31984
33029
34047
35196
36316
37473
38684
39911
41137
42432
43763
45179
46625
48131
49700
51295
52830
54540
56322
58146
60007
61932
63937
65970
68095
70296
72575
74859
77246
79746
82387
85074
87806
90685
93618
96524
99699
102995
106327
109792
113338
116954
120654
124490
128578
132685
136985
141399
146084
150726
155553
160544
165700
171069
176533
182138
187891
193879
200029
206459
213100
219935
227006
234237
241778
249401
257217
265371
274006
282857
291861
301171
310990
320916
331189
341884
352918
364450
376253
388168
400593
413230
426602
440473
454509
469070
484022
499475
515475
532306
549353
566740
584973
603712
623064
643198
663835
685027
707156
730113
753496
777989
803184
829011
855505
883354
912037
941352
971349
1002863
1035016
1068204
1102697
1138269
1174922
1212625
1251636
1292056
1333800
1376415
1420955
1466733
1513825
1562553
1612958
1665153
1718629
1773983
1830912
1889897
1950390
2012954
20809
21455
22124
22845
23539
24313
25101
25927
26749
27646
28532
29430
30434
31418
32410
33440
34488
35599
36772
37945
39177
40416
41737
43125
44539
45979
47461
49013
50586
52205
53896
55619
57392
59272
61260
63215
65172
67226
69413
71592
73770
76206
78629
81230
83894
86612
89415
92374
95338
98438
101617
104969
108419
111869
115507
119227
123009
126957
131049
135417
139875
144534
149165
153920
158825
163983
169282
174740
180298
186166
192139
198309
204662
211230
218033
225118
232253
239752
247476
255367
263556
272051
280761
289890
299248
308928
318922
329266
339876
350944
362292
373926
386129
398534
411303
424548
438260
452154
466763
482051
497498
513744
530341
547378
565058
583162
602117
621466
641412
661976
683403
705471
728302
751674
775943
801165
826729
853469
881013
909575
938878
969027
1000107
1032289
1065796
1100084
1135804
1172353
1210146
1249355
1289769
1331091
1373684
1417795
1463704
1510847
1559697
1610344
1662533
1716081
1771111
1828203
1887053
1948323
2011513
20672
21332
22038
22767
23543
24288
25115
25888
26749
27618
28537
29446
30378
31327
32324
33343
34390
35512
36622
37852
39034
40254
41536
42828
44250
45768
47226
48718
50274
51908
53553
55244
57028
58875
60716
62690
64710
66733
68900
71221
73561
75983
78428
80891
83415
86145
88909
91765
94809
97833
101029
104299
107746
111280
114767
118505
122392
126414
130476
134682
139037
143589
148131
152971
157851
162913
168112
173448
179060
184857
190677
196860
203283
209710
216502
223631
230735
238169
245981
253833
261974
270374
279146
288301
297620
307328
317415
327542
338030
348842
360030
371582
383602
395829
408473
421594
435163
449165
463899
478820
494316
510291
526603
543744
561518
579603
598351
617529
637419
657979
679211
700999
723837
747073
771345
796082
821888
848589
875910
904093
933101
963521
994442
1026837
1059823
1094125
1129511
1166072
1203666
1242558
1282631
1324237
1366764
1410877
1456422
1503571
1551748
1601590
1653012
1706466
1761204
1818225
1876980
1938095
2000934
20610
21311
21997
22694
23436
24206
24958
25729
26566
27443
28313
29198
30129
31101
32129
33209
34253
35423
36531
37728
38948
40184
41443
42817
44177
45633
47102
48636
50177
51791
53450
55228
57026
58858
60806
62774
64827
66933
69142
71299
73618
75967
78460
80897
83500
86218
88961
91823
94766
97786
100951
104184
107574
110983
114524
118316
122101
126043
129997
134194
138450
142796
147596
152372
157304
162286
167581
173007
178561
184410
190468
196577
202917
209529
216294
223227
230345
237655
245309
253221
261520
269898
278638
287604
297023
306599
316530
326587
337156
348169
359477
371162
383153
395327
408000
421401
435143
449241
463907
478829
494250
510252
526707
543840
561198
579433
598316
617641
637796
658298
680003
702034
724780
748418
772535
797369
823065
849454
877146
905389
934682
965083
996625
1028849
1062177
1096465
1132045
1168568
1206700
1246255
1286415
1328368
1371524
1416081
1462515
1509350
1558433
1608696
1660516
1714029
1769130
1826359
1885567
1946488
2009658
20512
21126
21807
22480
23236
23997
24756
25541
26334
27242
28141
29077
30095
31126
32163
33181
34236
35328
36517
37661
38883
40162
41487
42857
44250
45677
47141
48594
50207
51835
53477
55173
56953
58797
60670
62710
64827
66935
69112
71383
73702
76114
78604
81105
83653
86350
89116
92007
95049
98167
101362
104661
108085
111620
115181
118859
122773
126831
130939
135210
139607
143929
148610
153386
158426
163689
168917
174473
180297
186088
192055
198249
204536
211330
218107
225182
232447
240031
247659
255594
263870
272468
281260
290325
299593
309299
319260
329826
340474
351365
362735
374305
386273
399015
412005
425358
439257
453459
468006
483115
498793
514743
531474
548760
566614
585026
604080
623553
643592
664252
685771
708077
730648
754290
778831
803969
829985
856927
884823
913337
942729
973054
1004521
1037361
1071070
1105822
1141592
1178367
1216482
1256165
1296875
1338976
1382162
1426913
1472983
1520738
1570042
1621017
1673831
1728026
1783822
1841827
1901587
1963072
2026620
21113
21792
22518
23243
23963
24739
25537
26348
27166
28050
28943
29829
30825
31813
32842
33981
35089
36199
37341
38564
39827
41121
42445
43850
45282
46775
48271
49799
51432
53128
54841
56628
58511
60428
62430
64459
66579
68685
70960
73221
75608
78084
80663
83348
86027
88828
91723
94648
97703
100844
104083
107551
111041
114660
118430
122368
126311
130367
134631
139061
143531
148258
153012
158008
163094
168363
173877
179501
185276
191379
197563
204008
210634
217402
224452
231813
239216
246831
254952
263156
271738
280608
289607
298869
308412
318330
328497
338989
349969
361442
372921
385123
397582
410381
423707
437514
451621
466166
481370
496710
512502
529180
546402
564181
582693
601694
621240
641447
662285
683841
706168
729258
752970
777448
802996
829015
855617
883425
912020
941494
971869
1003073
1035578
1069229
1103680
1139589
1176658
1214569
1253456
1293972
1335770
1379102
1423599
1469707
1517604
1567122
1618096
1670729
1725208
1781012
1838756
1898770
1960130
2024000
20764
21417
22119
22835
23508
24269
25092
25921
26758
27571
28479
29337
30281
31190
32199
33242
34371
35482
36672
37867
39119
40390
41667
42994
44350
45763
47244
48749
50341
51962
53679
55455
57182
59090
61079
63062
65074
67140
69336
71552
73877
76324
78796
81402
84085
86799
89584
92488
95434
98607
101802
105153
108568
112122
115789
119554
123461
127415
131470
135667
140135
144683
149282
154234
159146
164357
169641
175235
180994
186897
192928
199248
205696
212417
219286
226496
233868
241392
249254
257369
265762
274360
283384
292606
301947
311602
321686
332039
342810
353888
365572
377354
389450
402153
415278
428689
442601
456997
471563
486861
502649
519031
535937
553241
571331
589945
608855
628766
649139
669948
691711
714010
737051
760972
785498
811104
837253
864698
892850
921945
951609
982296
1014189
1046858
1080506
1115260
1151145
1188226
1226887
1266731
1307996
1350002
1393778
1439088
1485951
1533946
1584020
1635232
1687993
1742756
1799247
1857849
1918090
1980317
2044251
21118
21800
22466
23245
24012
24811
25687
26526
27451
28334
29302
30256
31251
32312
33367
34473
35578
36754
37964
39134
40361
41673
43086
44483
45886
47384
48915
50489
52052
53724
55452
57277
59229
61108
63048
65036
67096
69256
71450
73805
76180
78622
81096
83689
86375
89184
92034
95093
98244
101384
104748
108121
111577
115181
118854
122661
126650
130806
134972
139364
143883
148424
153289
158223
163306
168678
174258
179891
185778
191889
198072
204606
211245
218041
225166
232485
239974
247666
255698
263859
272382
281279
290385
299835
309598
319408
329822
340322
351189
362533
374352
386586
399089
411858
425140
438881
453028
467697
482743
498125
514131
530894
547960
565676
584066
603120
622503
642863
663958
685567
707575
730403
753857
778433
803583
829818
856898
884342
913174
942820
973367
1005169
1037745
1071377
1106170
1142277
1179399
1217812
1257045
1297908
1340192
1383518
1428599
1475032
1522771
1572060
1623062
1675740
1730161
1786226
1844414
1904479
1965984
2029885
20898
21536
22252
22954
23739
24503
25292
26122
26954
27789
28683
29613
30601
31584
32614
33674
34753
35896
37053
38307
39560
40885
42151
43469
44891
46403
47911
49411
51054
52746
54471
56272
58120
60026
62013
63958
66037
68210
70464
72697
75082
77511
80035
82593
85269
87961
90751
93702
96803
99901
103126
106495
109945
113543
117202
121039
124931
128933
133022
137349
141715
146199
150901
155906
160974
166026
171440
176917
182631
188538
194680
201006
207542
214276
221258
228528
236018
243652
251634
259839
268189
277064
286061
295422
305139
315105
325275
335916
346856
358262
369826
381693
394246
407121
420335
434239
448370
462990
478310
493717
509841
526522
543412
560919
579038
597795
617103
637139
657889
679240
701150
723894
747474
771713
796798
822684
849501
876955
905198
934435
964994
996338
1028815
1062009
1096589
1132322
1168820
1206888
1245943
1286014
1327811
1371224
1415627
1461470
1508786
1557540
1607625
1659619
1713478
1769132
1826832
1885980
1946685
2010029
20682
21305
22044
22757
23475
24256
25045
25832
26688
27571
28489
29435
30378
31353
32389
33477
34621
35746
36907
38036
39263
40512
41733
43062
44492
45907
47410
48934
50479
52030
53714
55431
57280
59126
61077
63074
65076
67058
69225
71535
73835
76271
78654
81198
83827
86564
89402
92272
95299
98400
101594
104817
108194
111775
115333
119138
122990
127045
131186
135382
139883
144352
149115
154051
158981
164135
169463
175016
180688
186508
192581
198932
205516
212238
219111
226227
233528
241118
248985
257043
265476
274172
282959
292261
301605
311218
321226
331708
342476
353440
364872
376814
389144
401753
414654
428057
441742
456182
470972
486315
502181
518577
535615
553168
571189
589873
609060
628795
649331
670276
692035
714442
737922
761630
786420
811736
838182
865189
893331
922452
952418
983504
1015329
1048236
1082412
1117340
1153427
1191237
1229983
1269857
1311274
1353994
1397924
1443264
1489858
1538012
1588051
1639217
1692541
1747108
1803749
1862391
1922960
1985289
2049879
21233
21940
22659
23392
24108
24894
25694
26545
27407
28269
29210
30140
31163
32186
33230
34279
35368
36482
37659
38844
40093
41333
42669
44093
45537
47042
48547
