102635
105393
108281
111182
114140
117167
120290
123431
126752
130080
133562
137081
140714
144451
148247
152137
156167
160352
164678
168979
173633
178375
183166
188162
193218
198419
203692
209092
214721
220570
226538
232642
239009
245537
252100
258897
265901
273246
280730
288329
296116
304159
312376
320696
329156
338053
347276
356862
366631
376750
386913
397405
408256
419252
430432
442237
454340
466740
479221
492255
505711
519415
533722
548022
563056
578398
594394
610362
626923
644255
661749
679841
698274
717567
737115
757301
777961
799322
821661
844204
867321
891299
916064
941260
966995
993576
1020987
1048708
1077806
1107327
1137903
1169210
1201369
1234536
1268612
1303623
1339575
1376920
1414975
1454311
1494544
1535890
1578529
1622370
1667414
1713597
1761036
1810111
1860061
1911573
1964790
2019807
20977
21550
22180
22796
23438
24104
24770
25473
26219
26942
27699
28493
29260
30071
30955
31821
32681
33570
34561
35519
36490
37515
38595
39611
40696
41784
42931
44151
45375
46647
47946
49313
50687
52103
53612
55141
56716
58323
59931
61603
63261
65035
66829
68727
70703
72695
74742
76907
79111
81365
83646
86096
88520
90968
93442
96182
98895
101619
104518
107508
110554
113574
116865
120122
123524
126997
130548
134220
137844
141647
145692
149848
154112
158372
162745
167356
172029
177011
182058
187285
192609
198153
203729
209424
215400
221499
228001
234380
240963
247756
254866
262096
269504
277163
285253
293364
301598
310210
319192
328358
337975
347656
357623
367856
378271
389236
400410
411855
423652
435851
448486
461321
474631
488413
502409
516679
531649
546790
562419
578481
595106
612520
629998
648181
666825
685815
705549
725523
746470
768120
790230
812844
836610
860802
885836
911586
937900
965111
992976
1021939
1051772
1082410
1113647
1146214
1179519
1213772
1249089
1285204
1322657
1360670
1400096
1440926
1482962
1526329
1570755
1616913
1664108
1712392
1762272
1813800
1866596
1921019
1977120
2034744
21171
21758
22366
22997
23677
24381
25090
25819
26617
27386
28176
28957
29829
30729
31574
32448
33403
34411
35424
36479
37498
38579
39695
40866
42091
43375
44627
45940
47273
48656
50090
51566
53055
54637
56188
57822
59527
61293
63099
64973
66881
68833
70814
72898
75093
77409
79650
82005
84475
87081
89631
92290
94956
97836
100703
103672
106775
109981
113217
116613
120186
123867
127566
131329
135196
139239
143425
147643
152016
156469
161063
165811
170748
175900
181159
186523
192179
197884
203739
209947
216371
222767
229304
236002
243050
250250
257781
265456
273426
281528
289899
298435
307209
316261
325855
335615
345736
356087
366730
377646
388709
400355
412280
424719
437309
450480
463982
478043
492246
506887
522075
537926
554049
570544
587617
605312
623567
642186
661391
681094
701450
722216
744175
766654
789624
813413
837906
863299
889553
916501
943933
972408
1001208
1031362
1062222
1094196
1126900
1160721
1195963
1231922
1269134
1307036
1346557
1386966
1429048
1472183
1516425
1562315
1609675
1658100
1708263
1759612
1813025
1867515
1924164
1982694
2042494
20928
21530
22193
22898
23590
24327
25087
25865
26624
27454
28261
29100
29979
30934
31864
32810
33842
34830
35880
36970
38107
39288
40492
41735
42952
44233
45552
46892
48303
49826
51353
52924
54521
56222
57907
59679
61479
63309
65219
67170
69215
71292
73450
75644
77875
80266
82721
85245
87848
90547
93310
96264
99236
102352
105495
108611
111912
115333
118862
122479
126205
130119
134147
138204
142320
146737
151329
156040
160955
165770
170822
175899
181191
186920
192688
198525
204636
210915
217354
224009
230950
237996
245241
252834
260546
268463
276797
285259
294007
303114
312395
321925
331832
342035
352342
363265
374393
386109
397905
410179
422601
435612
449062
462761
477229
491800
506732
522210
538195
554774
571619
589194
607285
625922
645421
665178
685856
706700
728560
750844
774054
797981
822639
848185
874467
901509
929326
957827
987742
1018393
1049809
1082366
1115423
1149895
1185349
1222188
1259831
1298912
1339141
1380422
1422921
1467222
1512577
1559731
1608211
1658093
1709482
1762538
1817200
1873490
1931782
1991541
2053431
21121
21762
22438
23148
23882
24661
25400
26211
27021
27855
28708
29568
30508
31384
32332
33293
34343
35385
36450
37521
38707
39959
41199
42463
43752
45156
46590
48004
49527
51103
52706
54386
56095
57907
59694
61573
63467
65391
67406
69543
71748
73954
76231
78567
81025
83557
86102
88788
91592
94452
97345
100272
103364
106441
109770
113099
116667
120266
124100
127986
132028
136175
140467
144736
149310
153965
158772
163677
168769
174151
179645
185126
190982
197026
203157
209438
216052
222721
229709
236923
244392
252043
259884
268042
276418
285124
294057
303261
312771
322664
332671
342981
353569
364606
375993
387840
400017
412400
425309
438607
452335
466373
481099
496139
511728
527816
544600
561883
579336
597352
616009
635522
655300
676046
697246
719070
741690
765032
788860
813850
839565
865883
893341
921292
950383
980325
1011106
1042928
1075719
1109331
1144256
1180455
1217966
1256193
1295834
1336236
1378368
1421718
1466166
1512200
1559932
1609056
1659960
1712473
1766476
1822259
1879268
1938203
1999832
2063081
21599
22355
23057
23840
24561
25302
26145
26996
27820
28700
29650
30578
31549
32558
33560
34644
35732
36873
38030
39213
40471
41761
43053
44435
45871
47314
48834
50373
51986
53599
55321
57103
58918
60741
62685
64660
66741
68831
70996
73263
75452
77815
80211
82720
85296
87940
90732
93605
96549
99560
102687
105983
109335
112779
116472
120149
123893
127802
131870
136047
140346
144898
149432
154238
159162
164140
169303
174697
180194
185946
191921
198109
204412
210949
217554
224479
231692
238975
246676
254625
262641
271088
279739
288551
297897
307315
317167
327273
337667
348281
359343
370661
382473
394810
407429
420327
433816
447546
462142
476878
491974
507855
524157
540932
558298
576013
594503
613406
633080
653381
674334
695703
717945
740739
764342
788893
814206
840053
867020
894716
923156
952753
983364
1014533
1046970
1080537
1114839
1150466
1187170
1225282
1264313
1305240
1347273
1390709
1435463
1481408
1528518
1577915
1628935
1680857
1734637
1790588
1847861
1907099
1968173
2031326
20750
21414
22088
22776
23517
24277
25122
25900
26753
27625
28524
29441
30315
31326
32311
33354
34491
35588
36787
37975
39180
40440
41757
43113
44552
45969
47455
49015
50595
52215
53906
55576
57382
59222
61070
63007
65008
67132
69293
71477
73780
76105
78452
80919
83509
86204
88977
91801
94775
97822
100982
104169
107489
110906
114506
118221
121929
125759
129728
133853
138148
142563
147176
151958
156951
161841
166927
172302
177843
183485
189370
195595
202047
208577
215251
222076
229172
236421
243987
251818
259897
268232
276972
285886
294952
304356
314092
324249
334486
345327
356410
367939
379971
392155
404744
417796
431462
445559
459697
474409
489673
505354
521612
538463
556020
574351
592428
611461
631249
651251
672280
693754
715973
738944
762823
787438
812849
838973
865893
893994
923014
952392
982895
1014632
1047252
1080888
1115568
1151462
1188667
1227046
1266958
1307884
1349980
1393178
1438191
1484736
1532560
1581983
1633125
1685625
1740600
1796957
1855194
1914909
1976367
2040293
21140
21794
22477
23227
23998
24722
25532
26318
27156
28076
29047
30028
31012
31985
33004
34023
35102
36230
37390
38597
39869
41171
42527
43936
45384
46850
48386
50043
51591
53262
54980
56805
58609
60523
62415
64404
66586
68699
70891
73285
75635
78107
80641
83197
85912
88794
91623
94570
97578
100801
104009
107328
110791
114327
117973
121823
125795
130048
134295
138607
143041
147750
152401
157377
162550
167772
173197
178772
184578
190570
196874
203201
209683
216541
223618
230874
238266
246037
253934
262146
270658
279574
288790
298136
307766
317803
328028
338545
349646
361089
372820
385049
397458
410383
423823
437489
451771
466307
481448
497187
513406
530083
547254
564832
583004
601942
621580
641841
662905
684582
706787
729828
753388
777916
803322
829393
856361
884116
912866
942713
973300
1004770
1037250
1070289
1104954
1140796
1177532
1215679
1254989
1296183
1338247
1381977
1426906
1473314
1521382
1570758
1621943
1674624
1729348
1785762
1843462
1903466
1965499
2029481
20833
21526
22241
23031
23773
24531
25312
26118
27014
27866
28773
29671
30615
31573
32560
33559
34635
35783
36938
38231
39508
40760
42144
43534
44960
46423
47906
49532
51127
52721
54415
56277
58138
59965
61936
63955
66075
68151
70323
72670
74932
77379
79924
82485
85140
87896
90779
93808
96855
99975
103217
106559
110029
113653
117293
121087
124993
129028
133270
137656
142137
146866
151699
156709
161841
167168
172622
178248
183909
189866
196157
202641
209113
215879
222945
230191
237694
245477
253493
261768
270405
279260
288370
297748
307493
317466
327686
338354
349570
360789
372541
384724
397319
410344
423925
437666
451904
466712
482121
497663
513796
530683
547884
565799
584275
603457
622918
643322
664174
685976
708346
731293
755379
779813
805376
831578
858664
887019
915896
945425
976159
1008169
1041107
1074962
1109985
1146277
1183397
1222079
1261871
1302973
1345888
1389771
1434670
1481793
1530060
1579895
1631089
1683923
1738904
1795619
1854353
1914523
1977030
2041847
20982
21666
22449
23174
23964
24727
25532
26372
27258
28127
29072
30002
30934
31956
32997
34100
35199
36421
37537
38755
39921
41153
42427
43785
45193
46597
48059
49654
51300
52960
54649
56451
58225
60137
62091
64143
66282
68545
70719
73094
75437
77945
80437
82966
85713
88406
91289
94280
97338
100487
103771
107125
110600
114169
117990
121735
125733
129812
134099
138518
142925
147545
152284
157297
162461
167683
173223
178873
184667
190747
196950
203423
210052
216962
224057
231439
238890
246584
254629
262896
271356
280265
289344
298846
308780
318801
329246
339871
351036
362451
374363
386802
399302
412435
425977
439674
454071
468887
484462
500229
516697
533545
551215
569344
587922
607415
627319
647820
669098
690828
713237
736659
760769
785407
811054
837550
864962
893531
922787
952841
983976
1016124
1049190
1083710
1119020
1155703
1193286
1232506
1272659
1314634
1357798
1401880
1447531
1494961
1543638
1593672
1645231
1699173
1754245
1811819
1870914
1932719
1995849
2060773
21180
21879
22630
23422
24211
25032
25853
26738
27586
28527
29480
30481
31524
32522
33540
34672
35814
36970
38259
39501
40770
42095
43454
44923
46393
47929
49461
51081
52782
54510
56317
58172
60070
62068
64021
66119
68264
70505
72748
75144
77660
80175
82760
85488
88273
91137
94115
97136
100318
103530
106870
110372
113954
117686
121565
125572
129749
134018
138374
142968
147711
152564
157605
162784
168203
173662
179232
184998
191037
197361
203820
210540
217316
224332
231717
239275
247200
255060
263461
272106
281144
290177
299632
309423
319470
329811
340549
351630
363271
375208
387448
400249
413316
427062
441146
455601
470594
485972
501901
518269
535098
552817
570889
589388
608618
628359
648949
669982
692184
714674
738378
762443
787472
813081
839562
867132
895530
925049
955373
986635
1018788
1052132
1086475
1122021
1158961
1196688
1236146
1276778
1318491
1361683
1406300
1452179
1499695
1548677
1599093
1651375
1705361
1761207
1818924
1878903
1940691
2004211
20763
21469
22164
22928
23731
24536
25356
26195
27079
27990
28924
29900
30886
31926
32901
33940
35060
36273
37473
38667
39942
41256
42636
44028
45450
46912
48436
50056
51718
53379
55091
56854
58750
60666
62726
64721
66765
69070
71370
73674
76049
78529
81100
83711
86503
89262
92170
95202
98358
101601
104918
108363
111923
115730
119509
123445
127439
131658
135878
140361
144867
149572
154432
159474
164676
170154
175738
181445
187439
193568
200041
206634
213403
220360
227524
235008
242665
250781
258947
267430
276222
285231
294637
304399
314595
324709
335444
346348
357588
369138
381220
393854
406942
420289
434050
448420
463244
478370
494260
510716
527290
544247
562008
580410
599330
619016
639171
660144
681762
704193
727213
751199
775928
801368
827543
855058
883011
912168
942294
973350
1005217
1038294
1072429
1107727
1144178
1181769
1220673
1261042
1302572
1345914
1390319
1436055
1483510
1532344
1582921
1634925
1688766
1744175
1801364
1860107
1921679
1985213
2050604
21385
22103
22815
23554
24358
25141
25958
26834
27702
28584
29569
30501
31542
32549
33598
34651
35817
36983
38168
39455
40761
42090
43461
44855
46311
47865
49417
51047
52709
54467
56211
58100
60031
61902
63953
66112
68273
70616
72929
75271
77732
80286
82886
85649
88508
91504
94461
97555
100682
104075
107483
111058
114752
118507
122361
126519
130721
134860
139288
143804
148395
153180
158119
163275
168653
174326
180109
185958
192015
198400
204732
211397
218341
225467
232860
240528
248380
256639
265116
273829
282751
291992
301575
311387
321502
332124
343008
354213
365832
378060
390580
403414
416619
430602
444811
459263
474522
490137
506165
522866
540126
557885
576111
594823
614395
634577
655480
677220
699555
722435
746187
770940
796096
822118
848991
876804
905574
935610
966269
998337
1031392
1065290
1100177
1135923
1173216
1211674
1251520
1292717
1335446
1379290
1424692
1471264
1519583
1569587
1621134
1674310
1728777
1785978
1844542
1905209
1967788
2032066
20867
21566
22287
23027
23752
24497
25255
26065
26924
27821
28695
29586
30534
31517
32576
33604
34598
35737
36932
38119
39329
40639
41948
43364
44813
46234
47797
49324
50961
52714
54425
56184
58032
59962
61970
63920
65966
68129
70373
72755
75164
77662
80219
82809
85562
88382
91385
94306
97398
100613
104001
107462
110949
114541
118343
122284
126316
130450
134774
139046
143705
148300
153212
158198
163403
168789
174388
180242
186149
192376
198746
205358
212003
219090
226266
233715
241420
249371
257561
265937
274847
283934
293311
303000
312890
323228
333829
344733
355899
367573
379655
391992
404722
418138
431867
445948
460664
475663
491364
507470
523996
541137
559055
577552
596571
616203
636495
657388
679118
701096
724093
747807
772438
797751
824034
850919
879067
907870
937677
968458
1000319
1033193
1067001
1102297
1138689
1175936
1214534
1254701
1296074
1338815
1383118
1428665
1475795
1524279
1574016
1625973
1679573
1734555
1791869
1850835
1911278
1974133
2038962
20763
21410
22123
22859
23616
24348
25160
25999
26824
27730
28686
29608
30584
31611
32627
33667
34780
35902
37097
38301
39530
40836
42208
43613
45000
46518
48100
49678
51361
53043
54775
56575
58470
60327
62343
64380
66571
68787
71029
73418
75869
78496
80988
83623
86322
89125
92115
95201
98356
101513
104906
108337
111922
115506
119399
123399
127341
131450
135809
140269
144958
149691
154552
159617
164736
170288
175962
181676
187499
193663
200018
206508
213279
220240
227436
234880
242662
250695
258885
267480
276414
285454
294797
304663
314795
325177
335883
347082
358454
370276
382414
395102
408062
421539
435493
449709
464743
480014
496003
512392
529219
546721
564864
583415
602571
622363
642599
663849
685696
708232
731470
755579
780743
806698
833461
860661
889047
918100
948297
979412
1011567
1044684
1078904
1114439
1151180
1188824
1227853
1268533
1310429
1353241
1397956
1443699
1491683
1540363
1591037
1643553
1697709
1753424
1810717
1869953
1931574
1995250
2060641
21470
22160
22831
23556
24308
25047
25865
26736
27592
28486
29420
30402
31396
32448
33509
34631
35805
37030
38241
39447
40747
42106
43492
44908
46424
47980
49595
51215
52875
54603
56377
58182
60117
62136
64181
66428
68567
70796
73072
75445
77914
80499
83119
85764
88571
91498
94460
97622
100956
104284
107725
111236
114837
118660
122548
126555
130711
135061
139528
144181
148975
153852
158843
164079
169485
175122
181065
186938
192912
199194
205809
212468
219535
226674
234133
241916
249893
258135
266687
275461
284530
293974
303796
313791
324070
334729
345782
357129
368809
380961
393569
406553
419851
433795
447867
462486
477871
493664
509702
526584
544108
562062
580525
599669
619197
639530
660747
682625
704893
728090
751944
776853
802356
828751
856158
884181
913233
943320
974511
1006602
1039389
1073532
1108917
1145386
1182951
1222150
1262135
1303757
1346625
1390868
1436877
1484302
1532898
1583701
1635614
1689445
1744802
1802482
1862083
1923368
1986499
2051432
21202
21933
22686
23417
24161
24971
25801
26615
27511
28389
29336
30305
31322
32357
33482
34552
35741
36937
38146
39441
40741
42084
43408
44822
46327
47873
49427
51016
52688
54422
56152
57980
59892
61925
63985
66069
68226
70433
72715
75124
77550
80102
82741
85487
88351
91208
94249
97361
100693
104057
107442
111008
114771
118515
122286
126283
130397
134637
138997
143600
148420
153291
158469
163655
168943
174428
180184
186051
192210
198474
204987
211762
218647
225750
233237
241021
249270
257513
266109
274799
283758
292979
302594
312691
322938
333684
344656
355944
367514
379628
392088
405001
418201
431823
446147
460818
476055
491594
507766
524491
541701
559568
578152
597132
616786
637353
658170
679864
702291
725138
749076
773519
799026
825664
852911
881248
910098
940137
970930
1003093
1036260
1070388
1105695
1142087
1179521
1218525
1258770
1300715
1343689
1387953
1433468
1480840
1529817
1580243
1632221
1686085
1741932
1799030
1858233
1919332
1982859
2048112
21158
21837
22537
23233
23959
24782
25615
26475
27369
28250
29163
30099
31055
32124
33178
34304
35409
36600
37792
39092
40378
41692
43054
44483
45997
47524
49123
50659
52368
54112
55861
57709
59568
61486
63517
65613
67762
69910
72234
74631
77144
79721
82418
85149
87863
90719
93680
96685
99889
103161
106562
110041
113598
117340
121240
125199
129351
133528
137763
142419
147202
151958
157004
162161
167628
173169
178971
184933
191091
197392
203989
210750
217738
225086
232441
239917
247780
255912
264309
273184
282162
291261
300902
310939
321095
331734
342673
353850
365632
377725
390108
403127
416313
430000
444362
459153
474476
490239
506400
522835
540052
558066
576512
595308
614959
635135
656116
677751
700223
723192
746711
771450
796704
823190
849892
877590
906583
936379
967146
998971
1031839
1065714
1100474
1136544
1173958
1212908
1252706
1293897
1336549
1380539
1425760
1472389
1520669
1570735
1622226
1675650
1730999
1788333
1847258
1907997
1970778
2036124
21142
21846
22553
23313
24053
24844
25610
26425
27266
28164
29058
29947
30926
32001
33010
34091
35226
36478
37756
39006
40332
41639
43009
44363
45879
47387
49068
50594
52215
53913
55624
57488
59416
61424
63409
65566
67733
69935
72268
74643
77048
79563
82153
85023
87846
90663
93540
96645
99871
103167
106550
110036
113712
117432
121370
125307
129440
133627
138151
142758
147479
152316
157295
162482
167871
173427
179082
185042
191075
197515
204064
210796
217844
224973
232389
239935
247789
256085
264535
273194
282149
291329
300891
310866
321046
331490
342435
353797
365255
377373
389980
402512
415793
429390
443492
458125
473296
488924
505096
521771
539040
556722
575062
594084
613561
633531
654438
675745
698275
720987
744617
769145
794460
820638
847585
875207
904088
933977
964773
996159
1028818
1062985
1097962
1133925
1171082
1209531
1249681
1290738
1333310
1377406
1422553
1469219
1517452
1567957
1619911
1673277
1728229
1785488
1844499
1905386
1968434
2032849
21051
21774
22477
23230
23917
24702
25494
26321
27208
28118
29037
29980
31031
32083
33135
34217
35394
36537
37735
39009
40277
41543
42922
44330
45747
47232
48752
50317
51882
53591
55256
57018
58912
60843
62893
64979
67203
69466
71741
74066
76511
79026
81566
84205
87021
89878
92833
95980
99152
102383
105773
109222
112864
116560
120473
124444
128534
132810
137112
141585
146316
151047
155979
161130
166566
172152
177690
183466
189446
195677
201969
208640
215543
222584
229962
237476
245359
253382
261744
270396
279182
288328
297816
307581
317659
328046
338932
350160
361735
373870
386164
398831
412054
425489
439582
454146
469279
484703
500676
517299
534404
551981
569937
588511
607866
627954
648699
670001
692234
714997
738752
763213
788198
814035
840945
868780
897017
926451
957042
988856
1021392
1054958
1090014
1125994
1163085
1201453
1240857
1281831
1324143
1367570
1412662
1459033
1506929
1556472
1607842
1660854
1715772
1772074
1830203
1890848
1953117
2017465
20922
21621
22379
23147
23939
24712
25542
26449
27379
28341
29255
30194
31186
32204
33261
34375
35512
36669
37992
39197
40507
41838
43178
44637
46092
47690
49220
50882
52550
54257
56028
57856
59778
61757
63761
65870
68090
70360
72678
75064
77560
80161
82811
85444
88310
91275
94277
97401
100594
103970
107434
110947
114691
118505
122393
126402
130486
134780
139295
143917
148676
153692
158862
164059
169557
175181
180878
186691
192694
198899
205400
212202
219379
226596
233944
241833
249619
257928
266358
274989
284039
293580
303265
313227
323289
333924
344906
356431
368117
380413
393015
406027
419443
433037
447275
461814
477007
492928
509074
525913
543254
561293
579953
599163
618854
639172
660179
682098
704638
728026
751985
776802
802541
829140
856611
884838
914338
