102440
104952
107461
110072
112739
115534
118265
121132
124077
127195
130335
133453
136734
140088
143452
146987
150616
154313
158110
162009
165930
169964
174055
178279
182718
187169
191774
196464
201290
206181
211399
216565
221833
227221
232741
238336
244248
250230
256439
262582
269302
276001
282862
289810
297007
304337
311863
319751
327505
335595
343971
352458
361224
370382
379679
389243
398957
408842
419006
429437
440184
451203
462467
473983
485807
497881
510219
523001
535955
549356
562960
577281
591889
606974
622344
638041
653949
670129
687099
704313
721899
739899
758310
777333
796720
816799
837191
858407
880296
902401
925277
948800
972785
997442
1022735
1048595
1075295
1102509
1130336
1159138
1188456
1219076
1249657
1281472
1313465
1346938
1381174
1416279
1451935
1488654
1526200
1564829
1604671
1645378
1687542
1730113
1773985
1818690
1865021
1912693
1961179
2010864
20627
21186
21701
22239
22791
23402
24037
24674
25295
25897
26579
27294
27973
28695
29394
30155
30957
31758
32596
33416
34249
35084
35971
36887
37837
38819
39759
40879
41929
43030
44071
45218
46354
47568
48738
50075
51422
52783
54128
55538
56907
58384
59935
61549
63163
64815
66462
68188
69981
71824
73675
75522
77510
79428
81489
83610
85710
87963
90263
92663
95147
97680
100293
102901
105581
108379
111193
114133
117102
120127
123157
126301
129676
133006
136448
140006
143641
147455
151373
155231
159291
163380
167733
172187
176597
181150
186017
190808
195703
200743
206015
211501
217078
222750
228588
234520
240709
246991
253395
260122
266950
274058
281395
288715
296291
304029
312003
320115
328445
337061
345781
354847
364074
373773
383798
394083
404407
415036
426118
437633
449235
461159
473538
486051
498843
512028
525603
539450
553705
568493
583851
599345
615269
631715
648512
665783
683320
701783
720553
739733
759536
779761
800892
822130
844177
866783
889613
913370
937594
962843
988499
1015181
1041987
1070187
1098682
1128049
1158342
1189387
1221202
1254162
1287719
1322170
1357589
1393942
1430607
1468809
1508192
1548807
1590341
1632975
1677072
1722479
1768929
1816442
1865187
1915197
1967029
2019363
20464
21054
21621
22170
22780
23408
24046
24685
25341
26027
26760
27486
28252
29019
29766
30554
31392
32228
33132
34016
34940
35888
36877
37893
38925
39975
41109
42209
43308
44490
45710
46974
48268
49592
51017
52403
53800
55246
56756
58300
59851
61522
63241
65016
66744
68548
70439
72317
74267
76407
78438
80563
82703
84940
87200
89534
91894
94398
97041
99687
102519
105357
108288
111276
114300
117344
120539
123829
127239
130668
134229
137984
141748
145583
149457
153556
157768
162069
166588
171007
175739
180575
185523
190596
195777
201190
206809
212548
218414
224426
230718
237028
243663
250324
257278
264437
271706
279308
287045
295142
303156
311492
320201
329014
337891
347162
356662
366425
376364
386909
397523
408438
419723
431440
443286
455458
467890
480815
494224
507713
521907
536228
550712
566037
581766
597930
614546
631335
648758
666349
684775
703713
723160
743208
763655
784666
806707
829112
852284
876105
900044
924847
950583
977084
1004300
1032157
1060646
1090022
1120346
1151388
1183342
1216654
1250445
1285315
1321048
1357812
1395812
1434717
1474661
1515835
1557614
1600817
1645600
1691635
1738616
1787222
1836843
1888184
1941181
1995149
2050966
21046
21615
22254
22873
23535
24207
24850
25569
26268
27009
27770
28564
29438
30302
31121
31975
32796
33682
34582
35528
36497
37615
38669
39778
40981
42186
43364
44598
45869
47212
48486
49872
51218
52712
54262
55773
57354
58938
60614
62327
64068
65871
67692
69643
71612
73659
75686
77819
79961
82255
84505
86881
89355
91882
94518
97234
99993
102787
105648
108752
111863
114901
118205
121528
124976
128586
132360
136036
139826
143743
147826
152019
156218
160644
165197
169824
174677
179607
184795
190064
195473
200833
206573
212408
218472
224632
230927
237340
244144
250966
258080
265533
273036
280791
288854
297021
305537
314180
323084
332326
341500
351276
361264
371559
381939
392973
404296
415950
427764
439921
452436
465271
478452
492064
506069
520551
535285
550628
566117
582156
598789
615467
632972
650892
669398
688361
708117
728106
748674
769960
792069
814634
837913
861790
886311
911596
937489
964292
991682
1020067
1049047
1078922
1109753
1141235
1173838
1207301
1241825
1276910
1312977
1350615
1389243
1428445
1469655
1511401
1554804
1599191
1644735
1691951
1740008
1789864
1840930
1893270
1947220
2002953
20656
21298
21899
22479
23094
23763
24442
25182
25964
26705
27483
28267
29076
29918
30799
31632
32517
33490
34435
35396
36438
37509
38583
39739
40881
42086
43275
44515
45756
47163
48455
49852
51279
52773
54293
55876
57487
59149
60807
62478
64334
66252
68194
70093
72130
74301
76463
78723
80979
83309
85738
88194
90547
93044
95678
98453
101222
104178
107153
110245
113529
116810
120215
123709
127278
130805
134690
138655
142718
146929
151245
155617
160035
164601
169428
174198
179152
184312
189695
195099
200721
206416
212461
218614
224932
231398
238028
244948
252170
259342
266740
274245
282135
290256
298741
307437
316024
325251
334759
344412
354491
364644
375242
386172
397343
408825
420422
432506
444940
457916
471145
484858
498829
513249
528103
543277
558899
575005
591637
608828
626625
644975
663524
682949
702887
723173
744308
766012
788459
811422
834956
859224
883844
909268
935445
962757
990845
1019812
1049392
1079784
1111424
1143718
1176881
1211136
1246337
1282470
1319570
1357834
1397351
1438197
1480377
1523666
1567934
1613517
1660524
1709262
1758926
1809992
1862630
1916959
1973000
2030296
20718
21360
22002
22571
23278
23919
24594
25324
26053
26819
27554
28295
29132
30039
30894
31771
32673
33613
34585
35555
36529
37618
38756
39849
41036
42206
43442
44758
46062
47434
48776
50247
51717
53241
54845
56474
58116
59729
61567
63418
65335
67263
69203
71266
73373
75534
77760
80101
82444
84890
87364
89984
92649
95328
98096
101043
104033
107074
110161
113394
116666
120130
123660
127278
130995
134740
138641
142710
146778
151073
155595
160226
164974
169876
174876
180011
185241
190605
196072
201885
207941
214102
220346
226661
233213
240044
247101
254437
262070
269552
277562
285643
293921
302564
311374
320600
330180
339991
350009
360251
370797
381491
392766
404334
416230
428551
441034
454088
467194
481119
495190
509881
524748
540271
556133
572415
589237
606424
624294
642666
661610
681016
701097
721812
743200
765048
787751
811050
834596
859392
884771
910859
937812
965721
994511
1023685
1053828
1084861
1117050
1149913
1183711
1218325
1254304
1291354
1329474
1368839
1409223
1450629
1493629
1537740
1582893
1629423
1678063
1727650
1778674
1830941
1884984
1940675
1998398
2057269
21134
21796
22459
23117
23810
24478
25179
25964
26776
27520
28312
29158
30047
30953
31872
32806
33775
34775
35856
36997
38015
39154
40325
41479
42717
44032
45360
46722
48171
49576
51047
52643
54153
55788
57473
59214
60936
62711
64597
66518
68511
70554
72660
74823
77099
79503
81873
84293
86865
89465
92131
94812
97658
100589
103590
106561
109702
113026
116305
119681
123217
126898
130625
134517
138542
142690
146794
151050
155491
160126
164949
169740
174625
179786
185061
190615
196301
202077
208035
214209
220607
227093
234002
240915
248106
255619
263183
270933
278988
287169
295672
304393
313334
322750
332387
342179
352530
363148
373931
384993
396317
408058
420400
432957
445930
459296
472767
486807
501572
516636
532074
548016
564409
581245
598604
616335
634750
653605
672957
692858
713525
734855
756661
779155
802304
826211
850725
876120
902144
929080
956814
985177
1014329
1044342
1075565
1107384
1140213
1174235
1209351
1245324
1282932
1321594
1360935
1401260
1443162
1486372
1530800
1576502
1623596
1672055
1721450
1772742
1825545
1879945
1936450
1993618
2052858
21086
21686
22337
23031
23745
24475
25221
25937
26699
27501
28386
29230
30064
31029
31959
32944
33935
34958
35980
37041
38184
39319
40486
41795
43040
44348
45629
46996
48465
49892
51347
52925
54509
56143
57833
59567
61349
63183
65093
67043
69041
71085
73198
75391
77562
79884
82318
84806
87303
89939
92596
95460
98377
101311
104403
107551
110776
114088
117495
121105
124817
128540
132312
136288
140313
144583
148908
153393
157943
162640
167476
172466
177695
183055
188419
193992
199814
205721
211878
218268
224837
231596
238516
245619
253067
260592
268567
276522
284687
293260
302137
311196
320567
330251
340205
350390
360820
371500
382753
394162
406179
418323
430761
443697
456964
470853
485052
499599
514803
530337
546121
562570
579472
596849
614537
633027
651964
671451
691680
712096
733589
755369
778080
801327
825336
850134
875690
902156
929419
957347
986274
1015983
1046327
1077280
1109654
1143249
1177626
1212953
1249081
1286526
1324872
1364844
1405814
1448304
1491823
1536583
1582675
1630278
1678999
1729319
1781424
1835109
1890406
1947276
2005504
20763
21379
22008
22669
23337
24028
24748
25514
26277
27021
27812
28626
29489
30392
31231
32151
33105
34066
35098
36124
37183
38279
39491
40646
41837
43089
44354
45701
47092
48540
49979
51535
53103
54663
56292
58002
59725
61544
63486
65363
67347
69376
71446
73583
75807
77998
80356
82819
85293
87900
90568
93294
96264
99173
102217
105273
108412
111682
115136
118544
122028
125737
129391
133290
137342
141523
145723
150048
154548
159165
163963
168934
174042
179216
184673
190395
196119
201932
207988
214276
220703
227184
234154
241333
248704
256143
263935
271794
280029
288486
297239
306289
315545
325227
335234
345441
355862
366458
377596
388745
400541
412507
424907
437669
450746
464463
478469
492883
507642
522859
538696
554776
571472
588616
606465
624669
643546
662963
682932
703419
724583
746502
769006
792344
816569
841302
866960
893150
920180
948203
976940
1006245
1036558
1067507
1099706
1132613
1166748
1202078
1238524
1275862
1314420
1353926
1394822
1436686
1479887
1524720
1570851
1618317
1666743
1717181
1769080
1822353
1877241
1933862
1992053
2052122
21082
21732
22396
23057
23830
24539
25277
26048
26847
27648
28500
29378
30256
31178
32160
33117
34133
35181
36274
37368
38522
39691
40861
42069
43356
44675
46002
47387
48852
50352
51904
53513
55131
56849
58609
60406
62265
64182
66097
68074
70059
72158
74322
76533
78833
81220
83708
86341
88911
91635
94435
97307
100190
103238
106282
109544
112851
116304
119820
123474
127177
131091
135099
139289
143515
147750
152141
156827
161469
166356
171302
176413
181645
187226
192786
198612
204717
210973
217407
224009
230804
237805
245011
252482
260200
268110
276206
284305
292943
301820
311039
320359
329951
339905
350354
360955
372015
383357
394732
406709
418930
431535
444707
458144
471878
486152
500915
516218
531724
547818
564376
581435
598984
617065
635587
654777
674819
695278
716313
738042
760482
783614
807539
832436
857628
883733
910630
938211
966341
995518
1025701
1056639
1088576
1121590
1155671
1190822
1226880
1264208
1302171
1341934
1382427
1424474
1467168
1511362
1556885
1604371
1652805
1702757
1754206
1807470
1861832
1917892
1976564
2036042
21113
21757
22397
23072
23761
24459
25224
26000
26788
27608
28482
29368
30290
31188
32113
33010
33976
35005
36069
37138
38239
39398
40594
41835
43076
44382
45695
47106
48521
49988
51512
53098
54696
56390
58077
59835
61620
63466
65363
67432
69510
71638
73819
76072
78368
80730
83138
85729
88403
91106
93878
96685
99734
102729
105902
109032
112330
115739
119251
122890
126626
130498
134551
138658
142848
147124
151621
156166
160931
165954
171105
176187
181533
186918
192668
198434
204417
210727
217054
223593
230456
237447
244630
252047
259534
267355
275480
283754
292376
301197
310247
319643
329225
339223
349538
360161
370873
382024
393625
405588
417924
430549
443765
457103
471114
485270
500066
515217
530886
547062
563777
581096
598789
617238
635894
655280
675272
695898
717169
738729
761289
784322
808071
832671
857920
884211
910760
938527
966982
996515
1026669
1057932
1090092
1123289
1157346
1192320
1228975
1266346
1304650
1344300
1385105
1427427
1470602
1515144
1561174
1608694
1657240
1707391
1758906
1812077
1867098
1923730
1982236
2042581
21151
21791
22466
23177
23861
24581
25324
26074
26887
27710
28590
29490
30340
31290
32221
33153
34194
35274
36355
37463
38623
39738
40958
42173
43414
44682
46034
47483
48929
50395
51841
53443
55101
56710
58397
60180
61945
63815
65757
67679
69772
71858
74035
76286
78654
80961
83482
86022
88706
91460
94167
97044
99888
102830
105867
109113
112488
115874
119381
123024
126762
130562
134522
138574
142762
147123
151585
156180
160970
165901
170903
176096
181448
187031
192653
198431
204449
210569
216858
223489
230291
237261
244407
251866
259500
267179
275409
283762
292371
301347
310451
319898
329695
339675
349898
360466
371504
382750
394365
406331
418776
431521
444648
458156
472170
486448
501109
516255
531940
548051
564640
581847
599624
617741
636484
656107
675930
696453
717648
739610
761987
785202
809208
833915
859173
885428
912548
940154
968733
998208
1028600
1059830
1092121
1125220
1159591
1194435
1230846
1268545
1306860
1346587
1387348
1429302
1472514
1517282
1563699
1610924
1659977
1710002
1761878
1815259
1870218
1927556
1985937
2046233
21072
21705
22398
23079
23737
24437
25185
25972
26724
27523
28345
29204
30131
31046
32015
32969
33966
34903
35973
37009
38134
39321
40587
41852
43158
44463
45802
47210
48598
50090
51684
53199
54893
56578
58333
60076
61866
63754
65669
67643
69666
71820
73958
76199
78426
80752
83193
85673
88200
90889
93637
96403
99266
102358
105482
108722
111966
115388
118991
122609
126322
130182
134095
138201
142404
146691
151119
155738
160573
165483
170571
175783
181143
186607
192238
198062
204066
210334
216812
223444
230084
237173
244444
251894
259491
267322
275280
283757
292251
301208
310332
319788
329480
339556
349832
360465
371382
382908
394616
406577
419054
431703
444882
458383
472361
486795
501862
517189
532810
549001
565603
582784
600508
618658
637411
656703
676805
697171
718304
740156
762924
786144
809972
834696
860063
886058
913034
940446
969101
998533
1028687
1059796
1091797
1124782
1159574
1194830
1231365
1268846
1307645
1347693
1388592
1430900
1474455
1519192
1565268
1612642
1661446
1712019
1763717
1817410
1872887
1929764
1988418
2048807
21080
21737
22389
23057
23770
24482
25232
25982
26767
27608
28485
29311
30206
31100
32088
32983
33970
34946
36050
37180
38347
39448
40704
41947
43207
44577
45972
47387
48823
50230
51742
53301
54960
56641
58360
60077
61889
63760
65753
67734
69798
71949
74097
76353
78667
81044
83471
86071
88689
91428
94200
97066
99940
102964
106096
109348
112640
116121
119638
123330
127052
130900
134787
138866
143127
147400
151938
156549
161235
166258
171375
176609
181960
187594
193361
199272
205322
211658
218092
224789
231777
238859
246095
253495
261218
269101
277212
285644
294413
303386
312650
322220
332191
342323
352834
363761
374968
386578
398487
410569
423033
436020
449158
462849
476708
491202
506390
521690
537481
553981
570910
588349
606358
624920
644014
663435
683503
704227
725575
747721
770775
794435
818632
843681
869329
896016
923407
951634
981099
1011108
1041959
1073422
1106281
1139380
1174236
1209962
1246794
1284615
1323583
1363919
1405197
1448248
1492141
1537315
1584259
1631919
1681301
1732327
1784951
1839168
1895182
1953060
2012443
20902
21549
22224
22913
23640
24341
25066
25817
26635
27433
28217
29063
29997
30918
31932
32931
33936
34983
36040
37167
38285
39455
40704
41924
43222
44574
45963
47343
48825
50325
51837
53408
55028
56760
58489
60290
62085
63944
65910
67956
70072
72175
74370
76663
79037
81418
83846
86386
89036
91752
94502
97418
100472
103609
106730
109986
113296
116695
120184
123899
127637
131477
135555
139659
143917
148288
152889
157495
162355
167259
172281
177598
182948
188497
194216
200114
206241
212511
219042
225720
232551
239780
247037
254585
262413
270402
278639
287276
296006
304975
314265
324058
333956
344122
354561
365357
376505
387900
399911
412006
424572
437521
450788
464386
478581
493184
508172
523689
539860
556336
573270
590540
608342
626957
646037
665740
686067
706889
728377
750405
773397
796755
821072
846139
872082
898574
925715
953835
982989
1013223
1044200
1076101
1108759
1142170
1176800
1212494
1249379
1287507
1327413
1367921
1409590
1452722
1496632
1542041
1589052
1637486
1687048
1738769
1791466
1845810
1902179
1960286
2020226
20727
21326
21983
22654
23343
24078
24748
25530
26323
27104
27930
28749
29653
30550
31523
32480
33500
34487
35527
36625
37737
38904
40083
41279
42565
43894
45206
46531
47925
49303
50815
52341
53946
55558
57213
58963
60810
62682
64614
66557
68550
70693
72792
74992
77243
79532
81899
84392
87032
89630
92383
95128
98115
101161
104145
107238
110464
113704
117198
120689
124322
128004
132016
136042
140167
144414
148848
153347
158072
162855
167904
172948
178233
183574
189192
195043
201039
206989
213293
219833
226471
233380
240419
247856
255444
263261
271505
279863
288347
297101
306075
315357
324887
334816
345072
355637
366424
377491
389061
400921
413433
426014
438983
452422
466462
480719
495032
510069
525679
541519
557898
574801
592395
610503
628944
648007
667833
688302
709356
731168
753467
776327
800137
824686
850123
876027
902591
929918
958239
987603
1017631
1048943
1080882
1113947
1147559
1182135
1218319
1255513
1293514
1332942
1373495
1415236
1458488
1502774
1548511
1595180
1644231
1694444
1746226
1799092
1854207
1911171
1969461
2029555
21043
21719
22360
23071
23810
24542
25309
26083
26856
27676
28517
29426
30328
31238
32190
33176
34225
35217
36324
37427
38592
39750
40969
42198
43514
44803
46175
47613
49115
50620
52096
53731
55402
57107
58873
60632
62532
64441
66369
68383
70464
72574
74739
77020
79322
81692
84162
86739
89341
92124
94943
97900
100947
103975
107092
110293
113708
117268
120761
124467
128320
132278
136439
140590
144854
149204
153684
158375
163119
168098
173286
178576
184017
189703
195514
201467
207598
213891
220455
227102
234019
241193
248580
256106
263980
272048
280290
288764
297651
306687
315982
325592
335812
346105
356542
367356
378485
390051
401892
414279
426901
439774
453323
467197
481439
495969
511369
527034
543042
559529
576706
594308
612469
631470
650700
670594
691166
712480
733952
756409
779594
803381
828234
853739
879945
906964
934645
963506
992904
1023028
1054062
1086014
1119284
1153301
1188879
1224950
1262582
1301072
1340919
1382036
1424000
1467560
1512421
1558730
1606430
1655338
1705625
1757566
1811104
1866598
1923286
1981914
2042289
21400
22091
22732
23446
24153
24914
25698
26467
27299
28086
28977
29834
30786
31719
32682
33721
34762
35794
36880
37982
39151
40315
41531
42750
44002
45379
46770
48194
49690
51138
52689
54316
55949
57598
59362
61160
63002
64839
66853
68891
71023
73207
75469
77785
80148
82574
85163
87737
90476
93249
96078
99159
102085
105240
108356
111658
115096
118490
122144
125785
129628
133487
137536
141896
146179
150704
155272
160033
164967
169924
175103
180456
185960
191732
197670
203546
209692
216131
222756
229542
236531
243886
251378
258859
266635
274632
283030
291710
300680
309924
319437
329249
339159
349481
359907
370835
382212
393818
405789
418263
430912
443884
457572
471698
486102
501031
516330
532299
548590
565480
582536
600311
618643
637487
656740
676679
697326
718578
740381
762756
786346
810332
835167
860917
887431
914327
942320
970938
1000448
1030944
1062597
1095220
1128936
1163408
1198973
1235773
1273569
1312160
1352137
1393399
1436049
1479532
1524785
1571459
1619168
1668682
1719721
1772050
1826011
1881919
1939576
1999044
2060071
21231
21862
22492
23154
23869
24585
25317
26100
26872
27639
28468
29305
30233
31130
32113
33101
34101
35134
36204
37278
38397
39531
40715
41980
43204
44517
45844
47211
48695
50211
51739
53289
54898
56538
58313
60095
61988
63821
65787
67728
69721
71843
73985
76321
78513
80902
83339
85945
88653
91370
94116
96977
100018
103033
106189
109494
112895
116348
119965
123603
127423
131378
135386
139490
143860
148302
152805
157540
162426
167296
172377
177719
183156
188766
194562
200567
206797
213139
219484
226264
233067
240234
247681
255281
262931
270886
279118
287752
296640
305483
314706
324263
334311
344474
354972
365810
377024
388550
400424
412555
425485
438412
451779
465531
479827
494512
509582
524904
540905
557416
574325
591940
609848
628595
647834
667473
687865
709126
730696
753175
775902
799545
824098
849313
875151
901996
929658
958152
987614
1017841
1048950
1080931
1113797
1147812
1182997
1219150
1256584
1294634
1333994
1374244
1416381
1459417
1503814
1549754
1597191
1646153
1696748
1748505
1801918
1856973
1913476
1972099
2032206
20627
21296
21931
22609
23302
24075
24778
25473
26241
27064
27900
28739
29672
30591
31482
32420
33392
34401
35456
36519
37669
38781
39969
41193
42478
43819
45145
46582
48043
49489
50961
52492
54072
55768
57415
59170
60959
62856
64776
66745
