102670
105466
108345
111323
114372
117435
120503
123662
126949
130341
133840
137437
140987
144797
148686
152598
156629
160921
165145
169571
174188
178834
183597
188571
193567
198894
204219
209729
215186
221037
226905
233168
239409
245833
252415
259131
266174
273328
280663
288168
295879
303715
311836
320329
329074
337938
347040
356486
366015
375672
385725
396146
406946
417921
429157
440754
452713
464840
477381
490128
503304
516900
530955
545182
559849
574907
590212
606287
623023
639877
657175
675005
693412
712133
731549
751411
771477
792450
814199
836431
859139
882620
906555
931501
956931
983139
1009792
1037341
1065482
1094807
1124802
1155383
1186827
1219146
1252101
1286387
1321451
1357455
1394404
1432565
1471571
1512171
1553618
1596062
1639826
1684609
1731506
1778757
1827537
1877690
1929523
1982304
2036813
20961
21520
22166
22766
23357
24051
24712
25383
26096
26825
27577
28322
29095
29869
30690
31527
32429
33341
34254
35262
36232
37264
38228
39306
40434
41542
42702
43920
45117
46363
47626
48906
50244
51587
52974
54464
55881
57428
59045
60656
62304
63981
65816
67712
69638
71577
73642
75710
77794
79945
82227
84505
86822
89245
91791
94332
97000
99702
102466
105403
108366
111449
114618
117830
121125
124524
127988
131633
135279
139074
142952
147007
151051
155314
159773
164243
168811
173594
178566
183637
188809
194176
199794
205438
211168
217229
223421
229690
236034
242579
249546
256613
263691
271197
279027
287015
295189
303339
311963
320806
329918
339263
348936
358891
369032
379515
390142
400934
412261
424029
436268
448779
461402
474734
488193
502072
516354
531135
546198
561661
577678
593967
610815
628122
645770
664265
683380
703195
723059
743781
765130
787064
809833
832839
856770
881149
906630
932631
959295
986704
1014987
1043897
1073672
1104113
1136146
1168335
1201858
1236274
1271602
1307863
1345343
1383769
1423748
1464554
1506421
1549788
1594286
1639672
1686684
1734939
1784929
1836610
1889614
1943664
2000065
20437
21014
21593
22241
22894
23525
24212
24925
25652
26369
27118
27866
28678
29501
30318
31180
32027
32978
33907
34921
35980
37019
38071
39218
40340
41478
42644
43862
45118
46414
47714
49060
50493
51939
53377
54964
56551
58184
59839
61598
63441
65300
67205
69245
71325
73416
75584
77799
80096
82425
84804
87344
89854
92508
95230
98020
100843
103834
106918
110063
113320
116557
119936
123518
127132
130857
134789
138666
142724
146913
151186
155560
160054
164809
169643
174636
179801
184977
190451
196111
201822
207740
213895
220103
226473
233163
239950
246843
253981
261569
269207
277098
285312
293778
302295
311244
320343
329739
339442
349579
359832
370468
381554
392874
404463
416354
428701
441241
454080
467445
481188
495439
510234
525417
540793
556781
573239
590063
607286
625309
643778
662695
682318
702712
723381
744923
766999
789497
812858
837015
861778
887453
913854
941078
968895
997749
1027343
1057871
1089379
1121767
1154949
1189511
1225033
1261496
1298876
1337013
1377133
1417828
1460001
1503520
1548202
1594043
1641616
1690485
1740861
1793174
1846325
1901386
1957998
2016015
20588
21190
21826
22470
23133
23801
24508
25253
26023
26798
27613
28418
29166
30053
30995
31966
32894
33886
34941
36004
37040
38148
39350
40592
41797
43019
44290
45651
47062
48437
49890
51387
52914
54455
56027
57743
59425
61219
63077
64949
66899
68902
70970
73067
75307
77589
79948
82320
84865
87506
90181
92942
95636
98571
101614
104728
107781
111068
114439
117903
121490
124982
128706
132624
136670
140747
144883
149208
153653
158265
162972
167843
172974
178244
183547
189055
194775
200680
206685
212963
219486
226183
232836
239848
247207
254582
262201
270140
278246
286673
295351
304147
313496
322961
332737
342895
353285
364045
375167
386637
398383
410490
422980
435925
449223
462917
476621
491005
506063
521281
537099
553392
570411
587699
605585
624064
643288
663020
683363
704276
725745
747794
770671
794024
818218
843106
868842
895690
922550
950942
979846
1009893
1040738
1072480
1105197
1139182
1174385
1210470
1247574
1285863
1325097
1365676
1407491
1450706
1495173
1541214
1588254
1637020
1687643
1739351
1792960
1847978
1904807
1963442
2023635
20967
21617
22282
22944
23688
24428
25205
25952
26714
27524
28328
29136
30037
30926
31887
32791
33793
34796
35870
36980
38130
39388
40622
41827
43152
44443
45727
47106
48501
50020
51605
53210
54900
56585
58331
60145
61954
63845
65814
67858
69963
72069
74384
76671
79008
81397
83863
86507
89115
91818
94632
97625
100638
103664
106850
110078
113490
117113
120733
124479
128405
132454
136494
140863
145190
149668
154289
158982
163789
168974
174283
179833
185417
191188
197210
203354
209721
216186
222807
229650
236920
244499
252121
260046
268084
276409
285016
293894
303045
312392
322133
332196
342369
353090
364188
375648
387366
399442
411992
424933
438415
452059
466147
480820
495927
511444
527459
543775
560753
578265
596322
614944
634377
654087
674533
695795
717462
739975
763158
786811
811693
837064
863549
890757
918819
947735
977274
1008149
1039751
1072337
1106072
1140835
1176919
1213770
1252044
1291325
1331990
1373726
1417410
1462165
1508336
1556142
1605143
1655684
1707395
1761364
1816789
1874144
1933151
1994619
2057207
21061
21714
22409
23111
23784
24545
25341
26178
26996
27799
28637
29588
30513
31542
32535
33588
34676
35830
36903
38119
39312
40608
41935
43215
44607
46053
47489
48977
50505
52153
53763
55478
57222
59080
60954
62884
64942
67007
69165
71314
73576
75969
78476
80982
83545
86182
88887
91786
94786
97704
100805
104021
107259
110642
114171
117880
121695
125541
129609
133769
138108
142645
147280
151930
156751
161716
166761
172017
177362
183084
189089
195026
201043
207506
214212
220896
228070
235413
243022
250685
258853
267184
275773
284782
293814
303188
313014
323001
333366
344121
355333
366842
378524
390558
403186
416339
429617
443370
457620
472294
487425
503002
519251
535847
552974
570851
589181
607849
627509
647649
668475
690038
712453
735759
759416
783808
809093
835164
861980
889921
919054
948600
979108
1010713
1043384
1076938
1111794
1147567
1184621
1223269
1262994
1303925
1345568
1389150
1434244
1480444
1528325
1578087
1628850
1681142
1735112
1791248
1849194
1909132
1971096
2034847
20873
21528
22215
22942
23683
24474
25269
26129
27012
27872
28760
29709
30675
31618
32632
33677
34756
35859
36996
38149
39380
40631
41968
43306
44720
46188
47717
49265
50903
52579
54317
56020
57782
59656
61603
63616
65697
67857
70023
72261
74592
77064
79578
82156
84803
87517
90387
93315
96279
99435
102602
105946
109437
112961
116730
120496
124462
128485
132647
136903
141392
146008
150803
155856
160945
166322
171793
177445
183269
189367
195723
202120
208752
215665
222711
229903
237555
245318
253323
261445
269952
278737
287946
297324
307096
317080
327421
338096
349073
360472
372171
384403
397112
409954
423440
437493
451801
466688
482107
497926
514360
531341
548768
566773
585546
604548
624598
645124
666204
688064
710369
733905
758036
782808
808479
835180
862315
890613
919679
949860
981454
1013690
1047017
1081231
1117050
1153858
1191441
1230387
1271167
1312805
1355658
1400505
1446656
1493749
1542959
1593870
1645995
1699962
1755696
1813308
1873269
1934747
1998616
2064336
21136
21829
22501
23263
24016
24802
25617
26474
27362
28258
29165
30106
31115
32181
33309
34392
35517
36688
37859
39094
40423
41774
43131
44562
46031
47542
49188
50904
52558
54295
56126
57979
59911
61943
63979
66075
68193
70476
72866
75196
77695
80369
83097
85888
88774
91739
94767
97903
101134
104503
108002
111543
115152
118977
122863
126985
131119
135434
140005
144513
149337
154452
159614
165040
170567
176311
182128
188114
194318
200614
207210
214097
221189
228518
236102
243962
252091
260472
268977
277871
287223
296835
306727
317070
327490
338347
349598
361121
373133
385473
398109
411353
425152
439318
453676
468824
484399
500394
517082
534373
552001
570416
589400
608989
628867
649689
671280
693548
716445
740399
765063
790146
816620
843688
871955
901077
931081
961853
994108
1027321
1061172
1096604
1133175
1170822
1209851
1249884
1291298
1334218
1378436
1424533
1471898
1520679
1571301
1623753
1677903
1733349
1790762
1850462
1911991
1975622
2041530
21221
21908
22656
23383
24148
24997
25812
26698
27532
28461
29340
30354
31403
32432
33527
34606
35754
36989
38213
39502
40870
42208
43593
45041
46502
48096
49696
51344
53098
54877
56649
58545
60494
62484
64591
66725
68836
71097
73483
75909
78432
81047
83788
86593
89483
92418
95511
98634
102012
105350
108917
112545
116298
120095
124246
128410
132691
137198
141921
146584
151459
156508
161766
167108
172841
178578
184444
190680
197120
203678
210656
217783
225008
232429
240426
248485
257004
265565
274531
283820
293364
303115
313365
323814
334706
345895
357410
369247
381674
394513
407741
421421
435640
450131
465225
480786
496919
513695
531037
548779
567201
586137
605713
625921
646819
668487
690884
714064
738026
762890
788176
814529
841865
870056
899248
929401
960809
992858
1026138
1060576
1096239
1132730
1170393
1210220
1251188
1293287
1336809
1381562
1427504
1475413
1525029
1576091
1628814
1683485
1740041
1798708
1858877
1921063
1985869
2052292
21416
22120
22817
23588
24368
25154
26043
26955
27874
28769
29746
30778
31750
32785
33880
34938
36096
37368
38583
39888
41237
42651
44084
45526
47078
48664
50241
51958
53700
55577
57397
59251
61279
63430
65619
67778
70068
72402
74885
77407
79966
82703
85498
88335
91297
94384
97520
100742
104066
107473
111091
114783
118658
122636
126776
130959
135368
139985
144750
149668
154673
159915
165227
170777
176643
182823
189137
195496
202006
208902
215809
223029
230377
238108
246072
254291
262800
271571
280670
290086
300015
309962
320476
331294
342660
354230
366209
378344
391111
404256
417831
431911
446498
461504
477243
493319
510249
527447
545343
563691
582580
602371
622870
643989
665804
688250
711216
735173
760126
785803
811959
839142
867646
897117
927260
958276
990384
1023994
1058620
1094452
1131114
1169174
1208520
1249115
1291095
1334584
1379507
1425841
1473947
1523246
1574878
1628168
1682610
1739291
1797490
1858235
1921004
1985637
2052392
20962
21647
22324
23074
23877
24661
25515
26345
27228
28203
29157
30146
31143
32141
33213
34363
35520
36694
37910
39201
40565
41948
43373
44842
46363
47853
49538
51151
52896
54632
56478
58389
60373
62473
64537
66710
69032
71350
73785
76296
78914
81522
84245
87081
89995
93106
96196
99475
102882
106373
110014
113775
117648
121706
125703
129887
134243
138803
143533
148247
153231
158360
163703
169323
174983
180732
186801
193069
199540
206266
213030
220232
227690
235527
243708
251892
260452
269291
278383
287856
297742
307862
318309
328931
340089
351579
363392
375682
388202
401159
414765
428838
443353
458306
473953
490117
506700
523615
541507
559653
578866
598440
618613
639309
660959
683269
706486
730432
755294
780694
806656
833914
862039
891382
921355
952322
984562
1017602
1052155
1088146
1124969
1162679
1201808
1242430
1284343
1327993
1372803
1418917
1467331
1517042
1568460
1621439
1676450
1733793
1792454
1852885
1915550
1980317
2047016
21022
21760
22545
23306
24102
24976
25816
26676
27596
28534
29519
30494
31512
32537
33663
34774
35928
37100
38366
39644
40964
42334
43722
45202
46727
48282
49990
51676
53378
55192
57028
58926
60921
62930
65047
67289
69580
71996
74376
76879
79421
82047
84870
87705
90746
93794
97032
100290
103677
107337
110960
114623
118578
122681
126828
130992
135348
139850
144594
149489
154474
159773
165134
170610
176339
182270
188472
194930
201591
208400
215340
222508
230035
237897
245927
254238
262915
271891
281117
290697
300344
310506
321135
332209
343705
355237
367376
379714
392651
406001
419627
433724
448575
463699
479403
495639
512272
529779
547559
566078
585138
604778
625137
646289
668000
690553
713801
737929
762675
788715
815032
842711
871295
900541
930913
962410
995019
1028847
1063836
1099888
1137115
1175501
1215569
1256812
1299353
1343298
1388940
1435761
1484441
1534718
1586495
1640104
1695852
1753622
1812716
1874327
1937453
2002806
20709
21437
22144
22919
23719
24497
25349
26210
27102
28048
29025
29970
30970
32062
33209
34279
35499
36634
37869
39166
40497
41890
43218
44667
46136
47763
49374
51087
52800
54592
56376
58276
60300
62411
64532
66705
69012
71358
73808
76352
78936
81654
84443
87239
90213
93281
96451
99700
103067
106564
110244
113969
117774
121800
125787
130096
134590
139064
143760
148730
153756
158933
164354
169955
175695
181632
187700
194046
200539
207265
214317
221647
229193
237109
245071
253466
262175
270952
280125
289642
299551
309781
320151
330972
342061
353535
365585
377984
390739
403928
417559
431596
446112
461226
476814
492972
509553
526828
544731
563121
582392
602136
622523
643702
665554
688099
711465
735458
760021
785734
812464
839858
868161
897544
927789
959183
991670
1025165
1059795
1095956
1133596
1172196
1212313
1253192
1295686
1340062
1385452
1432790
1481715
1532105
1584133
1638604
1693997
1751662
1810990
1872475
1936063
2001407
20791
21480
22186
22927
23712
24491
25337
26204
27112
28023
28947
29915
30910
31927
33008
34109
35271
36492
37710
39038
40347
41693
43063
44443
45919
47531
49180
50916
52632
54443
56292
58154
60044
62088
64223
66304
68572
70903
73348
75880
78476
81112
83873
86700
89653
92708
95787
98994
102294
105708
109233
112945
116768
120622
124719
129095
133461
137972
142618
147495
152455
157685
163088
168676
174276
180106
186139
192321
198997
205703
212686
219916
227447
235090
242979
251151
259780
268629
277651
287141
296894
306987
317302
327954
339058
350478
362364
374747
387504
400632
414154
428098
442720
457743
473161
489177
505605
522676
540558
558938
577901
597362
617729
638700
660453
683090
706038
729949
754742
780222
806513
833992
862430
891486
922029
953058
985705
1019122
1053381
1088951
1125784
1164103
1203535
1244280
1286606
1330312
1375194
1421516
1469815
1519925
1571280
1624486
1679904
1736904
1795945
1856901
1919857
1984789
2052633
21150
21870
22553
23328
24099
24927
25785
26632
27550
28486
29507
30427
31472
32517
33645
34790
35935
37129
38438
39751
41142
42584
44108
45597
47122
48750
50434
52098
53959
55835
57869
59888
61960
64017
66211
68492
70799
73141
75635
78158
80866
83568
86354
89272
92274
95446
98602
101895
105411
108963
112602
116428
120279
124401
128542
132879
137248
141915
146800
151805
156852
162067
167513
173180
179141
185299
191509
197969
204603
211593
218738
226038
233822
241789
249951
258266
267111
276150
285528
295088
305041
315531
326204
337244
348839
360529
372729
385302
398480
411991
426074
440510
455498
471009
487076
503577
520876
538416
556750
575786
595208
615421
636434
657902
680468
703658
727718
752261
777881
804214
831448
859683
888912
919309
950558
982921
1016258
1050492
1086123
1122944
1160962
1200444
1241420
1283211
1326563
1371472
1417820
1466130
1515961
1567119
1620294
1675089
1732570
1791449
1851897
1914752
1979635
2046752
20909
21599
22329
23131
23922
24682
25499
26352
27218
28118
29069
30001
30984
31978
33109
34243
35395
36582
37866
39093
40395
41768
43203
44662
46105
47663
49267
50887
52618
54353
56178
58038
60037
61963
64099
66298
68451
70836
73191
75709
78235
80801
83574
86419
89393
92374
95578
98745
102021
105506
109247
113023
116893
120895
124943
129163
133664
138199
142947
147664
152650
157772
163264
168694
174265
180260
186367
192752
199249
206049
213014
220295
227769
235563
243505
251910
260493
269330
278386
287772
297603
307632
317942
328801
339993
351678
363749
376106
388866
401988
415412
429615
444304
459486
474984
491025
507858
525084
542873
561278
580448
600442
620806
642058
663874
686408
709722
733850
758480
784479
811343
838897
867653
897282
927780
959301
991901
1025545
1060412
1096606
1133486
1171989
1211624
1252865
1295340
1339424
1384564
1431616
1480481
1531182
1583156
1636889
1692852
1750095
1809390
1870390
1933793
1999659
2067888
21225
21935
22678
23448
24265
25097
25964
26830
27742
28635
29573
30580
31604
32742
33859
35042
36209
37448
38754
40105
41452
42827
44300
45785
47347
48967
50667
52347
54220
56002
57984
59944
61960
63984
66123
68381
70719
73113
75711
78325
80983
83789
86621
89510
92506
95632
98953
102378
105912
109366
113110
116961
120929
124999
129216
133680
138167
142791
147737
152767
157943
163288
168729
174433
180328
186464
192809
199478
206244
213178
220452
227961
235811
243819
252093
260661
269492
278506
287888
297575
307647
318091
328978
340187
351640
363538
375813
388761
402055
415556
429699
444387
459368
474953
491042
507819
524939
542778
561233
580057
599615
619982
641205
663036
685513
708716
732713
757660
783095
809762
837242
865712
895143
925465
956827
989306
1022862
1057864
1093839
1131396
1169896
1209539
1250671
1293111
1336762
1381833
1429178
1477621
1527689
1579635
1633381
1688622
1745952
1805671
1867217
1930580
1996600
2064237
21282
21990
22759
23537
24322
25123
25941
26823
27742
28659
29626
30649
31689
32831
33959
35089
36306
37510
38730
40026
41355
42751
44132
45599
47136
48680
50312
52033
53816
55697
57656
59572
61593
63661
65955
68140
70382
72685
75195
77645
80281
83059
85878
88839
91903
95096
98302
101606
105025
108596
112278
116044
120001
124095
128206
132495
137063
141573
146428
151368
156495
161811
167309
172990
178899
185046
191345
197995
204714
211541
218722
226156
233880
241687
249936
258376
267221
276288
285753
295403
305375
315697
326578
337656
349287
361337
373456
386199
399305
412830
427001
441490
456424
472020
488295
504712
521996
539708
558338
577006
596812
617012
637928
659651
682173
705419
729406
754159
780132
806697
834013
862372
891244
921494
952673
985190
1018353
1053280
1089408
1126515
1164673
1204561
1245500
1287965
1331921
1376986
1424049
1472296
1522233
1574262
1627982
1683323
1740589
1799515
1860616
1923996
1989399
2057348
21422
22187
22949
23719
24511
25334
26207
27100
28054
28966
29991
31047
32077
33255
34344
35488
36681
37981
39230
40560
41906
43410
44872
46464
47973
49558
51250
53022
54780
56575
58489
60473
62491
64624
66771
69035
71375
73829
76253
78933
81570
84377
87199
90116
93219
96370
99692
103110
106731
110439
114141
118100
122084
126287
130566
135009
139619
144287
149188
154318
159512
164931
170442
176318
182427
188611
195049
201663
208413
215402
222777
230393
238248
246340
254761
263506
272506
281892
291483
301239
311468
321993
332986
344300
356043
368100
380543
393446
406879
420538
434770
449404
464477
480348
496579
513454
531005
548895
567623
586695
606597
627119
648457
670637
693631
717241
741552
766956
793028
819884
847914
876795
906419
937388
969257
1002168
1036476
1071696
1108084
1145641
1184833
1225164
1267025
1310211
1354718
1400544
1448408
1497910
1549154
1602045
1656563
1712888
1770960
1831510
1893718
1958357
2025045
20990
21673
22405
23198
23986
24772
25629
26514
27386
28321
29350
30359
31355
32419
33587
34761
35916
37161
38341
39631
40947
42337
43782
45283
46828
48379
50003
51648
53374
55197
57103
59041
61104
63171
65339
67526
69856
72213
74643
77096
79682
82426
85241
88165
91184
94391
97494
100908
104307
107810
111469
115302
119237
123316
127604
131938
136399
141101
145873
150769
155796
161075
166592
172332
178241
184260
190699
197093
203759
210857
217943
225466
233134
241084
249237
257774
266616
275742
285338
295030
305132
315567
326272
337308
348627
360609
372837
385565
398457
412053
426057
440446
455366
470826
486771
503294
520611
538052
556479
575416
594956
615360
636495
658354
680721
704133
728052
752763
778062
804524
831541
859803
888955
919164
950717
982888
1016375
1050835
1086787
1123828
1162281
1201581
1242618
1284600
1328347
1373718
1420537
1468843
1518739
1570274
1623562
1678832
1735618
1794748
1856231
1919073
1984964
2052752
21138
21885
22614
23408
24222
25049
25974
26834
27681
28607
29579
30580
31613
32689
33786
34949
36198
37370
38614
39914
41305
42698
44153
45598
47127
48722
50376
52106
53888
55714
57634
59636
61685
63853
66109
68347
70620
72939
75413
78041
80744
83506
86398
89402
92368
95600
98847
102297
105787
109457
113199
117074
120972
125134
129294
133755
138250
142894
147848
152830
158121
163503
169058
174857
180847
186821
193244
199862
206680
213710
220957
228378
236253
244411
252674
261298
270213
279402
288909
298770
308999
319485
330383
341714
353395
365408
377984
390814
404058
417880
432161
446749
461879
477638
493950
510746
528239
546112
564552
583607
603560
623953
644942
666958
689883
713518
738009
763203
789060
815899
843670
872033
901592
932430
964298
997077
1031110
1066353
1102671
1140245
1179170
1219344
1260971
1304022
1348282
1393948
1441522
1490510
1540908
1593154
1647415
1703306
1761286
1821115
1882973
1947104
2013241
20646
21346
22050
22787
23547
24337
25191
26002
26906
27915
28899
29905
30899
31934
33038
34132
35274
36548
37798
39101
40444
41758
43165
44676
46164
47781
49381
