102418
104902
107315
109941
112605
115386
118143
120997
123985
126973
130118
133346
136573
139963
143381
146880
150487
154121
157871
161745
165685
169747
173871
178266
182515
187084
191644
196338
201061
205982
211004
216367
221680
227183
232769
238571
244465
250518
256667
263155
269696
276461
283107
290239
297384
304722
312300
320037
327858
335934
344188
352745
361418
370446
379760
389231
398881
408800
419084
429535
440156
450987
462344
473966
485765
497997
510326
523086
535896
549051
562731
576947
591319
605812
620844
636151
651934
668182
684827
702081
719743
737777
756278
775143
794573
814585
835093
856308
878094
900167
922821
946039
970021
994379
1019398
1045058
1071420
1098494
1125987
1154215
1183404
1213441
1243899
1275126
1307322
1340507
1374217
1409247
1445057
1481685
1519072
1557741
1597448
1637924
1679653
1722295
1765530
1810440
1856396
1903565
1951951
2001816
20438
21003
21492
22011
22573
23172
23762
24354
24954
25602
26254
26892
27588
28320
29069
29852
30580
31364
32157
32936
33729
34635
35551
36436
37348
38294
39304
40330
41366
42395
43462
44598
45708
46842
48069
49309
50555
51867
53218
54623
56075
57578
59046
60552
62176
63833
65430
67140
68914
70773
72687
74609
76624
78570
80649
82821
84956
87133
89457
91830
94271
96732
99232
101865
104455
107166
109933
112833
115758
118767
121770
124891
128145
131482
134993
138503
142108
145857
149727
153583
157576
161682
165886
170325
174782
179474
184173
189008
194024
199184
204407
209837
215333
221003
226804
232892
239025
245351
251895
258615
265483
272304
279399
286723
294046
301706
309797
318006
326432
335050
343876
352935
362381
372014
381851
391944
402289
412992
424015
435200
446809
458755
470954
483454
496070
509253
522757
536623
550926
565431
580407
595720
611502
627590
644471
661656
679205
697254
715681
734695
754333
774409
794986
816340
838158
860689
883999
907572
931558
956521
981893
1007993
1034950
1062702
1091326
1120393
1150284
1180954
1212506
1245189
1278159
1312324
1347628
1383599
1420399
1458496
1497684
1537642
1579380
1621822
1665316
1710426
1756064
1802979
1851203
1900753
1951934
2004521
20368
20914
21437
22017
22598
23222
23822
24450
25121
25761
26408
27110
27847
28639
29433
30259
31118
31940
32770
33651
34545
35455
36408
37416
38402
39489
40555
41666
42802
44029
45191
46395
47638
48959
50218
51618
53008
54477
56026
57596
59109
60657
62346
64135
65889
67770
69616
71577
73510
75520
77537
79684
81934
84111
86393
88765
91231
93702
96229
98890
101621
104390
107197
110194
113260
116417
119641
122905
126313
129871
133425
137036
140800
144739
148722
152703
156973
161341
165737
170289
174991
179800
184719
189740
194963
200301
205803
211482
217310
223386
229395
235711
242242
248876
255628
262610
269849
277321
284936
292818
300862
309124
317512
326253
335247
344695
354102
363806
373622
383966
394413
405260
416383
427946
439796
451801
464400
477216
490228
503747
517716
531879
546568
561593
577090
593025
609503
626248
643602
661368
679573
698437
717919
737728
757998
779114
800934
822965
845924
869253
893506
918428
944049
970165
997051
1025067
1053673
1082924
1113100
1143932
1175544
1208465
1242155
1277064
1312455
1349171
1387055
1425524
1464995
1506015
1548371
1591568
1636008
1681751
1728954
1776986
1826433
1877831
1930381
1984379
2039720
20685
21240
21837
22476
23117
23746
24431
25121
25824
26518
27265
28035
28778
29588
30378
31205
32088
33050
33948
34907
35901
36850
37870
38945
40046
41176
42282
43461
44691
45946
47226
48606
50016
51424
52854
54395
55930
57596
59245
60907
62601
64381
66249
68074
70047
72018
74105
76134
78272
80527
82774
85059
87466
89966
92625
95211
97863
100611
103361
106135
109133
112230
115393
118651
121943
125470
129018
132640
136288
140107
144027
148033
152169
156468
160856
165261
169978
174747
179625
184628
189805
195197
200704
206308
212343
218386
224598
231067
237518
244234
251026
258162
265619
273190
280991
288787
296908
305235
313933
322715
331766
341029
350885
360967
370980
381486
392428
403527
415127
426794
439086
451516
464208
477388
491167
505283
519724
534456
549664
565413
581814
598300
615405
632849
650694
668987
687878
707339
727702
748256
769448
791383
813957
837213
861179
885597
910960
936726
963701
991125
1019092
1048358
1078286
1109181
1140866
1173208
1206730
1241446
1276826
1313250
1350523
1389242
1429275
1470349
1512584
1555974
1600656
1646086
1693575
1741952
1792215
1843368
1896020
1950572
2006452
20675
21275
21877
22471
23124
23767
24436
25167
25904
26681
27429
28160
28943
29771
30643
31481
32324
33212
34150
35150
36134
37200
38284
39408
40543
41752
42999
44233
45511
46764
48113
49494
50968
52426
53964
55557
57198
58884
60584
62362
64194
66099
67982
69873
71889
73889
76079
78267
80473
82772
85141
87605
90040
92650
95345
98028
100821
103673
106533
109571
112794
116045
119361
122931
126574
130212
134018
137904
141957
146014
150193
154478
158910
163402
168108
173033
178098
183413
188825
194203
199794
205562
211507
217705
223968
230504
237153
243935
250997
258203
265516
273136
281036
289135
297608
306252
315156
324240
333771
343345
353186
363508
373993
384789
396047
407440
419248
431588
443904
456831
470104
483907
497894
512237
527090
542458
558071
574158
590646
607787
625623
643807
662565
681648
701349
721662
742809
764250
786675
809569
833051
857108
882023
907560
934172
961526
989144
1018031
1047971
1078553
1110033
1142156
1175147
1209536
1244985
1281464
1318471
1356567
1396231
1436942
1478620
1522059
1566242
1611571
1658725
1707324
1757318
1808827
1861517
1915857
1971819
2029283
20875
21506
22147
22810
23474
24168
24857
25590
26345
27150
27965
28752
29609
30440
31359
32316
33295
34245
35284
36317
37385
38434
39584
40739
41952
43212
44501
45800
47136
48546
49956
51433
52919
54552
56181
57754
59459
61188
62934
64755
66714
68704
70743
72913
75020
77192
79461
81785
84206
86624
89166
91864
94599
97415
100321
103326
106284
109264
112418
115654
119042
122565
126084
129877
133719
137616
141668
145801
150195
154611
159206
163840
168589
173597
178703
183985
189358
194925
200667
206716
212790
219139
225509
232279
239114
246118
253315
260883
268541
276366
284345
292572
301206
309857
318997
328456
338144
348150
358405
368982
379836
391137
402660
414311
426574
439338
452433
465949
479490
493534
508051
523106
538449
554201
570601
587382
604699
622542
641063
660007
679532
699706
720311
741624
763334
785493
808771
832749
857116
882323
908366
935042
962431
991263
1020529
1050720
1081767
1113459
1146218
1180226
1215170
1251538
1288415
1326503
1365528
1405981
1447657
1490582
1534567
1579912
1626561
1674739
1724045
1774644
1827284
1881501
1937813
1995201
2054427
21419
22071
22725
23394
24054
24760
25490
26259
27065
27835
28678
29515
30362
31266
32223
33109
34032
35082
36122
37244
38313
39428
40565
41829
43097
44384
45612
46938
48357
49779
51215
52760
54240
55840
57525
59223
60994
62738
64534
66393
68420
70483
72528
74685
76930
79201
81537
84045
86569
89172
91762
94472
97196
100090
103113
106220
109442
112653
116022
119408
123064
126707
130453
134215
138175
142257
146471
150830
155330
159920
164700
169699
174656
179747
185075
190567
196323
202150
208166
214328
220725
227316
234173
241040
248105
255422
263064
270944
279045
287417
295928
304769
313724
323052
332667
342599
352865
363664
374478
385738
397039
408733
420957
433706
446831
460278
474028
488126
502778
517596
533038
548805
565151
581904
599191
616901
635190
654167
673646
693892
714621
735950
757922
780663
803934
827889
852601
877853
904351
931437
959347
987942
1017615
1047715
1078938
1111349
1144734
1178563
1213735
1249872
1286951
1325392
1365044
1405966
1448041
1491370
1535720
1581403
1628544
1677245
1726908
1778228
1830987
1885581
1942055
1999927
2059291
21018
21638
22270
22921
23583
24299
24989
25762
26557
27345
28171
28993
29861
30750
31668
32596
33557
34509
35498
36589
37680
38797
39955
41170
42430
43684
44998
46313
47689
49183
50676
52235
53747
55421
57026
58682
60481
62292
64133
66040
68007
69980
71994
74112
76414
78728
81080
83574
86128
88689
91334
94040
96893
99760
102681
105809
109016
112200
115577
119013
122659
126312
130035
133945
137848
141975
146249
150593
155262
159912
164741
169763
174869
180128
185531
191116
196942
202723
208805
214939
221336
228082
234812
241871
249183
256706
264497
272370
280491
288821
297556
306452
315701
325294
335196
345050
355406
366140
377175
388530
400082
412277
424644
437520
450574
464189
478355
492733
507363
522730
538133
554313
570949
588023
605510
623547
642315
661525
681304
701746
722662
744593
766813
789682
813435
837863
863011
888779
915322
942734
970941
1000251
1030208
1061252
1093298
1125943
1159544
1194118
1229923
1266500
1304217
1343148
1383680
1425022
1468088
1512259
1557798
1604652
1652598
1702129
1753086
1805634
1859950
1916018
1973553
2032875
20839
21398
22028
22695
23388
24106
24817
25599
26361
27102
27888
28742
29585
30478
31410
32372
33406
34365
35364
36416
37579
38704
39886
41066
42325
43632
44921
46273
47660
49010
50424
52004
53520
55150
56762
58407
60209
61986
63852
65773
67728
69790
71879
74027
76275
78662
80966
83355
85843
88352
90844
93617
96435
99303
102338
105388
108538
111744
115026
118559
122164
125811
129615
133574
137725
142047
146203
150516
155039
159661
164407
169410
174486
179785
185196
190688
196393
202236
208351
214651
221143
227905
234662
241813
249091
256704
264250
272158
280301
288675
297399
306493
315714
324999
334852
345042
355514
366152
377309
388604
400142
412337
424759
437585
450624
464204
478310
492710
507457
522580
538485
554695
571452
588660
606307
624629
643401
662782
682868
703431
724642
746495
768671
792003
815648
840263
865503
891411
918420
946019
974959
1003993
1034224
1065499
1097839
1130759
1164951
1199996
1236477
1273587
1311802
1351169
1391850
1433845
1477140
1521655
1567800
1615154
1663923
1713905
1765270
1818335
1873166
1930061
1988243
2047833
20993
21615
22285
22970
23645
24349
25100
25822
26599
27382
28194
29057
29886
30819
31791
32832
33817
34826
35836
37007
38182
39311
40505
41633
42897
44254
45594
46941
48340
49767
51220
52701
54297
55935
57562
59281
61010
62915
64758
66778
68803
70895
72999
75186
77440
79786
82209
84705
87250
89883
92529
95329
98217
101098
104127
107296
110578
113848
117192
120675
124283
128035
131880
135849
139912
144134
148426
152903
157573
162242
167100
172190
177457
182916
188555
194342
200346
206423
212645
219157
225721
232530
239616
246741
254308
261939
269794
278051
286299
294798
303663
312727
322092
332097
342171
352574
363200
374179
385363
397248
409205
421455
434312
447302
460911
474806
489050
503766
518865
534576
550699
567247
584409
601928
620133
638750
658063
678166
698859
719897
741833
764355
787376
811398
835715
860719
886703
913467
941045
969618
998841
1029074
1060331
1092157
1125293
1159305
1194354
1230822
1268148
1306491
1346003
1386414
1428531
1471653
1516108
1562132
1609049
1657498
1707514
1759202
1812572
1867112
1923557
1981702
2041717
21204
21831
22480
23148
23838
24555
25290
26044
26844
27675
28526
29438
30329
31246
32221
33195
34221
35288
36353
37437
38593
39730
40973
42265
43526
44840
46253
47697
49175
50683
52137
53726
55348
57031
58728
60551
62419
64285
66221
68268
70294
72417
74543
76867
79204
81529
84096
86636
89240
92028
94857
97732
100700
103779
106871
110145
113499
117008
120602
124174
127993
131795
135776
139975
144199
148505
153001
157576
162378
167348
172528
177637
183121
188616
194361
200306
206268
212518
219065
225720
232630
239562
246761
254259
261878
269880
277969
286154
294677
303645
312775
322374
332042
342185
352359
363328
374448
386014
397884
409800
422324
435227
448593
462070
476059
490366
505160
520326
535920
552197
568885
585946
603764
622049
640856
660173
679999
700683
721997
744032
766404
789908
813942
838790
864496
890846
918066
946024
974879
1004451
1035104
1066280
1098368
1131425
1166192
1201756
1238359
1276005
1314447
1354151
1395077
1437246
1480936
1525846
1572259
1619922
1668789
1719333
1771200
1825146
1880541
1937891
1996486
2056996
21318
21988
22600
23250
23939
24699
25420
26196
26991
27841
28695
29535
30422
31295
32251
33232
34225
35288
36376
37517
38655
39813
41001
42295
43546
44873
46292
47704
49059
50559
52075
53678
55301
57003
58754
60517
62351
64247
66206
68241
70310
72489
74687
76905
79282
81645
84094
86648
89247
91991
94761
97591
100628
103709
106737
109994
113337
116849
120481
124105
127862
131690
135667
139761
144056
148518
153083
157599
162360
167257
172506
177702
183031
188616
194296
200168
206287
212595
219120
225842
232672
239658
246974
254561
262219
270057
278244
286728
295548
304505
313729
323174
333155
343164
353497
364147
375069
386284
397944
410003
422486
435296
448340
461730
475816
490043
504882
520082
535860
552240
569121
586565
604505
622982
641813
661203
681347
701866
723250
745192
767708
791291
815126
840024
865642
892072
918956
946627
975269
1005011
1035281
1066712
1099075
1132510
1166862
1202136
1239049
1276013
1314710
1354432
1395618
1437962
1481702
1526557
1573026
1620813
1669783
1720259
1772432
1826697
1882422
1939365
1998429
2058906
21208
21833
22488
23155
23880
24571
25345
26120
26880
27768
28605
29461
30374
31275
32268
33279
34293
35382
36467
37592
38736
39884
41090
42338
43683
45028
46404
47794
49232
50708
52239
53819
55416
57107
58887
60657
62473
64392
66357
68363
70468
72729
74997
77215
79493
81955
84515
87054
89730
92394
95258
98233
101146
104189
107340
110558
113987
117447
120987
124618
128416
132387
136262
140412
144703
149196
153773
158430
163203
168090
173154
178446
183884
189383
195076
201052
207323
213588
219965
226657
233542
240751
248033
255527
263272
271181
279290
287885
296565
305605
314924
324388
334182
344392
354835
365567
376745
388039
399955
412058
424393
437309
450719
464231
478323
493092
508159
523873
539753
556301
573382
590816
608724
627202
646215
665758
685892
706619
727934
749895
772609
796420
820666
845815
871585
898216
925659
953706
982924
1012697
1043478
1075329
1108008
1141782
1176778
1212966
1249768
1287790
1326871
1367275
1409408
1452376
1496432
1542128
1588997
1637187
1687429
1738397
1790866
1845104
1901082
1958821
2018580
20795
21427
22020
22692
23373
24056
24754
25491
26269
27060
27896
28714
29565
30493
31448
32388
33349
34400
35457
36554
37620
38736
39941
41200
42407
43682
45021
46371
47873
49363
50853
52432
54032
55777
57564
59294
61075
62890
64748
66760
68787
70870
73000
75216
77408
79780
82183
84666
87308
89904
92564
95377
98268
101284
104381
107637
110892
114224
117733
121447
125150
128982
132866
136860
140932
145310
149878
154490
159284
164065
169081
174110
179503
184968
190569
196271
202182
208368
214634
221227
228015
234947
242069
249460
256988
264918
273057
281339
289988
298981
308042
317496
327302
337109
347414
358091
369085
380403
391865
403856
416209
429012
442123
455522
469286
483547
498254
513305
529089
545231
561878
578941
596468
614776
633592
653050
672601
693279
714538
736367
758503
781446
804945
829463
854631
880802
907533
935185
963955
993227
1023596
1054518
1086533
1119885
1154289
1189216
1225597
1262763
1301273
1340602
1381366
1423435
1466559
1511477
1557758
1604947
1653738
1703556
1755544
1808785
1864162
1920739
1979737
2040286
20959
21602
22266
22979
23688
24419
25189
25928
26695
27481
28349
29237
30134
31049
31962
32923
33963
34930
35991
37065
38153
39302
40433
41618
42865
44167
45453
46839
48187
49654
51232
52788
54439
56094
57801
59638
61438
63346
65283
67233
69290
71386
73554
75770
78128
80452
82958
85476
88110
90746
93422
96327
99335
102305
105404
108533
111873
115327
118851
122334
125939
129819
133685
137828
141985
146253
150744
155379
160060
164860
169964
175300
180555
185910
191424
197215
203158
209184
215606
222224
228966
235975
243133
250599
258260
266084
274186
282505
291061
300101
309287
318820
328478
338526
348856
359298
370125
381431
393048
404848
417388
430094
443282
456692
470695
485133
499744
515026
530923
547021
564036
581181
598853
617231
636059
655399
675446
696047
717357
739180
761428
784608
808581
833194
858473
884568
911293
938833
967369
996766
1026702
1057674
1089711
1122689
1156602
1192184
1228722
1265907
1304554
1344207
1385056
1427125
1470764
1515244
1561405
1608683
1657443
1708189
1760192
1813442
1868959
1925901
1984691
2044874
21174
21804
22462
23147
23857
24579
25321
26044
26862
27720
28534
29457
30319
31208
32103
33101
34108
35143
36241
37365
38458
39593
40762
42018
43272
44600
45968
47343
48777
50231
51781
53362
54941
56669
58412
60227
62086
63966
65996
68013
70018
72135
74315
76599
78918
81271
83770
86320
89016
91727
94543
97285
100286
103354
106518
109756
113063
116477
120038
123740
127639
131385
135306
139430
143671
147861
152340
157045
161799
166758
171699
176961
182373
188031
193691
199545
205673
211867
218215
224825
231543
238762
246208
253592
261305
269223
277512
285945
294734
303916
313148
322880
332634
342712
353036
363728
374654
385981
397836
409849
422453
435385
448649
462481
476632
490980
505908
521265
537054
553287
569887
587312
605213
623753
642810
662467
682743
703586
725057
747223
769849
793321
817421
842677
868671
895218
922508
950778
979726
1009421
1040255
1071814
1104460
1137848
1172316
1207935
1244912
1283009
1322023
1361825
1403366
1445943
1489504
1535245
1582160
1630391
1680383
1731521
1784421
1838825
1894966
1952827
2012281
20599
21198
21891
22551
23285
23950
24676
25437
26213
27019
27826
28728
29583
30483
31457
32395
33384
34399
35434
36515
37619
38784
39982
41202
42454
43765
45093
46425
47879
49351
50975
52560
54171
55849
57590
59448
61234
63096
65025
67143
69192
71268
73377
75628
77963
80348
82873
85407
87942
90658
93416
96165
99201
102291
105516
108715
111992
115384
118844
122354
126204
129933
133890
137990
142189
146586
151035
155699
160634
165567
170659
175980
181233
186710
192384
198312
204358
210649
217137
223919
230777
237826
245098
252696
260235
268271
276326
284716
293493
302491
311732
321491
331343
341365
351578
362229
373530
385019
396703
408866
421198
433923
447105
460861
474892
489516
504473
519983
535831
552092
568904
586226
604205
622349
641118
660712
680711
701302
722552
744523
767105
790369
814597
839344
864874
891055
918338
946360
975045
1004556
1035321
1066902
1099398
1132718
1167252
1202961
1239675
1277085
1315901
1355949
1397476
1440220
1484166
1529321
1575737
1623840
1673257
1724296
1776632
1830459
1885809
1943602
2002950
20540
21166
21837
22514
23219
23881
24657
25391
26181
26951
27716
28556
29460
30369
31297
32237
33204
34266
35318
36326
37428
38550
39769
41045
42259
43550
44831
46141
47485
48941
50420
51982
53479
55132
56836
58559
60392
62250
64187
66115
68206
70338
72462
74710
77065
79444
81929
84305
86990
89631
92361
95232
98171
101201
104326
107601
110831
114225
117657
121263
125058
128919
132941
136980
141307
145665
150122
154717
159470
164399
169430
174611
180075
185649
191380
197371
203367
209492
215937
222492
229296
236328
243267
250610
258088
266087
274290
282585
291273
300082
309157
318319
328016
337951
348309
358913
369917
381102
392770
404862
417235
429879
443155
456492
470431
484856
499476
514613
530284
546409
563128
580346
598241
616628
635524
654905
674541
695079
716229
737848
760539
783960
807764
832447
858006
884260
911409
939085
967964
997530
1027733
1058934
1090857
1123824
1158288
1193565
1230301
1267932
1306530
1346380
1387381
1429639
1473277
1518113
1564546
1612496
1661770
1712666
1764852
1818800
1874292
1930826
1989784
2050343
20762
21402
22050
22680
23398
24123
24863
25642
26416
27233
28063
28929
29781
30704
31676
32667
33675
34763
35818
36926
38014
39187
40404
41674
42938
44193
45571
46916
48362
49817
51405
52973
54583
56261
57995
59703
61483
63287
65224
67144
69145
71246
73408
75638
77977
80369
82828
85340
87881
90635
93400
96350
99266
102282
105352
108550
111855
115329
118804
122385
126111
129938
133906
137881
142133
146575
151068
155692
160350
165228
170325
175497
180791
186330
192168
198135
204146
210327
216772
223310
230324
237264
244408
251783
259691
267533
275539
284076
292621
301585
310692
320278
329822
339806
350016
360598
371672
383008
394802
406820
418983
431755
445048
458657
472499
486916
501734
516903
532528
548844
565421
582759
600382
618690
637552
657147
677361
697939
719152
741036
763639
787142
811301
836203
861703
888145
915302
943347
972244
1001870
1032652
1064298
1097107
1130701
1165178
1201027
1237438
1275240
1314224
1354553
1395802
1438426
1481892
1527105
1573577
1621585
1671039
1721994
1774564
1828683
1884437
1942292
2001734
20737
21341
21968
22660
23297
24016
24787
25573
26348
27173
27994
28788
29636
30553
31471
32477
33461
34495
35540
36608
37746
38975
40118
41321
42622
43919
45244
46612
47993
49405
50818
52295
53858
55514
57175
58902
60727
