102468
105098
107708
110401
113239
116118
118976
122018
125117
128327
131595
134857
138242
141711
145354
149050
152734
156555
160556
164729
168880
173091
177452
181889
186486
191244
196027
200926
206117
211434
216770
222135
227813
233626
239534
245661
251957
258353
264893
271757
278629
285758
293099
300505
308124
316053
324235
332547
340924
349845
358786
368067
377570
387321
397288
407493
417785
428336
439340
450548
462055
473967
486221
498701
511556
524813
538395
552353
566632
581107
596084
611464
627253
643466
659901
676838
694474
712536
731024
749865
769193
789203
809540
830591
852222
874117
896725
920140
944125
968752
993968
1019835
1046317
1073655
1101566
1130145
1159893
1190353
1221699
1253421
1285980
1319549
1354247
1389504
1425719
1463045
1501607
1540769
1581092
1622451
1665330
1708847
1753519
1799311
1846754
1894805
1944686
1995514
2047978
21091
21654
22256
22839
23422
24043
24661
25310
25987
26634
27334
28011
28799
29581
30397
31236
32046
32886
33787
34677
35605
36554
37574
38601
39639
40660
41711
42803
43873
44990
46179
47391
48604
49827
51144
52546
53939
55340
56851
58340
59912
61539
63269
64992
66772
68604
70498
72436
74295
76271
78341
80465
82669
84880
87225
89566
91993
94473
96931
99584
102262
105018
107812
110636
113571
116633
119783
123043
126325
129706
133224
136855
140565
144371
148148
152149
156233
160498
164901
169274
173760
178343
183126
187975
193027
198246
203645
209156
214875
220758
226768
232737
238981
245550
252153
258980
265912
273101
280511
288137
295910
303922
312240
320608
329394
338407
347665
357219
366883
376847
387160
397862
408766
419748
431259
442923
455178
467464
480288
493383
506890
520945
535046
549680
564725
579921
596091
612584
629493
646593
664438
682565
701291
720488
740036
760449
781511
802935
824748
847641
870958
895210
919784
945541
971632
998532
1025607
1053704
1082700
1112298
1143029
1174207
1206575
1239805
1273783
1308597
1344661
1381741
1419870
1459351
1499364
1540816
1583315
1627036
1671985
1718265
1765497
1814257
1864361
1915971
1968796
2022942
20839
21380
21986
22627
23245
23851
24517
25176
25876
26620
27346
28119
28859
29670
30511
31393
32250
33193
34096
35032
36048
37073
38085
39136
40265
41400
42540
43764
45009
46287
47541
48929
50300
51669
53050
54535
56064
57643
59250
60876
62627
64396
66183
68047
69863
71766
73818
75865
78021
80233
82465
84816
87167
89515
91970
94545
97156
99853
102714
105542
108429
111470
114538
117823
121192
124569
128023
131743
135521
139283
143119
147172
151453
155674
160028
164560
169136
173803
178719
183759
188956
194166
199499
205047
210786
216619
222696
228903
235391
241972
248753
255725
263016
270437
278111
286037
294067
302447
310864
319436
328349
337658
347128
356963
367078
377284
387849
398851
409989
421480
433501
445817
458314
471353
484682
498187
512285
526786
541647
556858
572673
588841
605539
622647
640130
658217
676710
695889
715455
735829
756692
778345
800467
823157
846388
870146
895082
920296
946383
973533
1001392
1029678
1059356
1089680
1120511
1152238
1185139
1218922
1253578
1289592
1326621
1364555
1403563
1443605
1484379
1527141
1570634
1615330
1661402
1708696
1757366
1807643
1859298
1912144
1966830
2022930
20763
21352
21943
22556
23199
23857
24483
25209
25939
26720
27459
28213
29014
29840
30705
31654
32569
33543
34528
35459
36439
37500
38588
39691
40861
41989
43126
44334
45581
46872
48177
49543
50970
52399
53841
55380
56931
58557
60189
61937
63720
65496
67385
69282
71320
73337
75418
77632
79845
82121
84501
86955
89420
92036
94715
97473
100215
103126
106227
109141
112225
115394
118748
122152
125646
129333
133126
136928
140893
145001
149161
153454
158019
162631
167388
172240
177267
182460
187799
193302
198963
204792
210691
216856
223072
229495
236060
242836
249994
257207
264546
272254
280063
288135
296581
305102
314097
323060
332394
342154
352157
362458
372860
383861
395077
406398
417995
430357
442977
455767
468987
482827
496821
511379
526552
542012
557919
574204
591151
608428
626351
644514
663139
682335
702413
722803
743850
765414
787835
810643
834090
858460
883591
909343
935893
963338
991214
1020016
1049909
1080632
1112252
1144653
1177943
1212446
1247933
1284481
1322083
1360560
1400535
1441703
1483749
1527032
1571604
1617305
1664928
1713502
1763608
1815051
1868395
1923360
1979805
2037879
20965
21563
22210
22867
23524
24204
24888
25632
26391
27162
27949
28784
29620
30481
31330
32250
33240
34206
35162
36177
37215
38349
39435
40599
41765
43007
44273
45558
46858
48228
49612
51062
52590
54116
55688
57288
58937
60726
62549
64403
66342
68315
70430
72474
74572
76743
78978
81307
83732
86210
88802
91351
94044
96899
99694
102592
105650
108815
112069
115397
118898
122360
125955
129595
133486
137431
141549
145705
149946
154217
158703
163418
168264
173112
178164
183568
188925
194510
200396
206343
212471
218891
225388
231992
238827
245966
253361
260793
268507
276330
284498
292965
301865
310752
320103
329792
339509
349860
360459
371181
382414
393805
405699
417698
430044
442936
456114
469670
483612
498170
513080
528314
544122
560305
577239
594364
612122
630660
649516
668567
688725
709592
730712
752578
775249
798457
822170
846831
872347
898677
925492
953229
981717
1011145
1041208
1072272
1104363
1137399
1171582
1206663
1242897
1280120
1318599
1358126
1398917
1440676
1483959
1528530
1574622
1622143
1670982
1720641
1772073
1825222
1879930
1935958
1993866
2053882
21079
21688
22334
22977
23683
24429
25152
25944
26710
27515
28323
29211
30086
31031
31922
32861
33873
34903
35914
37007
38161
39278
40448
41648
42872
44144
45425
46737
48204
49663
51183
52709
54315
56001
57647
59445
61261
63113
65050
66999
68999
71030
73178
75358
77693
80073
82584
85052
87645
90257
93001
95878
98719
101674
104896
108055
111223
114578
117987
121491
125239
129066
133051
137060
141117
145328
149759
154324
159104
163957
168879
174005
179277
184669
190429
196214
202087
208213
214390
220847
227571
234523
241697
248955
256520
264257
272373
280497
288964
297716
306734
316099
325445
335360
345468
356102
367027
378304
389829
401849
414075
426834
439774
453365
467092
481566
496225
511310
527008
542989
559422
576713
594426
612267
631135
650117
669933
690242
711235
732787
755157
777975
801686
826007
851447
877463
904371
931822
960311
989595
1019964
1051139
1083317
1115904
1149973
1185351
1221475
1258691
1297154
1337104
1378306
1420268
1463945
1508887
1555171
1603007
1652723
1703585
1756192
1810198
1865674
1922794
1981846
2042470
21153
21806
22457
23172
23907
24649
25377
26173
26949
27811
28660
29588
30468
31326
32244
33244
34286
35377
36493
37565
38759
39922
41112
42375
43676
44994
46337
47785
49228
50742
52324
53979
55704
57484
59249
61099
62960
64932
66958
68999
71153
73369
75637
77878
80287
82824
85483
88140
90968
93813
96778
99814
102830
105935
109148
112557
116067
119718
123480
127314
131173
135126
139221
143555
147969
152544
157146
162082
167157
172319
177659
183208
188879
194642
200689
206990
213462
220123
226815
233842
241043
248597
256407
264389
272684
281096
289829
298679
307902
317416
327330
337328
347741
358531
369449
380899
392582
404842
417466
430429
443744
457581
471742
486648
501746
517434
533518
549832
566986
584524
602848
621691
641285
661294
681927
703208
724951
747672
771007
795024
820036
845493
871990
899414
927101
956135
985797
1016765
1048646
1081690
1115298
1150417
1186276
1223347
1261703
1301030
1341929
1383595
1426560
1471184
1516696
1564125
1613259
1663837
1715623
1769372
1824681
1881535
1940526
2001163
20760
21382
22039
22743
23410
24115
24902
25716
26510
27360
28246
29090
29990
30903
31829
32829
33890
34910
35996
37166
38336
39549
40775
42108
43426
44747
46129
47625
49135
50700
52256
53894
55586
57351
59115
60949
62878
64835
66818
68870
71015
73185
75524
77951
80352
82869
85479
88074
90852
93603
96531
99538
102606
105795
109224
112542
116046
119671
123452
127444
131386
135441
139829
144150
148621
153267
158075
163028
167989
173300
178816
184497
190359
196324
202497
208784
215393
222218
229196
236565
243936
251678
259438
267503
275919
284548
293583
302820
312288
322134
332222
342622
353447
364632
376190
388145
400459
413113
426300
439853
453715
467855
482727
497982
513842
530052
546712
563773
581323
599401
618309
637782
657800
678665
700177
722184
744893
768321
792603
817457
843194
870064
897303
925419
954962
985013
1015988
1048102
1081140
1115564
1150699
1186952
1224497
1263287
1303461
1344763
1387448
1431693
1477004
1523593
1571781
1622056
1673437
1726489
1781426
1838005
1895921
1956039
2018106
20728
21405
22080
22825
23558
24297
25089
25831
26619
27453
28356
29271
30199
31150
32079
33100
34132
35225
36333
37482
38686
39892
41243
42514
43791
45111
46536
48012
49583
51200
52864
54551
56197
57997
59885
61844
63875
65881
67966
70152
72302
74686
77033
79462
82027
84678
87342
90076
93041
96020
99007
102152
105359
108700
112128
115704
119428
123216
127110
131103
135215
139618
144029
148708
153367
158317
163328
168432
173819
179504
185247
191182
197166
203341
209750
216360
223293
230350
237651
245307
253203
261237
269537
278122
287109
296258
305784
315472
325451
335928
346664
357819
369195
381012
393283
405848
418766
432197
445935
460105
474691
489949
505577
521519
538241
555432
573277
591712
610654
630083
650063
670799
692153
714138
736817
760145
784367
809413
835170
861989
889817
918058
947175
977511
1008881
1041034
1074586
1108864
1144443
1181056
1218858
1257557
1297677
1338841
1381749
1426108
1471934
1518887
1567615
1617673
1669118
1722294
1777396
1834234
1892720
1953284
2015868
21030
21728
22385
23102
23877
24601
25357
26161
26990
27874
28773
29642
30574
31541
32535
33594
34723
35884
37038
38258
39476
40743
42014
43372
44789
46196
47646
49162
50736
52373
53967
55716
57452
59249
61123
63055
65014
67019
69101
71275
73513
75835
78288
80758
83338
86043
88744
91462
94380
97389
100475
103703
107069
110633
114169
117900
121624
125556
129590
133716
137955
142464
147101
151821
156603
161645
166833
172141
177568
183384
189205
195285
201518
208096
214849
221788
228910
236141
243537
251171
259136
267418
275858
284703
294019
303372
313107
323196
333582
344446
355449
366851
378594
390851
403501
416488
429731
443541
457795
472270
487445
503270
519291
536063
553137
570899
589304
608078
627458
647557
668471
689925
711944
734587
758332
782921
808130
834044
860878
888370
916898
945975
976171
1007634
1040130
1073506
1107840
1143358
1179873
1217762
1256723
1297271
1339207
1382491
1426847
1472720
1519923
1568542
1619268
1671428
1725029
1780153
1837994
1897043
1957830
2020836
21000
21634
22324
23070
23821
24614
25428
26279
27112
27982
28905
29784
30748
31758
32766
33818
34930
35987
37200
38404
39657
40964
42276
43614
45006
46483
48018
49491
51136
52802
54480
56258
58106
59939
61955
63990
66040
68133
70324
72693
74962
77465
79964
82615
85211
88014
90834
93682
96711
99770
103002
106306
109720
113235
116976
120889
124854
128880
133034
137262
141648
146180
150812
155619
160654
165710
171007
176587
182393
188215
194157
200376
206856
213444
220337
227428
234756
242333
250343
258493
266855
275351
284275
293362
302679
312468
322640
333050
343824
354981
366281
378066
390103
402600
415523
428796
442725
456964
471752
486915
502635
518876
535875
553033
570927
589458
608319
628168
648397
669235
690957
713304
736406
759826
784353
809932
836175
863105
890583
919293
949073
979412
1011066
1043783
1077069
1111651
1147328
1184540
1222681
1261989
1302405
1344348
1387736
1432346
1478654
1526604
1575872
1626409
1679284
1733398
1789169
1846751
1905968
1967384
2030601
20832
21546
22252
22927
23662
24392
25212
26029
26852
27715
28618
29514
30471
31458
32502
33576
34630
35773
36932
38170
39392
40683
42007
43414
44851
46287
47768
49282
50939
52591
54275
56047
57886
59735
61675
63672
65718
67868
70050
72364
74659
77038
79550
82061
84782
87510
90329
93203
96191
99279
102475
105850
109361
112825
116350
120169
123992
127879
131903
136231
140564
145133
149875
154580
159518
164576
169733
175303
180888
186789
192861
199051
205470
212200
218874
225829
233209
240747
248507
256589
264806
273309
282075
291094
300480
310230
320142
330542
341164
352195
363713
375525
387663
400401
413469
426707
440642
454867
469494
484603
500337
516554
533254
550430
568480
586798
606055
625401
645378
666126
687621
709782
732500
756077
780617
805881
831882
858765
886303
915175
945039
975787
1007430
1040374
1073736
1108215
1143907
1180996
1219141
1258637
1299720
1342164
1385821
1430586
1476553
1523874
1573399
1624776
1677091
1731351
1787723
1845498
1905049
1966386
2030061
20822
21499
22195
22945
23696
24443
25257
26100
26947
27806
28691
29543
30516
31486
32522
33528
34615
35773
36923
38066
39317
40551
41853
43175
44589
46054
47528
49036
50603
52300
53914
55679
57394
59228
61191
63125
65095
67136
69315
71533
73803
76233
78706
81359
83979
86732
89649
92599
95596
98610
101732
105044
108529
112069
115714
119411
123264
127302
131461
135664
139994
144538
149205
154075
159176
164372
169770
175404
181077
186900
192881
199121
205479
212057
218986
226104
233331
240976
248694
256746
265052
273585
282458
291532
300905
310589
320602
331004
341815
352977
364490
376164
388541
401210
414505
427978
441901
456238
470860
486046
501886
518046
534647
552129
569851
588230
607138
626790
647080
668026
689512
711798
734922
758729
783407
808654
834921
861871
889644
918365
948658
979421
1010926
1043453
1077563
1112541
1148445
1185849
1224357
1263953
1304914
1346920
1390537
1435741
1482483
1530645
1580091
1631243
1684105
1738654
1794797
1853302
1913208
1975485
2039560
21455
22143
22865
23569
24307
25081
25883
26697
27552
28408
29359
30328
31322
32342
33322
34394
35498
36650
37796
38962
40238
41544
42886
44252
45802
47249
48822
50430
51995
53724
55495
57287
59184
61141
63134
65345
67523
69666
71879
74290
76747
79208
81811
84376
87041
89901
92849
95780
98959
102055
105354
108783
112266
115997
119718
123684
127696
131780
135985
140359
144871
149581
154365
159271
164474
169891
175415
181122
187001
193056
199231
205657
212334
219123
226179
233486
240952
248770
256839
265052
273689
282604
291925
301279
311146
321130
331591
342399
353633
365190
376923
389145
401908
414897
428265
442173
456374
471325
486494
502248
518703
535428
552920
570907
589505
608510
627929
648130
668993
690539
712821
735847
759715
784333
809909
836315
863289
891141
920392
950250
980901
1012456
1045033
1078724
1113542
1149602
1187204
1225454
1264964
1305456
1347807
1391283
1436068
1482377
1530646
1580246
1631189
1684110
1738520
1794745
1852930
1912909
1975122
2039073
20941
21641
22344
23055
23825
24574
25378
26181
26989
27855
28800
29743
30728
31691
32750
33785
34930
36071
37189
38398
39645
40902
42296
43632
45065
46546
48090
49676
51277
52918
54645
56419
58254
60112
62024
64002
66101
68290
70522
72794
75135
77536
79989
82560
85263
88186
91045
94011
97039
100114
103274
106477
109962
113510
117177
121056
125057
129085
133439
137688
142158
146841
151645
156589
161752
166946
172354
178027
183759
189833
196050
202383
209086
215956
223069
230091
237594
245517
253537
261706
270193
278951
288000
297379
306867
316668
326969
337408
348262
359712
371357
383393
395991
408773
421948
435685
449773
464636
479705
495345
511573
528312
545431
563197
581453
600311
619654
639499
660346
681702
704092
726874
750430
774777
799701
825815
852262
879839
908620
938010
968068
999312
1031643
1064870
1099098
1134810
1171549
1209578
1248949
1289180
1330875
1374048
1418716
1464987
1512158
1561367
1611963
1663890
1717859
1773176
1830824
1890050
1951334
2014583
20786
21468
22155
22921
23678
24416
25244
26090
26901
27783
28683
29626
30661
31646
32673
33711
34840
35944
37156
38320
39581
40862
42185
43553
44993
46471
47951
49515
51153
52796
54495
56229
57976
59821
61817
63800
65901
68117
70342
72518
74868
77246
79783
82344
84996
87786
90617
93609
96610
99752
103064
106430
109905
113483
117121
120867
124781
128803
133018
137403
141931
146682
151366
156223
161262
166491
171843
177447
183190
189147
195349
201699
208092
214889
221649
228680
236112
243864
251854
260106
268444
277245
286273
295667
305190
314987
325029
335611
346521
357832
369497
381604
393780
406522
419653
433217
447171
461795
476755
491925
507903
524467
541473
558969
577208
595878
614990
634847
655412
676730
698682
721169
744591
768855
793791
819394
845821
873173
901314
930615
960557
991654
1023603
1056847
1090829
1126150
1162585
1200257
1239170
1279314
1320862
1363540
1407748
1453532
1500657
1548968
1598895
1650474
1704441
1759604
1816475
1875158
1935697
1998176
2062890
21212
21890
22588
23321
24113
24890
25685
26505
27410
28319
29240
30216
31186
32190
33253
34373
35463
36570
37772
38976
40282
41583
42887
44269
45683
47205
48793
50325
51967
53678
55418
57168
58996
60974
62987
64994
67078
69237
71476
73772
76172
78592
81201
83859
86593
89512
92351
95342
98516
101633
104915
108394
111905
115524
119348
123301
127225
131390
135570
139953
144427
149090
153933
158947
164123
169463
175000
180662
186430
192565
198862
205329
212033
218865
226045
233448
241044
248830
256896
265269
273907
282850
292052
301409
311305
321464
332007
342705
353642
365125
376868
388801
401605
414727
428228
442178
456649
471344
486635
502289
518621
535326
552929
570878
589576
608508
628257
648809
669785
691320
713775
736797
760690
785536
810912
837129
864219
892151
920952
950990
982027
1013872
1046785
1080437
1115876
1151958
1189351
1227906
1267873
1309161
1351560
1395514
1440643
1487653
1535911
1585757
1637094
1690339
1745459
1802540
1861164
1921757
1984310
2048384
21111
21800
22502
23220
23980
24778
25585
26407
27209
28117
29033
30006
31023
32030
33075
34129
35223
36382
37542
38732
39994
41262
42670
44040
45470
46931
48419
50015
51576
53229
54921
56773
58604
60554
62483
64515
66628
68739
70987
73279
75639
78094
80638
83259
85936
88650
91529
94516
97577
100790
103973
107313
110876
114467
118130
121906
125953
130041
134320
138680
143166
147783
152630
157672
162772
168021
173461
178918
184679
190591
196848
203242
209846
216571
223511
230779
238267
245918
254010
262228
270731
279464
288368
297635
307278
317306
327698
338413
349460
360746
372384
384323
396850
409842
423210
436909
451031
465576
480695
496214
512366
529032
545978
563521
582005
600712
620391
640547
661381
682878
704872
727635
751439
775785
800932
826826
853316
880767
909300
939004
969435
1000930
1033229
1066706
1101365
1136976
1173718
1211734
1250597
1291075
1333239
1376611
1421469
1467454
1515204
1564319
1614613
1667239
1721559
1777709
1835549
1895307
1956611
2019937
20735
21364
22017
22719
23416
24159
24931
25747
26549
27424
28316
29224
30157
31186
32232
33257
34351
35465
36587
37740
38947
40237
41532
42906
44289
45689
47188
48730
50250
51922
53607
55382
57126
58927
60854
62832
64905
67002
69278
71566
73857
76280
78787
81287
83988
86661
89513
92451
95509
98497
101620
104888
108268
111737
115377
119235
123065
127086
131219
135586
140037
144568
149256
154011
158944
164150
169458
174888
180590
186491
192579
198836
205370
212119
218901
226038
233391
241015
248890
257009
265373
273944
282872
291994
301526
311316
321311
331568
342350
353535
364885
376430
388501
401011
413879
427417
441140
455518
470245
485573
501388
517681
534645
552006
570020
588594
607711
627469
647903
668644
690393
712617
735556
759235
783922
809338
835730
862543
890902
919550
949595
980411
1012339
1045285
1079352
1114333
1150405
1188140
1227011
1266850
1308120
1350557
1394330
1439662
1486387
1534603
1584260
1635911
1688943
1744151
1800513
1858858
1919460
1981780
2046236
20986
21698
22400
23159
23903
24646
25465
26244
27108
27958
28819
29691
30642
31632
32624
33719
34821
35918
37094
38290
39523
40783
42094
43416
44782
46220
47714
49266
50837
52457
54122
55838
57672
59484
61487
63414
65492
67629
69853
72086
74396
76852
79351
81950
84605
87394
90293
93204
96192
99370
102565
105999
109366
112999
116753
120570
124451
128522
132647
136982
141413
145936
150682
155610
160661
165959
171401
176990
182858
188957
195038
201304
207716
214474
221414
228679
236019
243648
251607
259628
267974
276703
285749
295154
304786
314662
324828
335244
346178
357354
369075
381080
393409
406326
419546
433125
447207
461608
476619
491998
508071
524588
541670
559257
577558
596475
615985
635863
656331
677750
699527
722488
745972
770104
795230
821182
847609
875140
903644
933301
963223
994421
1026780
1060118
1094348
1129927
1166502
1204368
1243691
1284190
1326186
1369113
1413309
1459534
1506970
1555716
1606413
1658310
1712331
1767485
1824651
1884082
1945398
2008054
20652
21378
22044
22756
23519
24309
25094
25902
26690
27542
28492
29428
30454
31403
32428
33495
34525
35642
36820
37992
39192
40514
41915
43249
44574
45996
47447
48957
50611
52253
53901
55631
