102638
105359
108129
110879
113916
116997
119999
123195
126494
129884
133296
136710
140303
143978
147799
151807
155731
159804
164075
168430
172901
177552
182293
187237
192222
197276
202483
207771
213478
219139
224974
231130
237344
243756
250252
256929
263760
270954
278241
285750
293578
301525
309723
318121
326759
335547
344425
353844
363503
373458
383389
393574
404160
415176
426495
437923
449922
462096
474674
487393
500596
514148
527991
542316
556963
571903
587351
603562
619767
636477
653436
671244
689591
708319
727575
747238
767689
788332
809747
831906
854698
878087
902169
926439
951705
977570
1004228
1031647
1059632
1088597
1118232
1148701
1179890
1212156
1245090
1279683
1314593
1350340
1387673
1425653
1464815
1505011
1546115
1588414
1632313
1677301
1723499
1770490
1819200
1869140
1920361
1972825
2026995
20742
21304
21932
22518
23116
23749
24396
25057
25780
26512
27231
27974
28679
29485
30255
31112
31954
32801
33750
34720
35675
36648
37692
38754
39809
40889
42018
43179
44409
45669
46900
48191
49602
51038
52478
53979
55442
56990
58573
60292
61940
63655
65467
67288
69163
71143
73187
75214
77361
79537
81723
84031
86335
88701
91169
93795
96442
99126
101875
104757
107633
110581
113711
116955
120278
123645
127067
130597
134223
137947
141876
145788
149887
154144
158394
162866
167447
172114
176779
181638
186817
192103
197562
203013
208754
214638
220759
226868
233226
239954
246680
253725
260925
268135
275623
283412
291543
299821
308298
316845
325736
335059
344285
354124
364124
374273
384677
395449
406809
418370
430044
442331
454957
467935
481249
494922
508832
523287
538084
553562
569542
585727
602232
619288
636780
655024
673949
693115
713149
733494
754000
775437
797717
820240
843654
867518
892019
917681
943810
970970
998828
1027484
1056938
1087261
1118269
1149971
1182837
1216597
1251270
1287132
1324199
1362223
1401122
1441131
1482512
1525061
1568402
1613324
1659893
1707524
1756885
1807302
1858925
1912201
1966968
2023236
20843
21444
22050
22714
23374
24019
24753
25434
26191
26953
27686
28537
29376
30228
31135
32037
32934
33829
34776
35771
36820
37832
38889
40004
41190
42345
43560
44807
46163
47416
48811
50275
51676
53170
54682
56209
57861
59539
61233
62997
64849
66769
68677
70605
72730
74887
77021
79263
81584
83897
86270
88807
91355
94024
96858
99728
102648
105621
108672
111900
115167
118555
121944
125500
129155
132897
136860
140867
145033
149248
153580
158087
162772
167622
172649
177708
182863
188197
193704
199398
205147
211178
217251
223649
230189
236933
243862
251145
258590
266257
273862
281897
290153
298594
307309
316380
325556
335202
345148
355206
365725
376372
387296
398792
410577
422569
435026
447679
460653
474323
488391
502681
517489
532661
548109
564471
581205
598296
615745
633735
652488
671945
691631
712288
733133
754808
777211
800396
824004
848438
873582
899333
925977
953311
981774
1010817
1040465
1071209
1102648
1135430
1168953
1203457
1238758
1275437
1313022
1351726
1391977
1433292
1475673
1519601
1564669
1610989
1658518
1707514
1758243
1810549
1864381
1919326
1976712
2035461
20650
21256
21877
22510
23180
23845
24532
25279
26081
26805
27600
28411
29229
30087
31059
31998
32940
33958
34977
35981
37057
38135
39274
40443
41644
42901
44218
45586
46906
48321
49769
51254
52766
54306
55895
57559
59369
61145
62983
64828
66789
68815
70903
72971
75239
77498
79793
82198
84738
87255
89923
92603
95409
98231
101277
104354
107414
110711
114009
117458
120908
124610
128369
132307
136345
140460
144559
148856
153471
158091
162874
167814
172813
177930
183243
188712
194372
200344
206494
212711
218998
225563
232563
239429
246547
253962
261669
269577
277754
286302
294992
303888
313012
322630
332576
342586
353106
363941
375089
386377
398121
410104
422348
435506
448853
462639
476922
491445
506135
521498
537279
553622
570451
587832
605624
624132
642963
662558
682720
703462
725047
746957
769813
793370
817322
842341
868034
894561
921917
950048
979085
1008970
1040038
1071900
1104686
1138287
1173153
1208962
1245812
1284095
1323229
1363580
1405451
1448438
1493073
1538801
1585731
1634666
1685070
1736857
1790330
1845365
1901952
1959955
2020203
20758
21382
22057
22736
23455
24157
24918
25713
26487
27296
28140
29046
29944
30866
31813
32779
33796
34826
35907
37002
38188
39337
40567
41802
43147
44466
45808
47285
48723
50169
51688
53337
55010
56712
58443
60196
62075
64002
65954
68001
70053
72258
74479
76746
79124
81513
84003
86560
89283
92067
94943
97870
100875
103986
107206
110615
113911
117459
121041
124724
128615
132672
136836
141018
145397
149957
154669
159525
164499
169606
174879
180412
185937
191773
197730
203851
210161
216806
223528
230486
237578
244919
252481
260416
268607
277053
285720
294744
304011
313475
323158
333004
343409
354191
365310
376689
388448
400613
413172
426200
439698
453336
467534
482328
497425
512952
528833
545525
562269
579930
597746
616582
636016
655776
676415
697562
719270
741720
765155
789025
813753
839297
865900
893169
921171
950031
980025
1011030
1042971
1075414
1109443
1144535
1180835
1218069
1256429
1296008
1337188
1378891
1422447
1466992
1513359
1560687
1610093
1660762
1713577
1767710
1823295
1881111
1940254
2000921
20653
21272
21922
22592
23291
24003
24792
25624
26429
27285
28172
29043
29925
30847
31800
32807
33885
35031
36169
37250
38449
39709
40998
42301
43698
45150
46576
48094
49586
51184
52780
54399
56103
57919
59747
61627
63529
65505
67471
69660
71954
74230
76632
79114
81593
84212
86809
89576
92380
95326
98336
101397
104565
108037
111495
115073
118678
122552
126363
130346
134563
138856
143257
147881
152619
157564
162525
167585
172889
178382
184193
189985
195990
202224
208766
215590
222502
229600
236755
244372
252457
260582
268932
277600
286573
295666
305240
314900
324905
335201
346055
357224
368742
380715
392708
405293
418512
432175
446083
460258
475149
490428
505977
522449
539253
556466
574237
592750
611926
631695
652057
673030
694810
716935
740165
763609
788305
813704
839996
866923
894786
923284
953204
984000
1015958
1048767
1082498
1117285
1153204
1190461
1228762
1268722
1309927
1352133
1396035
1441248
1487637
1535631
1585259
1636689
1689384
1744132
1800480
1859049
1919295
1981161
2045268
21048
21774
22463
23176
23937
24707
25532
26335
27211
28062
29012
29956
30902
31883
32910
33948
35072
36193
37414
38601
39929
41189
42566
43966
45452
46912
48425
49996
51581
53286
54988
56779
58622
60495
62460
64482
66557
68760
70954
73153
75475
77967
80558
83154
85870
88629
91470
94382
97395
100625
103938
107340
110818
114423
118164
122056
126038
130105
134333
138705
143245
147892
152631
157678
162763
168034
173439
179049
184915
191006
197208
203680
210384
217352
224439
231955
239550
247271
255359
263763
272451
281435
290803
300281
310042
320211
330738
341539
352893
364511
376448
388740
401464
414504
428077
442090
456669
471516
486800
502786
519312
536202
553651
571614
590273
609791
629896
650457
671895
693988
716775
740408
764665
789901
815823
842800
870818
899321
929108
960220
991664
1024486
1058152
1092760
1128746
1165932
1204193
1243571
1284634
1326671
1370563
1415874
1462338
1509992
1559683
1610649
1663545
1718095
1774813
1833215
1893435
1955731
2020097
20832
21540
22309
23060
23796
24593
25388
26231
27081
28007
28878
29838
30864
31862
32903
33947
35091
36204
37375
38651
39931
41181
42528
43976
45392
46922
48469
50056
51668
53358
55126
56896
58802
60730
62708
64845
66938
69117
71491
73925
76429
78918
81465
84030
86891
89749
92698
95779
98928
102219
105561
108994
112622
116406
120170
124151
128143
132309
136653
141074
145742
150582
155487
160590
165911
171350
176966
182780
188885
195144
201635
208278
215136
222305
229633
237117
245013
253114
261364
270211
279205
288383
298070
308029
318262
328770
339780
351034
362724
374633
387131
400013
413183
426615
440806
455380
470389
486284
502396
519032
536308
554209
572629
591608
611384
631832
652782
674451
696676
719889
743950
768864
794401
820768
847919
876042
905095
935154
966294
998387
1031540
1065664
1101426
1138188
1176525
1215609
1256092
1297512
1340736
1385631
1431576
1479262
1528571
1579691
1631947
1686584
1743155
1801689
1861880
1923955
1988011
2054537
21402
22098
22875
23643
24406
25168
25982
26825
27780
28665
29545
30561
31613
32695
33744
34889
36058
37239
38511
39813
41149
42518
43863
45286
46763
48412
49951
51542
53291
55043
56960
58891
60858
62888
65023
67306
69622
72007
74407
76998
79476
82092
84870
87666
90634
93687
96807
100156
103466
106896
110425
114158
117919
121886
126030
130238
134586
139308
143976
148801
153733
158930
164169
169770
175400
181382
187564
193782
200244
206839
213764
220823
228280
235777
243664
251670
260045
268782
277663
287068
296601
306653
317049
327626
338559
350050
361815
373782
386374
399221
412463
426653
441006
455746
471022
486995
503197
520213
537685
555586
574297
593536
613583
634021
655208
677270
700123
723564
747829
772882
798905
825648
853474
882052
911641
942269
973556
1006312
1039649
1074197
1110193
1147214
1185346
1224728
1265837
1308433
1352107
1397169
1444014
1492845
1542764
1594741
1648199
1703375
1760217
1819122
1880265
1943022
2008581
20714
21385
22094
22816
23590
24352
25193
26006
26842
27759
28657
29650
30698
31800
32919
34038
35125
36366
37591
38844
40146
41480
42894
44304
45765
47368
48937
50598
52280
54001
55815
57726
59694
61693
63754
65901
68123
70389
72714
75163
77609
80171
82748
85603
88528
91555
94570
97710
101062
104435
107976
111651
115351
119194
123158
127324
131543
135964
140565
145337
150264
155334
160621
165904
171385
177070
182912
188945
195273
201722
208500
215638
222905
230395
238198
246357
254624
263193
272137
281303
290819
300723
310892
321458
332320
343389
354946
366924
379273
391958
405024
418740
433008
447553
462724
478494
494710
511504
528656
546496
565098
584086
603621
624087
645319
667132
689488
713002
737189
761886
787885
814325
841662
870080
899204
929549
960852
993271
1026594
1061522
1097356
1134371
1172574
1212352
1253391
1295449
1339420
1384702
1431090
1479610
1529235
1580711
1634394
1689590
1746870
1805693
1866261
1929486
1994293
2061399
21470
22156
22926
23705
24531
25360
26247
27131
28016
28984
29945
30967
32048
33106
34218
35437
36630
37866
39196
40543
41931
43393
44912
46418
48012
49691
51396
53170
55008
56809
58678
60622
62654
64758
66959
69190
71484
73914
76378
78930
81636
84352
87257
90165
93256
96390
99650
103002
106424
109923
113588
117439
121458
125568
129784
134060
138616
143346
148326
153431
158712
164100
169592
175521
181331
187326
193656
200213
207047
213960
221123
228625
236319
244317
252573
261086
269813
279026
288432
298177
308304
318748
329641
340860
352531
364274
376502
389380
402599
416031
430052
444436
459381
475100
491066
507740
524773
542512
560661
579828
599439
619749
640549
662182
684459
707638
731417
756095
781420
807765
835339
863434
892622
923179
954641
986851
1019726
1054306
1089783
1126563
1164711
1203798
1244469
1286670
1330013
1374897
1421252
1469030
1518967
1570292
1623084
1677816
1734715
1793190
1853729
1916461
1981687
2048469
21123
21831
22561
23349
24168
25014
25900
26734
27665
28581
29632
30663
31685
32780
33881
35003
36217
37440
38664
39983
41325
42779
44297
45818
47400
48996
50629
52339
54155
55946
57755
59651
61667
63766
65880
68099
70371
72763
75164
77666
80357
83086
85992
88938
91950
95113
98362
101631
104979
108555
112288
116146
120082
124142
128338
132629
137045
141670
146549
151510
156671
162071
167582
173209
179116
185406
191715
198276
205077
211992
219222
226777
234406
242535
250681
258994
267746
276544
285883
295487
305585
315985
326335
337606
349065
360839
372953
385643
398649
412318
426216
440773
455744
471027
486936
503373
520358
538070
556055
574940
594387
614412
635288
656835
679132
702153
726055
750425
776252
802334
829559
857647
886951
917007
948414
980714
1014293
1048994
1084645
1121442
1159505
1199038
1239626
1281582
1325001
1369977
1416403
1464101
1513668
1564724
1617597
1672372
1729271
1787794
1847865
1910760
1975537
2042433
21276
21995
22780
23528
24303
25117
25979
26888
27763
28702
29620
30652
31677
32833
33920
35074
36278
37445
38741
40095
41478
42900
44331
45839
47386
49016
50696
52376
54159
56015
57908
59936
62048
64128
66394
68666
70990
73456
76007
78594
81193
84000
86959
89879
92927
96013
99286
102639
106228
109767
113535
117445
121411
125548
129746
134145
138615
143267
148078
153121
158390
163818
169423
175218
181129
187322
193741
200156
206943
214107
221393
228881
236602
244555
252783
261318
270207
279421
288864
298604
308703
319198
329922
341348
352801
364901
377425
390171
403481
417323
431442
446178
461417
477165
493525
510122
527455
545292
563696
582788
602737
622914
644220
665996
688620
711841
735785
760777
786771
813319
840950
869663
899424
929983
961495
993907
1027461
1062404
1098497
1135924
1174446
1214285
1255481
1297862
1342206
1387356
1434653
1483438
1533805
1586158
1640303
1695857
1753204
1812797
1874671
1938101
2003514
20684
21367
22052
22811
23573
24376
25205
26075
26951
27837
28798
29780
30780
31807
32892
34015
35188
36414
37690
39012
40314
41626
43047
44535
46030
47636
49312
51016
52703
54556
56431
58310
60335
62419
64532
66683
68942
71255
73713
76166
78723
81543
84277
87145
90150
93171
96338
99643
103145
106597
110202
113956
117755
121718
125856
130197
134673
139244
143899
148775
153724
159015
164558
170169
175927
181856
187966
194328
200832
207711
214723
222074
229629
237398
245378
253696
262219
271056
280343
289948
299672
309957
320603
331692
342835
354408
366536
378949
391663
404885
418769
432963
447656
462906
478638
494880
511710
529050
547025
565575
584774
604563
625179
646285
667895
690665
713833
738038
763272
789220
816030
843740
872355
901891
932487
964155
996813
1030546
1065806
1101984
1139201
1177829
1217570
1259047
1301450
1345680
1391433
1438719
1487873
1538428
1590778
1644870
1700917
1758420
1818380
1880617
1944814
2010767
20625
21306
22063
22830
23544
24361
25206
26058
26908
27818
28781
29760
30768
31798
32852
33958
35079
36315
37586
38907
40296
41696
43076
44504
46042
47534
49236
50908
52673
54486
56309
58216
60183
62302
64419
66595
68841
71101
73521
76013
78624
81332
84162
87050
89982
93044
96201
99421
102857
106434
110087
113739
117727
121651
125764
129998
134356
138841
143457
148336
153446
158730
164126
169737
175487
181373
187587
193911
200530
207465
214609
221811
229368
237096
245181
253452
262198
271175
280390
289998
299880
310033
320635
331549
342890
354453
366479
379012
391815
405130
418745
432924
447805
463080
478807
494940
511728
529043
547285
565721
585018
605039
625682
646973
668873
691563
715068
739322
764371
790221
817049
844880
873788
903519
933996
965887
998796
1032742
1067560
1103916
1141441
1179850
1220022
1261258
1304167
1348134
1394533
1441783
1491354
1542147
1594636
1649164
1705246
1762950
1822687
1884764
1948690
2014722
20946
21669
22452
23194
23989
24776
25657
26547
27429
28369
29322
30341
31376
32407
33534
34687
35861
37070
38347
39602
40944
42360
43708
45189
46652
48192
49799
51481
53264
55068
56899
58809
60813
62887
65001
67195
69424
71783
74177
76745
79349
82016
84857
87768
90754
93770
96931
100194
103538
107064
110720
114502
118452
122467
126600
130858
135351
140027
144692
149546
154638
159957
165477
171184
176936
182995
189286
195797
202351
209085
216196
223518
231318
239315
247371
255909
264663
273522
282766
292508
302488
312907
323439
334303
345818
357679
369898
382617
395454
408929
423060
437278
452157
467546
483392
499886
516802
534245
552243
570981
590360
610759
631432
652987
675074
697911
721751
745979
771106
797518
824965
853323
882326
912307
943483
975787
1008847
1043667
1079219
1115896
1154200
1193361
1233928
1275858
1319394
1364240
1410818
1458395
1508002
1559341
1612786
1667774
1723947
1782818
1843739
1906242
1971122
2037864
21363
22071
22772
23590
24408
25280
26206
27097
28001
28931
29949
30927
31936
32972
34092
35286
36506
37746
39058
40387
41758
43197
44701
46197
47799
49351
51072
52772
54606
56457
58370
60397
62515
64662
66862
69178
71532
73979
76448
79067
81853
84642
87487
90517
93571
96817
100018
103466
106920
110539
114249
118184
122164
126290
130588
135054
139668
144436
149401
154568
159803
165175
170894
176682
182742
188991
195368
202228
209009
216233
223562
231094
238931
246980
255330
263995
273052
282542
292063
301826
312108
322790
333773
345139
356974
369153
381602
394439
408004
421691
435884
450672
465981
481702
498217
515139
532403
550448
569116
588305
608167
629063
650370
672414
695492
718930
743173
768823
794855
821683
849732
878525
908278
939199
971196
1004550
1038413
1073827
1110686
1148724
1187498
1227404
1269508
1312406
1356790
1402528
1450180
1499182
1549844
1602650
1657043
1713627
1771851
1832048
1894107
1958491
2024824
20885
21578
22300
23036
23816
24654
25490
26340
27259
28160
29136
30142
31163
32253
33323
34451
35603
36778
37939
39165
40492
41869
43321
44817
46342
47958
49619
51293
53005
54750
56600
58508
60592
62640
64686
66946
69243
71590
73983
76598
79245
81998
84683
87604
90437
93452
96546
99874
103254
106752
110495
114422
118346
122351
126487
130807
135260
139879
144723
149706
154746
160093
165452
170887
176709
182690
188835
195254
201920
208757
215851
223198
230838
238640
246647
254956
263481
272399
281563
291180
301212
311327
321831
332632
343895
355495
367652
380144
393066
406452
420235
434556
449294
464573
480311
496658
513407
531005
548934
567521
586432
606312
626904
648335
670431
693019
716696
740918
766145
792176
819111
846774
875726
905510
936244
968202
1000951
1034696
1069847
1105851
1143509
1182211
1222186
1263530
1306607
1350927
1396663
1444108
1492935
1543618
1596145
1650806
1706912
1765037
1825167
1887569
1951772
2018776
20944
21651
22428
23168
23928
24686
25552
26430
27330
28270
29242
30254
31290
32396
33475
34554
35751
36954
38127
39442
40747
42096
43596
45040
46559
48136
49790
51429
53134
54957
56763
58705
60659
62716
64861
67047
69353
71717
74208
76758
79346
82030
84815
87655
90672
93770
96934
100252
103690
107271
110849
114703
118568
122534
126639
130904
135210
139793
144507
149394
154486
159748
165256
170975
176754
182657
188881
195328
202112
208910
215858
223172
230806
238641
246793
255348
263967
272813
282144
291928
301804
312015
322531
333545
344852
356614
368961
381290
394196
407467
421416
435649
450610
466240
481800
497812
514604
532272
550565
569360
588726
608659
629423
650897
673097
696122
719652
744188
769726
795884
823053
850954
879777
909238
940134
972196
1005239
1039166
1074460
1110970
1148469
1187285
1227752
1269360
1313150
1357644
1403811
1451447
1500533
1551628
1604576
1659075
1715457
1773875
1834605
1897451
1962322
2029107
20970
21702
22401
23119
23929
24712
25541
26374
27260
28192
29202
30261
31295
32359
33396
34527
35720
36942
38208
39578
40943
42320
43765
45249
46707
48264
49901
51647
53376
55149
57063
58912
60925
63008
65177
67373
69692
72033
74470
77046
79629
82267
85040
87898
90998
94061
97380
100697
104112
107588
111311
115079
119037
123048
127233
131578
135981
140675
145429
150471
155511
160713
166180
171728
177583
183557
189893
196330
203021
209939
217021
224527
232217
240160
248413
256926
265702
274937
284330
293984
304096
314352
325112
336179
347637
359410
371440
384025
396997
410638
424579
439186
454226
469646
485457
502108
519293
536827
555239
574226
593610
613803
634432
656146
678480
701542
725082
749722
775410
801586
828571
856813
885572
915542
946489
978409
1012150
1046742
1082539
1119327
1157055
1196511
1237321
1279541
1322994
1368070
1414618
1462831
1512168
1563254
1616757
1671756
1728468
1787269
1848155
1910630
1975496
2042533
21308
22022
22761
23582
24398
25229
26059
26954
27856
28853
29814
30833
31885
32945
34085
35249
36544
37773
39059
40403
41750
43191
44593
46152
47735
49357
50916
52667
54475
56350
58253
60201
62202
64301
66419
68632
70945
73281
75835
78411
81126
83908
86710
89704
92744
95857
99168
102566
106071
109576
113236
117059
120916
125034
129455
133829
138547
143204
148038
153002
158165
163629
169373
175125
181087
187370
193871
200487
207343
214540
221825
229479
237237
245175
253600
262222
270971
280269
289925
299679
309957
320473
331253
342486
354291
366315
378858
391794
404994
418900
433046
447660
462681
478284
494607
511356
528810
546444
565091
584521
604292
624976
646046
668021
690635
713828
738391
763580
789367
816273
844039
872665
902261
932934
964831
997859
1031788
1066754
1102890
1140413
1178889
1219164
1260528
1303666
1348035
1394054
1441415
1490613
1541504
1594279
1648411
1704200
1762112
1822441
1884430
1949015
2015584
20817
21553
22292
23110
23927
24722
25596
26439
27314
28248
29237
30245
31269
32317
33426
34612
35740
37015
38259
39557
40870
42224
43688
45160
46727
48316
49930
51670
53441
55204
