102470
105022
107681
110394
113205
116105
119015
122021
125124
128239
131546
134937
138237
141699
145284
148925
152696
156538
160529
164779
168897
173138
177491
181920
186489
191245
196021
201153
206183
211489
216906
222378
227994
233902
239873
245979
252139
258570
265189
271909
278746
285844
293170
300752
308362
316183
324295
332493
341003
349717
358631
367772
377126
386958
396901
406942
417535
428299
439383
450727
462317
474263
486308
498807
511812
524896
538376
552073
566552
580990
595645
610928
626932
643505
660236
677144
694576
712708
730963
750039
769599
789471
810055
831079
852841
875219
898069
921360
945327
969812
994769
1020770
1047129
1074455
1102312
1131342
1161060
1191514
1222563
1254407
1287076
1320777
1355139
1390481
1426923
1464289
1502487
1541863
1582032
1623550
1666127
1709639
1753938
1799766
1847234
1895493
1944963
1995778
2048296
20822
21389
21957
22536
23128
23779
24398
25084
25769
26440
27126
27820
28577
29301
30085
30842
31649
32496
33391
34306
35230
36153
37183
38142
39110
40155
41222
42304
43368
44531
45747
46967
48231
49474
50807
52157
53569
54964
56380
57876
59390
60915
62429
64033
65679
67499
69352
71234
73148
75184
77246
79339
81450
83629
85892
88251
90596
93022
95531
98060
100690
103402
106187
109007
111953
114991
118145
121260
124518
127887
131447
134979
138580
142262
146071
150025
154018
158081
162315
166636
171187
175792
180506
185394
190326
195411
200686
206150
211726
217540
223363
229532
235722
241990
248447
255168
262198
269224
276549
284168
291960
299767
307774
316117
324627
333426
342443
351805
361403
371138
381220
391679
402487
413460
424699
436447
448432
460650
473169
486070
499218
512526
526540
540857
555737
570781
586207
601975
618402
635341
652744
670750
689164
707885
727129
746839
767331
788485
809966
832331
855464
879113
903025
927810
953773
979897
1006946
1034671
1063025
1092190
1122392
1152896
1184516
1217163
1250847
1285348
1320669
1356827
1393962
1432308
1471594
1512421
1554394
1597191
1641080
1686264
1732903
1780262
1829650
1879669
1931640
1985075
2039805
21141
21713
22339
22913
23567
24263
24939
25622
26328
27047
27771
28552
29305
30116
30948
31800
32709
33583
34459
35423
36463
37489
38552
39618
40716
41861
43068
44318
45634
46922
48241
49579
50950
52331
53826
55358
56872
58393
60045
61714
63460
65200
67100
68939
70851
72727
74801
76897
79081
81270
83508
85884
88190
90643
93227
95869
98663
101360
104271
107149
110087
113093
116218
119473
122815
126272
129814
133509
137228
141258
145347
149494
153623
157875
162301
166722
171407
176157
181043
186151
191324
196735
202230
207973
213849
219809
226173
232460
238920
245552
252468
259532
266744
274177
281886
289666
297820
306179
314895
323915
332869
342290
352102
362025
372171
382652
393450
404731
416030
427875
439922
452213
464851
478017
491604
505547
519972
534615
549628
565357
581348
597826
614837
632275
649885
668323
687329
706923
726868
747485
768557
790408
812770
835857
859623
884265
909453
935037
962001
989443
1017613
1046535
1076213
1106814
1138294
1170692
1203642
1237689
1273037
1309487
1346691
1384681
1423871
1464605
1506221
1548806
1592867
1638111
1685189
1733070
1782567
1833452
1885804
1939378
1994589
2051215
21189
21778
22395
23035
23672
24351
25039
25746
26443
27220
28022
28788
29695
30569
31391
32340
33283
34244
35223
36194
37189
38222
39312
40472
41570
42714
43930
45189
46462
47802
49194
50628
52007
53558
55106
56696
58352
59921
61612
63355
65140
66975
68886
70855
72965
75004
77154
79385
81639
83946
86323
88815
91325
93980
96744
99560
102429
105395
108477
111612
114829
118243
121655
125128
128681
132369
136111
140040
144146
148299
152590
156914
161460
166162
170942
175813
180904
186215
191674
197135
202786
208538
214594
220869
227184
233796
240798
247680
254842
262247
269882
277748
285784
294097
302570
311441
320518
329768
339182
348973
359176
369615
380362
391422
402717
414362
426387
438610
451424
464586
478185
492174
506555
521317
536345
551809
567919
584495
601465
618831
636949
655170
674378
693975
714324
735208
756759
778735
801489
825051
849081
873934
899629
925841
952768
980767
1009653
1038924
1069019
1100159
1132047
1165193
1199213
1234412
1270402
1307709
1345808
1385052
1425894
1467578
1510327
1554003
1599576
1646370
1694660
1744183
1795467
1848062
1901875
1957189
2014723
20564
21158
21786
22405
23056
23717
24418
25187
25891
26624
27411
28262
29074
29938
30842
31733
32665
33623
34595
35612
36654
37751
38865
40015
41195
42407
43706
44932
46248
47599
48978
50376
51830
53371
54925
56546
58229
59963
61701
63490
65381
67340
69299
71410
73473
75563
77828
80090
82454
84874
87459
90077
92738
95535
98435
101375
104356
107428
110660
113953
117253
120724
124303
128032
131755
135673
139707
143791
148085
152465
157036
161701
166497
171314
176476
181697
187117
192716
198475
204412
210414
216745
223122
229655
236453
243362
250645
258009
265719
273598
281708
290094
298802
307569
316818
326212
336056
346010
356180
366806
377838
389052
400409
412285
424571
437155
450145
463588
477372
491742
506344
521314
536804
552816
569427
586359
603794
621815
640364
659454
679256
699658
720516
742064
763959
786927
810231
834334
859431
885121
911793
939075
967295
996046
1026049
1056740
1088630
1121169
1154718
1189503
1224952
1261326
1299010
1337999
1378273
1419615
1462400
1506317
1551323
1597693
1645825
1694895
1745721
1798311
1852250
1908082
1965414
2024592
21068
21720
22387
23075
23790
24485
25210
25978
26716
27540
28376
29261
30172
31094
32033
33024
34023
35034
36107
37151
38266
39456
40599
41814
43094
44411
45772
47142
48615
50076
51540
53031
54608
56305
58011
59632
61471
63409
65318
67359
69391
71345
73460
75601
77912
80232
82718
85250
87916
90607
93368
96182
99106
102133
105255
108413
111738
115053
118559
122148
125849
129700
133681
137649
141820
146181
150528
154908
159688
164526
169527
174796
180170
185660
191137
197088
202997
209094
215431
221944
228686
235686
242788
250142
257647
265520
273575
281820
290396
299186
308230
317644
327253
337146
347434
358033
368857
380350
392128
404000
416221
428811
441848
455373
468983
483214
497735
512914
528755
544951
561701
578975
596459
614787
633542
652916
672729
693215
714136
735966
758516
781578
805477
830091
855356
881608
908303
936067
965048
994705
1025044
1056496
1088836
1122046
1156132
1191258
1227758
1265162
1303912
1343823
1385146
1427718
1471532
1516691
1563294
1611402
1660908
1711739
1764196
1818456
1874430
1931737
1991527
2052566
21250
21920
22596
23285
23993
24721
25506
26303
27116
27922
28785
29651
30594
31570
32521
33509
34555
35643
36722
37821
38946
40150
41359
42602
43940
45309
46697
48121
49622
51155
52708
54311
55961
57703
59520
61293
63119
64980
66923
68992
71149
73277
75561
77792
80199
82652
85168
87749
90435
93216
96111
99091
102097
105233
108546
111869
115221
118790
122549
126402
130199
134221
138356
142695
147059
151614
156319
161083
165979
171151
176433
181792
187391
193077
199085
205229
211632
218164
225048
232085
239272
246725
254454
262278
270522
278858
287662
296512
305800
315377
325172
335468
345860
356595
367454
378925
390762
402696
415270
428118
441397
455266
469490
484051
499080
514762
530740
547123
564127
581339
599460
617784
637018
656791
677147
697953
719517
741806
764908
788715
813263
838448
864598
891523
919508
948371
977775
1008110
1039759
1072070
1105584
1139949
1175632
1212291
1250272
1289165
1329498
1371217
1414124
1458378
1503551
1550211
1598508
1648355
1699369
1752623
1807001
1863410
1921973
1981688
2044165
20910
21585
22229
22945
23659
24393
25170
25941
26722
27521
28447
29340
30248
31200
32170
33173
34194
35232
36341
37497
38678
39886
41109
42467
43826
45216
46607
48064
49579
51021
52616
54325
56038
57795
59568
61385
63314
65289
67334
69480
71588
73896
76187
78623
81035
83598
86132
88757
91594
94472
97445
100476
103639
106900
110280
113731
117296
120986
124740
128755
132738
136931
141233
145651
150238
155054
159827
164723
169781
175155
180599
186194
192047
198022
204225
210646
217213
224180
231359
238650
246094
253758
261674
269900
278422
287033
296016
305313
315027
324981
335127
345821
356650
367770
379459
391309
403676
416366
429538
443100
456993
471396
486350
501473
517205
533599
550388
567810
585658
604021
622883
642573
662730
683665
705283
727777
750798
774601
799092
824086
850367
877104
904941
933656
963047
993244
1024410
1056802
1090483
1124722
1160253
1196982
1234688
1273590
1313918
1355520
1398177
1442196
1487787
1534497
1583085
1633030
1684510
1738314
1793045
1849270
1907564
1967834
2029894
20614
21258
21913
22624
23355
24089
24895
25704
26497
27359
28189
29082
30087
31030
31983
32981
33999
35093
36214
37368
38561
39791
41022
42303
43576
44923
46416
47851
49426
51005
52593
54352
56045
57883
59663
61538
63504
65537
67611
69721
71952
74213
76575
79025
81499
84164
86817
89559
92375
95255
98284
101394
104645
107850
111390
114969
118631
122383
126271
130380
134608
138855
143281
147890
152661
157469
162454
167630
172830
178244
183920
189756
195750
202237
208723
215298
222174
229241
236493
243821
251584
259537
267710
276237
284947
293925
303306
313076
323033
333376
344003
354801
366006
377526
389427
401778
414460
427651
441303
455202
469600
484423
500041
515987
532326
549231
566501
584310
602964
622210
641953
662204
683298
705230
728001
751058
775086
799907
825430
851831
879070
907108
935720
965552
996549
1028474
1061332
1095032
1129992
1166292
1203599
1241875
1281266
1321659
1363874
1407648
1452722
1498869
1546974
1596187
1647158
1700073
1754392
1810272
1867916
1927521
1988686
2052171
21161
21816
22500
23202
23936
24698
25464
26291
27129
28006
28899
29797
30697
31711
32736
33765
34853
35908
37094
38281
39494
40729
42065
43386
44774
46207
47678
49173
50767
52336
54036
55747
57474
59370
61283
63240
65235
67286
69402
71663
74026
76402
78866
81450
84111
86795
89583
92386
95283
98389
101581
104865
108232
111624
115228
118986
122808
126748
130764
134924
139186
143689
148163
152823
157771
162895
168130
173441
179016
184659
190730
196747
203144
209626
216262
223257
230408
237744
245356
252951
261116
269389
278037
286891
296027
305505
315024
325182
335631
346366
357471
368925
380792
392909
405544
418589
431954
445942
460255
474996
490365
506059
522219
539032
556048
573813
592232
611220
630920
651277
672106
693714
716018
739075
762744
787112
812248
838535
865452
893289
921830
951394
982105
1013848
1046366
1080256
1114587
1150203
1187147
1225463
1264651
1305443
1346929
1390074
1434969
1481360
1528645
1577657
1628374
1681030
1735294
1790846
1847999
1907492
1968665
2031753
20904
21544
22266
22947
23696
24496
25305
26163
26966
27801
28695
29609
30533
31500
32446
33497
34557
35660
36775
37984
39220
40491
41781
43109
44481
45946
47397
48884
50508
52153
53805
55568
57360
59173
61009
62979
65084
67266
69412
71637
73909
76270
78633
81102
83693
86347
89150
92064
95075
98100
101247
104386
107804
111221
114731
118476
122395
126244
130282
134494
138944
143392
148104
152824
157721
162812
168123
173683
179313
185079
191107
197269
203622
210208
216869
223916
231222
238703
246421
254278
262438
270940
279516
288496
297749
307310
317267
327444
337928
348799
360054
371435
383634
395992
408812
422039
435656
449599
464163
479127
494602
510607
527114
544292
561703
579860
598566
617959
637763
658218
679542
701371
723899
747366
771661
796719
822583
849022
876436
904650
933798
963610
994714
1026747
1059801
1094076
1129128
1165444
1202593
1241469
1281686
1322530
1365069
1409131
1454476
1500908
1549509
1599727
1651069
1704692
1760056
1816879
1875503
1935988
1998468
2062725
21152
21868
22589
23347
24101
24895
25694
26542
27352
28235
29100
30026
31028
32018
33047
34075
35152
36285
37466
38643
39910
41185
42451
43835
45223
46670
48197
49832
51434
53116
54815
56640
58508
60345
62284
64277
66296
68483
70734
73029
75351
77742
80185
82755
85419
88135
91030
94004
97079
100165
103376
106770
110222
113805
117399
121136
125165
129204
133382
137682
142111
146622
151283
156146
161147
166261
171597
177025
182623
188510
194644
200952
207457
214061
221049
228114
235298
242924
250851
258963
267436
275924
284934
294265
303976
313978
324268
334807
345734
356894
368372
380260
392682
405329
418342
431969
446106
460356
475214
490540
506547
522960
539675
557031
575172
593935
612989
632795
653326
674542
696158
718564
741948
766012
790727
816243
842574
869657
897869
926703
956650
987605
1019503
1052734
1086690
1122006
1158174
1195525
1234173
1274156
1315191
1357816
1401518
1446715
1493716
1542074
1591640
1642878
1696145
1750878
1807624
1865705
1925984
1988224
2053068
21166
21885
22609
23327
24048
24794
25635
26437
27292
28139
29079
30017
31002
31992
33099
34184
35298
36392
37638
38767
40007
41298
42610
44028
45445
46942
48441
49927
51561
53163
54899
56776
58651
60527
62527
64476
66577
68693
70973
73265
75623
78052
80607
83231
85912
88760
91645
94688
97765
100886
104073
107412
110958
114494
118161
122097
126110
130181
134510
138736
143211
147892
152640
157610
162829
168057
173471
179199
184913
190861
197112
203480
210243
217139
224212
231529
239131
246864
254789
262899
271267
280166
289257
298545
308335
318263
328560
339206
350136
361598
373220
385350
397675
410532
423861
437592
451707
466399
481492
496926
512784
529411
546443
564142
582145
600969
620281
640173
660707
682112
703956
726690
750234
774445
799326
824969
851729
879075
907617
936963
967222
998373
1030744
1064397
1098658
1134216
1170843
1208546
1247674
1288154
1329553
1372576
1417175
1462912
1509817
1558642
1609232
1661475
1715178
1770540
1828038
1886748
1948126
2010936
20427
21074
21764
22438
23172
23960
24687
25501
26321
27152
28009
28927
29861
30793
31849
32889
33958
35067
36208
37341
38578
39874
41143
42406
43752
45149
46601
48133
49701
51224
52919
54552
56308
58097
59918
61878
63845
65891
67990
70228
72542
74757
77178
79693
82264
84958
87699
90522
93464
96575
99787
103072
106440
109902
113466
117124
120829
124748
128810
132995
137265
141696
146444
151240
156228
161154
166400
171769
177366
183008
189067
195248
201479
207944
214680
221661
228857
236147
243876
251750
259927
268402
277292
286223
295455
305071
314932
325132
335726
346510
357518
369221
381180
393552
406318
419456
432938
447018
461659
476475
491734
507601
524125
540812
558424
576492
594975
614267
633921
654549
675391
697274
719638
742922
766767
791550
816966
843157
870388
898605
927792
957902
988519
1020767
1053736
1087726
1123045
1158857
1196429
1235452
1275294
1316269
1359035
1403218
1448634
1495307
1543353
1593363
1644620
1697899
1753152
1809531
1868375
1928655
1990873
2055127
21126
21844
22574
23313
24075
24793
25617
26438
27330
28223
29208
30128
31159
32143
33230
34320
35419
36550
37730
39006
40256
41575
42926
44299
45675
47185
48700
50246
51919
53503
55282
57123
59102
61064
63091
65106
67187
69277
71478
73768
76190
78701
81270
83895
86606
89400
92286
95384
98472
101631
104960
108169
111674
115344
119141
122961
126911
130947
135239
139659
144288
149018
153745
158709
163738
169180
174580
180233
186123
192148
198383
204809
211457
218306
225356
232705
240302
248172
256183
264504
272898
281788
290908
300268
310058
320134
330463
341012
352064
363619
375419
387425
400019
412887
426194
439992
454051
468675
483858
499534
515667
532434
549847
567746
586071
604971
624471
644545
665482
686960
709057
732127
755897
780352
805734
831829
858624
886691
915290
944848
975638
1007097
1039630
1073240
1108353
1144513
1181273
1219711
1258822
1299279
1341436
1384812
1429373
1475357
1523243
1572458
1623507
1675954
1730195
1786515
1844346
1904351
1965857
2029374
20879
21537
22228
22938
23721
24491
25300
26145
27003
27875
28711
29653
30628
31664
32678
33759
34892
35996
37154
38384
39646
40935
42221
43620
45091
46579
48057
49593
51132
52824
54507
56277
58063
59973
61983
63968
66123
68251
70471
72746
75181
77694
80180
82846
85575
88335
91229
94190
97259
100451
103745
107125
110615
114132
117818
121559
125477
129357
133601
138027
142565
147127
151953
156938
161950
167120
172484
178119
183778
189753
195878
202309
208836
215565
222592
229933
237341
245040
252852
261028
269479
278245
287220
296427
305898
316041
326311
336859
347718
358846
370318
382155
394424
407032
420297
433851
447936
462501
477498
492811
508547
524947
541925
559427
577777
596355
615649
635575
656346
677808
699986
722828
746154
770320
795384
821264
847692
875286
903536
932578
963005
994434
1026800
1060083
1094259
1129873
1166442
1204238
1243492
1283769
1325414
1367903
1412367
1458039
1505124
1554005
1604890
1657494
1711201
1766479
1823730
1883013
1943644
2006711
20680
21358
22025
22773
23491
24303
25063
25884
26729
27616
28461
29350
30282
31291
32332
33391
34449
35497
36672
37873
39070
40309
41602
42896
44288
45692
47154
48630
50158
51820
53485
55256
57112
58905
60828
62746
64835
66992
69138
71422
73701
75995
78500
81030
83592
86403
89210
92077
95121
98253
101365
104745
108162
111755
115391
119116
122862
126845
130951
135034
139354
143834
148476
153385
158399
163520
168648
174105
179731
185397
191427
197474
203905
210554
217426
224585
231869
239300
246912
254834
263089
271600
280325
289396
298834
308654
318728
329019
339656
350672
362089
373792
385952
398412
411443
424753
438481
452843
467597
482839
498330
514272
530929
547964
565635
583857
602771
621916
642143
662916
684366
706463
729391
753215
777606
802847
829280
856311
883974
912783
942494
972921
1004584
1037377
1071223
1105972
1141922
1179017
1217383
1257018
1297623
1340001
1383472
1428332
1474796
1522553
1571734
1622191
1674431
1728734
1784495
1841949
1901715
1963626
2026967
20893
21587
22309
23053
23786
24608
25418
26228
27029
27892
28780
29729
30664
31666
32709
33708
34764
35883
37073
38229
39464
40775
42091
43515
44958
46419
47975
49477
51083
52774
54510
56291
58139
60007
61938
63897
65963
68119
70290
72573
74946
77379
79943
82452
85123
87796
90656
93579
96650
99744
102997
106260
109691
113231
116910
120675
124516
128540
132798
136994
141396
145953
150785
155637
160676
166035
171446
176984
182728
188605
194662
200930
207478
214403
221330
228595
235940
243548
251384
259553
267920
276525
285712
295168
304756
314755
325067
335462
346338
357644
369228
381167
393461
406233
419405
433015
447202
461555
476748
492522
508622
525076
542258
559848
577800
596474
615657
635771
656396
677668
699904
722391
745805
769976
794841
820575
847342
874787
903028
932394
962508
993646
1025693
1058847
1093526
1129099
1165451
1203393
1242194
1282345
1323661
1366841
1410968
1456844
1503906
1552658
1603195
1654762
1708396
1763759
1821125
1880229
1940975
2004347
20632
21285
22002
22728
23400
24109
24909
25736
26556
27392
28265
29221
30177
31155
32173
33196
34233
35283
36414
37566
38812
40119
41428
42762
44155
45568
47062
48625
50179
51802
53522
55260
57028
58835
60790
62750
64743
66775
68915
71012
73380
75868
78237
80722
83310
85977
88695
91613
94581
97709
100949
104239
107542
111020
114594
118280
122020
126044
130177
134446
138778
143231
147831
152701
157663
162882
168097
173569
179201
184985
191093
197268
203597
210142
216975
223945
231166
238755
246455
254453
262805
271331
280177
289162
298623
308239
318223
328421
339035
349953
361297
372963
385168
397827
410479
423957
437692
451792
466475
481660
497323
513492
530211
547336
565012
583058
601927
621446
641554
662542
683838
705991
728836
752563
776633
801838
827695
854556
882291
910949
940410
971083
1002526
1034979
1068652
1103040
1138714
1175548
1213441
1252423
1292603
1334573
1378090
1422447
1468474
1516153
1565459
1616439
1668927
1723126
1779002
1836796
1896133
1958171
2021256
20758
21402
22111
22789
23547
24307
25003
25812
26680
27509
28415
29315
30202
31159
32198
33287
34372
35489
36635
37869
39068
40370
41712
43019
44396
45861
47345
48827
50409
52006
53732
55463
57270
59151
61073
63079
65190
67305
69518
71739
74079
76452
78911
81494
84151
86917
89677
92579
95431
98607
101737
105015
108524
112163
115708
119431
123259
127446
131466
135707
140140
144675
149392
154163
159176
164415
169765
175287
181133
186977
193142
199363
205829
212427
219364
226337
233688
241328
248868
256914
265282
273764
282572
291642
301213
311120
321262
331715
342449
353734
365197
377044
389235
401914
415045
428508
442364
456895
471740
486931
502847
519024
535862
553196
571115
589263
608216
627916
648207
669125
690835
713086
736057
760190
784948
810435
836598
863739
891529
920751
950648
981414
1013533
1046503
1080640
1115894
1152219
1189794
1228477
1268181
1309067
1351578
1395583
1440833
1487766
1536031
1585822
1636964
1690402
1745343
1802803
1861424
1922030
1984478
2048968
21388
22062
22757
23498
24214
25013
25870
26698
27569
28431
29334
30307
31296
32349
33385
34487
35636
36832
38024
39255
40520
41774
43147
44457
45855
47282
48799
