102541
105277
108083
110903
113833
117012
120057
123279
126551
129893
133410
137013
140653
144380
148294
152276
156296
160458
164822
169203
173800
178572
183354
188220
193162
198397
203771
209208
214750
220582
226539
232697
238992
245464
251988
258668
265617
272804
280156
287685
295488
303564
311862
320333
329018
337965
347336
356955
366710
376448
386604
397059
407826
418738
430214
442102
454106
466410
478952
491857
505200
519119
533283
547630
562581
578002
593843
610036
626760
644027
661481
679355
698178
717115
736455
756789
777527
798727
820677
843078
866336
889882
914115
938596
964474
991033
1018240
1046134
1074800
1104203
1134506
1165817
1197711
1230861
1264580
1299545
1335029
1371659
1409894
1448742
1488512
1529473
1572078
1615282
1660509
1706614
1753959
1802498
1852523
1903926
1956711
2010921
20713
21320
21919
22494
23136
23780
24412
25103
25758
26451
27163
27833
28586
29364
30152
30974
31844
32736
33645
34604
35588
36606
37593
38671
39762
40971
42121
43294
44495
45810
47093
48365
49710
51068
52563
54028
55568
57113
58704
60338
62059
63703
65491
67324
69192
71193
73201
75233
77405
79623
81867
84248
86685
89157
91647
94238
96819
99525
102316
105242
108199
111285
114502
117813
121178
124544
128074
131675
135428
139221
143234
147252
151398
155671
160007
164514
169258
173937
178951
183943
189267
194622
200233
206093
212066
218233
224523
231031
237635
244468
251376
258586
265814
273393
281251
289389
297614
306141
314751
323750
332981
342550
352287
362366
372890
383619
394826
406418
418072
430019
442413
454886
468077
481659
495567
509872
524697
539912
555255
571222
587846
604952
622399
640370
658905
677757
697142
717243
737944
759173
781000
803768
827049
850965
875757
901051
926996
953789
981315
1009662
1038686
1068867
1099728
1131749
1164649
1198589
1233208
1268615
1305479
1343352
1382235
1422032
1463143
1505551
1549556
1594443
1641181
1688988
1738407
1788800
1840909
1894763
1949634
2006574
20628
21250
21853
22508
23204
23888
24557
25258
25941
26691
27510
28320
29153
30013
30900
31798
32738
33676
34690
35679
36755
37838
38967
40100
41248
42445
43687
44997
46320
47666
49016
50431
51917
53432
54977
56593
58322
60041
61779
63588
65491
67442
69402
71469
73592
75731
77923
80148
82485
84902
87455
90096
92744
95534
98348
101286
104246
107363
110678
113883
117228
120712
124297
127916
131626
135532
139410
143576
147806
152228
156829
161547
166288
171267
176279
181559
186904
192336
198068
204040
210097
216209
222640
229208
236046
243008
250239
257722
265518
273372
281620
290015
298768
307676
316909
326348
336076
346061
356323
366937
377910
389222
400825
412915
425175
437874
450833
464324
478009
492240
506732
521739
537364
553500
570192
587274
604969
623227
641924
660841
680777
701446
722502
744051
766195
789377
813268
837719
863142
889076
915844
943408
971741
1000786
1030647
1061851
1093920
1126969
1161263
1195923
1231805
1268995
1307226
1346276
1387116
1429225
1472390
1516631
1562457
1610018
1658820
1708868
1760375
1813320
1868316
1924673
1983070
2042984
21022
21657
22300
22979
23688
24391
25129
25837
26554
27326
28166
29036
29938
30839
31748
32727
33690
34726
35772
36823
37849
39071
40271
41490
42730
44011
45312
46656
48048
49558
51061
52588
54172
55783
57406
59182
60959
62835
64752
66732
68709
70855
72982
75227
77540
79956
82327
84893
87536
90188
92882
95687
98578
101522
104610
107782
111134
114460
117853
121505
125101
128932
132856
136887
141070
145384
149858
154376
159138
164050
169046
174209
179559
184994
190658
196542
202521
208715
215135
221831
228561
235508
242662
250152
257890
265818
273846
282426
291172
300188
309452
319084
328935
338982
349361
360115
371210
382628
394606
406779
419166
432049
445568
459446
473701
488255
503411
518961
535060
551674
568737
586146
604234
622736
641614
661501
681921
703056
724646
746771
769766
793495
818036
843231
869484
896445
924217
952623
981995
1012082
1043179
1075564
1108710
1142946
1178335
1214707
1252260
1291332
1331115
1371987
1414407
1458037
1502914
1549932
1597706
1647093
1698114
1750676
1804552
1860805
1918364
1977448
2038899
20934
21573
22222
22927
23621
24342
25082
25889
26682
27523
28397
29254
30151
31124
32034
33010
34036
35146
36237
37392
38480
39645
40879
42155
43449
44826
46201
47627
49155
50713
52300
53925
55513
57200
58987
60802
62806
64803
66876
68983
71153
73463
75803
78196
80679
83187
85797
88456
91167
94028
96942
100062
103206
106507
109842
113240
116800
120367
124169
128002
131985
136096
140323
144688
149095
153708
158422
163164
168318
173656
179126
184806
190603
196626
202718
209085
215682
222656
229610
236850
244259
251973
259862
268184
276485
285165
294090
303437
312807
322687
332630
342963
353721
364890
376296
388133
400478
413082
426257
439794
453656
468017
482800
498128
513739
529763
546450
563574
581699
600027
619000
638742
659017
679911
701311
723222
745758
769224
793549
818551
844443
871244
898464
926688
955719
985778
1016612
1048642
1081645
1115569
1150806
1187073
1224937
1263440
1302799
1343636
1386390
1430408
1475829
1522183
1570027
1619212
1670259
1722970
1777230
1832864
1890890
1950665
2012310
20636
21219
21903
22612
23264
24052
24839
25688
26505
27326
28182
29081
29916
30845
31810
32858
33891
34939
36008
37147
38308
39521
40767
41988
43340
44761
46244
47723
49252
50815
52480
54115
55758
57550
59360
61252
63235
65263
67286
69459
71608
73948
76269
78640
81043
83650
86376
89125
91917
94752
97806
100886
104034
107365
110807
114319
117912
121555
125423
129418
133328
137655
142033
146502
151220
155997
160979
166204
171609
177033
182644
188254
194205
200329
206657
213190
220097
227129
234450
241862
249662
257544
265745
274304
283058
292118
301355
311031
320842
330893
341479
352301
363559
375009
386900
399318
412132
425285
438819
452798
467282
482169
497483
513322
529747
546620
564047
582051
600457
619822
639619
659962
680942
702619
724861
748083
772024
796695
822082
848593
875663
903666
932330
962090
993004
1024742
1057588
1091219
1126284
1162309
1199187
1237645
1277092
1318232
1360407
1403811
1448764
1495159
1543012
1592244
1643165
1696157
1750105
1806609
1864215
1923952
1985108
2048964
21196
21860
22602
23313
24012
24808
25600
26413
27279
28133
29007
29945
30948
31896
32916
33936
34982
36046
37123
38300
39535
40815
42097
43448
44825
46283
47843
49409
50997
52664
54410
56218
58017
59827
61687
63624
65693
67810
70045
72305
74675
77103
79568
82089
84765
87576
90319
93239
96172
99366
102563
105834
109308
112806
116577
120293
124250
128192
132194
136412
140798
145281
149877
154735
159692
164890
170197
175674
181221
186886
192772
198968
205376
211931
218620
225506
232787
240272
247974
255926
264207
272576
281193
290218
299571
309181
319148
329535
340145
351004
362615
374409
386420
398955
411802
425141
438679
452954
467567
482453
498094
514042
530573
547668
565457
583511
602142
621490
641503
662143
683470
705490
728312
751922
776025
800882
826635
853332
880681
909361
938569
968909
1000208
1032179
1065434
1099808
1135172
1172055
1209991
1248950
1289429
1331010
1373963
1418365
1463833
1511100
1559984
1609976
1661783
1715425
1770240
1827299
1886071
1946811
2009368
20969
21641
22294
23027
23803
24558
25312
26165
26985
27862
28758
29690
30668
31693
32723
33749
34853
35983
37130
38339
39564
40803
42177
43599
44970
46335
47794
49361
51000
52623
54280
56015
57829
59710
61567
63583
65651
67761
69992
72265
74661
77044
79501
81986
84656
87396
90201
93083
96124
99283
102524
105804
109193
112712
116392
120196
124075
128165
132233
136518
140894
145463
150210
155093
160012
165202
170521
176086
181736
187521
193708
199998
206439
212995
219811
226935
234398
241966
249804
257821
266023
274586
283437
292633
302106
311777
321953
332257
342989
353985
365387
377304
389423
402213
415204
428652
442434
456882
471805
487099
502840
519208
535898
553296
570964
589386
608418
628154
648257
669372
690847
713419
736512
760667
785264
810829
837071
864081
892200
920888
950905
981592
1013334
1046192
1080051
1115422
1151696
1188831
1227430
1267390
1308436
1351152
1394906
1440237
1487267
1535399
1585218
1636562
1689630
1744486
1800986
1859317
1919676
1981964
2046536
21313
22016
22752
23442
24192
24979
25774
26605
27458
28302
29227
30175
31106
32116
33180
34268
35369
36437
37557
38796
40143
41419
42745
44085
45555
47005
48562
50215
51857
53596
55316
57079
59001
60926
62951
65049
67194
69433
71665
73982
76340
78826
81405
83989
86711
89540
92449
95452
98552
101773
105061
108421
112056
115643
119418
123353
127300
131487
135869
140167
144650
149382
154295
159523
164666
170008
175545
181262
187097
193081
199388
205827
212541
219479
226565
233792
241496
249371
257469
265837
274491
283444
292723
302181
312105
322302
332754
343507
354553
366252
378194
390492
403235
416372
429698
443616
458062
473127
488754
504714
521035
538187
555607
573266
591708
611008
630958
651448
672643
694460
717245
740384
764479
789510
815187
841760
869098
897357
926404
956466
987593
1020015
1053535
1087742
1123196
1159675
1197292
1236155
1276622
1317685
1360406
1404442
1450034
1497031
1545458
1595725
1647790
1701551
1756757
1813774
1872799
1933767
1996584
2061651
21284
21957
22687
23428
24188
24958
25744
26593
27473
28350
29347
30297
31245
32261
33309
34405
35499
36596
37821
39087
40376
41685
43133
44527
45989
47495
49055
50597
52248
53917
55632
57461
59342
61335
63334
65450
67620
69887
72152
74549
76966
79627
82318
84881
87722
90564
93543
96533
99617
102845
106245
109723
113339
117023
120742
124665
128733
132952
137236
141812
146498
151403
156384
161579
166805
172314
178017
183572
189651
196018
202330
208982
215842
222777
229980
237548
245269
253162
261490
270090
278865
287889
297226
306904
316980
326968
337640
348603
360052
371782
383965
396514
409542
422748
436655
450678
465381
480640
496263
512327
529038
546224
564161
582745
601820
621497
641756
662745
684386
706611
729480
753391
777846
803421
829566
856965
885322
914044
943816
974607
1006650
1039478
1073553
1108700
1144768
1182152
1220700
1260561
1301559
1343621
1387554
1432917
1479658
1527995
1577772
1629507
1682800
1737288
1793678
1852105
1912519
1974661
2038942
20873
21521
22244
22960
23684
24433
25207
25977
26835
27702
28645
29516
30455
31474
32532
33631
34732
35823
36973
38224
39416
40715
42044
43438
44837
46245
47740
49284
50935
52583
54293
56098
57832
59709
61706
63786
65883
68012
70176
72536
74896
77252
79756
82302
84936
87665
90534
93450
96504
99780
103080
106492
109956
113641
117390
121264
125130
129263
133453
137739
142043
146725
151476
156436
161557
166873
172440
178206
184039
189945
196220
202530
209315
216058
223261
230516
238079
245858
253900
262134
270651
279560
288630
298264
308017
317941
328275
338881
349900
361367
373140
385235
397859
410786
424250
437985
452241
467200
482494
498250
514741
531328
548807
566943
585451
604520
624420
645061
666275
687905
710529
734018
758312
783039
808860
835551
862800
891053
920150
950394
981456
1013454
1046872
1080953
1116257
1153155
1190922
1230077
1270419
1311624
1354616
1399260
1445260
1492753
1541538
1592306
1644490
1698196
1753648
1810716
1870169
1931302
1994079
2059859
21124
21781
22489
23291
24029
24800
25586
26419
27294
28167
29083
30079
31047
32081
33073
34165
35231
36403
37578
38839
40105
41353
42638
44053
45511
47006
48564
50238
51848
53526
55274
57009
58852
60799
62835
64851
66936
69133
71478
73809
76167
78675
81274
83998
86744
89578
92407
95500
98626
101855
105183
108716
112172
115806
119600
123479
127402
131645
135905
140404
144959
149637
154422
159523
164631
170064
175701
181491
187415
193477
199757
206312
213108
220119
227314
234831
242573
250609
258915
267421
276314
285413
294779
304340
314370
324610
335121
346119
357632
369424
381374
393989
406874
420107
433809
447942
462707
477683
493294
509462
526180
543300
561400
579865
598860
618510
638821
659769
681299
703837
726605
750483
774966
800118
826188
853385
881344
909971
939903
970889
1002889
1036129
1069796
1104886
1140972
1178388
1217080
1257070
1298460
1341112
1385098
1430584
1477384
1525887
1576009
1627424
1680953
1736312
1793100
1851954
1912637
1975286
2039927
20906
21589
22274
22967
23698
24477
25281
26122
26941
27868
28818
29751
30757
31767
32837
33933
35091
36223
37460
38701
39989
41307
42664
44030
45436
46910
48460
50005
51676
53446
55170
56984
58854
60752
62731
64769
66887
69029
71328
73817
76239
78819
81398
84133
86907
89815
92807
95948
99037
102298
105588
109003
112488
116047
119891
123839
127878
132142
136443
140931
145464
150203
155210
160308
165609
170928
176337
182024
187959
193999
200472
207105
213923
221037
228247
235636
243272
251219
259364
267871
276619
285765
295121
304779
314877
325327
336155
347172
358455
370368
382419
394969
407939
421399
435332
449450
464286
479697
495499
511655
528456
545614
563292
581824
600813
620534
640813
661647
683230
705703
729026
752796
777514
802668
828949
856233
884335
913380
943073
974275
1006005
1039052
1073089
1108474
1144920
1182570
1221534
1261631
1303157
1345579
1389695
1435406
1482454
1530986
1581191
1633174
1686867
1742146
1799240
1858183
1919497
1982315
2047233
21351
22046
22759
23531
24380
25202
25997
26832
27735
28682
29678
30710
31736
32774
33855
34958
36133
37300
38544
39763
41060
42464
43825
45305
46843
48334
50057
51662
53343
55122
56969
58772
60744
62720
64683
66928
69191
71463
73851
76238
78865
81521
84178
86974
89803
92716
95804
98897
102182
105505
108884
112385
116091
119850
123843
127867
132183
136581
141152
145758
150566
155448
160558
165892
171294
176778
182597
188519
194681
201047
207587
214435
221436
228570
235897
243654
251700
259986
268616
277414
286427
295874
305529
315644
326120
336757
347710
358961
370576
382829
395322
408433
422009
436124
450414
465242
480448
496197
512569
529325
546520
564407
582891
602070
621866
642052
662968
684599
707074
730291
754112
778898
804295
830903
858044
886181
915309
945178
976087
1008143
1041039
1075226
1110314
1146438
1184116
1222556
1262412
1303440
1346800
1391220
1436965
1484000
1532793
1582968
1635248
1689159
1744663
1802115
1861286
1922769
1985930
2051084
21352
22030
22798
23593
24404
25162
25989
26899
27769
28689
29637
30620
31603
32682
33688
34863
36030
37216
38453
39756
41033
42478
43895
45403
46863
48378
49917
51583
53247
54948
56864
58746
60662
62571
64579
66701
68839
71170
73490
75933
78400
80989
83671
86479
89467
92528
95540
98648
101868
105245
108635
112202
115835
119620
123591
127712
131886
136220
140707
145394
150142
155154
160124
165439
170870
176535
182338
188406
194664
200965
207581
214417
221470
228700
236219
243892
251987
260322
268955
277571
286658
296040
305780
315901
326215
336921
347869
359254
371107
383396
395927
408893
422402
436449
450563
465422
480737
496465
513102
530135
547427
565285
584066
603214
622943
643434
664759
686764
709205
732587
756717
781882
807536
834149
861507
889819
918824
949020
980217
1012504
1045992
1080488
1116121
1152925
1190555
1229665
1270477
1312349
1355444
1399831
1446046
1493892
1542932
1593451
1645874
1699978
1755877
1813651
1873079
1935104
1998945
2064521
21396
22100
22826
23639
24437
25227
26029
26867
27756
28676
29636
30641
31641
32672
33773
34906
36030
37174
38438
39671
40974
42395
43852
45257
46757
48242
49805
51415
53122
54864
56682
58486
60381
62394
64400
66548
68802
71056
73388
75788
78367
80969
83634
86375
89140
92071
95050
98268
101455
104746
108154
111692
115281
119055
122932
126968
131191
135509
139994
144660
149475
154268
159359
164417
169809
175307
181199
187141
193221
199547
206325
213263
220336
227490
235046
242890
250724
259049
267538
276124
285029
294478
303847
313754
324056
334739
345700
357035
368767
381080
393627
406623
419824
433448
447357
462330
477415
493193
509550
526314
543748
561604
579933
599048
618900
639196
660040
681844
704229
727564
751351
776277
801717
828053
855283
883576
912659
942809
973840
1006028
1039040
1072976
1108576
1145096
1182564
1221421
1261409
1303198
1345975
1390149
1435729
1483001
1531836
1582148
1634365
1688182
1744121
1801537
1860365
1921934
1985168
2050050
21081
21778
22496
23261
24049
24872
25655
26482
27367
28281
29226
30206
31242
32261
33298
34419
35529
36712
37900
39177
40448
41721
43089
44456
45962
47498
49094
50691
52363
54055
55869
57769
59674
61596
63684
65775
67948
70164
72590
74972
77447
79934
82605
85238
88016
90915
93914
97065
100281
103625
107084
110629
114358
118206
122104
126218
130440
134813
139279
143811
148461
153340
158339
163599
169018
174600
180359
186166
192274
198602
205133
211810
218779
225756
233262
240824
248821
257070
265538
274339
283295
292649
302312
312121
322503
333102
344005
355322
367041
379191
391718
404549
417801
431657
445832
460485
475475
491013
507093
523918
541076
558964
577064
596339
616228
636657
657782
679380
701863
725159
748920
773788
799325
825613
852862
881040
910334
940232
971125
1003017
1036190
1070276
1105882
1142523
1180133
1218614
1258720
1300153
1343263
1387436
1432985
1480185
1528860
1578968
1631149
1684654
1740070
1797473
1856519
1917790
1980952
2046296
20892
21600
22373
23127
23875
24688
25509
26359
27233
28115
29076
30018
30983
32002
33075
34189
35298
36476
37671
38966
40251
41585
42925
44330
45766
47252
48762
50354
51997
53685
55468
57344
59191
61149
63132
65240
67373
69606
71946
74296
76808
79371
81986
84706
87453
90279
93246
96351
99598
102916
106329
109819
113315
116985
120797
124781
128996
133248
137636
142184
146947
151777
156800
162010
167290
172824
178536
184451
190612
196861
203263
209872
216866
224077
231457
239097
246913
254935
263216
271631
280766
289950
299348
309044
319313
329753
340657
351917
363415
375465
387775
400350
413533
427333
441521
455890
470973
486451
502577
519128
536181
553811
572058
590758
610358
630578
651369
672472
694631
717389
741244
765601
790632
816430
843162
870806
899751
929328
959911
991597
1024116
1057945
1093062
1129379
1166598
1205267
1245014
1285995
1328245
1371940
1417414
1464155
1512544
1561887
1613696
1666942
1722322
1778983
1837420
1897923
1960315
2025090
20784
21495
22209
22945
23725
24540
25331
26200
27032
27932
28840
29770
30745
31733
32786
33873
34956
36140
37353
38556
39786
41125
42479
43819
45266
46714
48249
49792
51338
52993
54752
56504
58343
60339
62334
64456
66595
68844
71132
73444
75888
78340
80950
83542
86298
89172
92160
95244
98354
101592
104974
108427
111915
115637
119502
123418
127476
131722
136148
140580
145098
150004
154946
159972
165282
170719
176311
182086
188042
194131
200506
206913
213728
220687
227982
235493
243243
251465
259681
268218
276948
285985
295489
305269
315161
325462
336306
347653
358760
370449
382629
395160
407977
421368
435201
449798
464724
480063
496098
512292
529190
546610
564718
583332
602440
622175
642377
663678
685719
708480
731516
755585
780735
806461
832902
860406
888710
918326
948531
979836
1012036
1045650
1080025
1115317
1152178
1190104
1229359
1269874
1312151
1355082
1399810
1445809
1492996
1542057
1593254
1645933
1700562
1756503
1814343
1874535
1936083
1999643
2065599
21210
21933
22694
23430
24198
24957
25776
26657
27565
28491
29455
30448
31411
32475
33612
34659
35746
36923
38154
39408
40656
42032
43443
44881
46365
47910
49509
51156
52844
54563
56381
58298
60280
62257
64345
66402
68591
70816
73201
75677
78140
80682
83318
86133
89010
92043
95181
98354
101641
104872
108250
111847
115531
119228
123214
127261
131451
135785
140254
144921
149739
154683
159733
165171
170484
176071
181975
187924
194157
200471
207123
213975
220897
228088
235657
243455
251509
259851
268445
277207
286486
295784
305452
315448
325892
336365
347538
358876
370776
383049
395611
408660
422205
436086
450347
465264
480708
496647
512841
529638
547248
565173
583768
603166
622788
643369
664474
686366
708827
732058
756090
781127
806706
833131
860362
888715
917869
948464
979667
1011928
1045261
1079616
1115291
1152110
1190368
1229598
1270102
1312122
1355703
1400063
1445988
1493579
1542667
1593587
1646471
1700381
1756234
1814161
1874169
1935253
1998986
2064465
21368
22072
22830
23656
24443
25202
25993
26828
27740
28666
29576
30558
31551
32579
33666
34808
35957
37176
38458
39779
41066
42380
43762
45217
46662
48188
49759
51419
53083
54780
56633
58550
60488
62453
64498
66657
68840
71134
73470
75921
78379
81010
83574
86348
89166
92120
95237
98365
101604
104995
108506
112057
115692
119596
123498
127620
131778
136014
140536
145188
149984
154977
160146
165453
171007
176650
182528
188527
194804
201238
207810
214676
221881
229411
237014
244800
252872
261076
269645
278623
287807
297149
306941
317087
327516
338256
349414
360805
372737
385032
397689
410755
424356
438282
452763
467725
483292
499293
515470
532445
549976
568066
586649
605762
625633
646187
667577
689524
712130
735387
759774
785124
811275
837705
