102652
105294
108168
111017
113878
116954
120100
123182
126470
129836
133241
136755
140457
144129
147862
151822
155724
159880
164205
168683
173108
177705
182394
187166
192123
197203
202446
207807
213442
219096
224849
230744
237075
243435
249902
256639
263510
270648
277894
285380
293001
300900
309087
317388
325825
334697
343757
353045
362550
372319
382344
392681
403137
414081
425390
436741
448520
460601
472964
485730
499033
512608
526342
540630
555142
570225
585568
601657
618003
634886
652107
669543
687757
706446
725571
745222
765292
786079
807609
829754
852579
875893
899802
924269
949437
975347
1002162
1029514
1057487
1086163
1115691
1146176
1177779
1210036
1243103
1277107
1312015
1347774
1384534
1422286
1461298
1501049
1541993
1584593
1628081
1672731
1718916
1765885
1813697
1863689
1915030
1967772
2022018
20708
21313
21925
22514
23123
23757
24402
25079
25776
26497
27192
27932
28662
29387
30186
30982
31841
32729
33640
34579
35558
36521
37587
38664
39666
40719
41903
43029
44248
45395
46641
47931
49319
50706
52114
53548
55033
56574
58094
59712
61429
63074
64800
66611
68531
70471
72407
74417
76519
78609
80849
83114
85429
87864
90294
92771
95401
98057
100821
103750
106622
109559
112536
115695
118789
122074
125427
128924
132549
136278
140162
144036
148102
152316
156601
160980
165596
170316
175126
180223
185181
190420
195751
201223
206955
212807
218859
225041
231495
238101
244917
251703
258840
266130
273652
281424
289303
297413
305817
314646
323474
332807
342384
351986
362042
372341
382958
393865
405073
416551
428140
440258
452855
465609
478914
492296
506368
520715
535503
550761
566486
582505
599109
615974
633399
651348
670054
689233
708850
728795
749759
770990
792853
815529
838905
862869
887805
913187
938862
965795
993614
1022077
1051380
1081168
1112275
1143738
1176505
1210128
1244855
1280334
1317127
1355001
1393964
1433882
1474474
1517035
1560717
1605620
1651714
1699452
1747748
1797794
1849515
1902247
1957220
2013214
20811
21404
21983
22635
23314
23966
24722
25498
26172
26937
27757
28571
29424
30249
31075
31988
32959
33931
34944
35944
36990
38067
39168
40271
41449
42627
43827
45150
46495
47833
49146
50550
51991
53526
55110
56761
58500
60184
61994
63754
65507
67391
69366
71346
73428
75553
77759
80094
82444
84819
87295
89759
92443
95110
97918
100800
103855
106909
109968
113232
116572
119995
123409
126952
130726
134546
138360
142425
146560
150880
155387
159961
164518
169279
174118
179211
184478
189862
195335
201141
206957
213028
219248
225684
232207
239058
246024
253204
260579
268349
276274
284258
292647
301283
310171
319305
328758
338508
348362
358651
369324
380207
391252
402798
414628
426834
439522
452474
465678
479572
493781
508394
523542
538872
554941
571563
588536
605601
623515
642000
661003
680534
700968
721579
743075
765191
787864
811137
835126
859790
885081
911322
938329
966081
994782
1024577
1055044
1086666
1118834
1151816
1185758
1221101
1257504
1294760
1333065
1372705
1413453
1455909
1499302
1544024
1590205
1637490
1686010
1736306
1788627
1842206
1897271
1953976
2012064
20469
21085
21749
22362
23049
23731
24450
25195
25892
26637
27396
28204
29029
29912
30780
31700
32606
33605
34606
35647
36706
37842
38967
40126
41292
42500
43815
45172
46475
47878
49315
50774
52292
53793
55315
56945
58600
60399
62223
64087
66032
68013
70048
72125
74297
76520
78867
81221
83616
86178
88769
91461
94282
97129
100054
103149
106299
109547
112903
116307
119855
123501
127281
131136
135019
138998
143158
147374
151800
156494
161261
166162
171209
176261
181551
187044
192763
198604
204757
210989
217229
223787
230514
237487
244698
252045
259725
267504
275567
283942
292635
301274
310359
319631
329240
339193
349673
360138
371165
382435
394220
405922
418343
430918
444043
457621
471503
485915
500550
515732
531212
547369
563987
580992
598551
616910
635819
655113
675030
695608
716545
738547
761152
784354
808564
833399
858657
884900
912139
939819
968408
998176
1028798
1060336
1092833
1126348
1161090
1196418
1233079
1271102
1309693
1349939
1391431
1434125
1478074
1523556
1570064
1618177
1668104
1719015
1771929
1826743
1882897
1940821
2000556
20674
21323
21963
22618
23351
24036
24793
25557
26292
27112
27909
28718
29640
30609
31595
32558
33564
34632
35702
36817
37923
39095
40294
41540
42838
44202
45575
46950
48333
49833
51411
52885
54509
56159
57885
59789
61616
63546
65581
67577
69578
71754
73955
76221
78608
81007
83535
86105
88728
91473
94400
97373
100345
103506
106759
110130
113518
117133
120772
124529
128452
132545
136653
140912
145247
149737
154412
159104
164091
169045
174192
179385
184916
190623
196569
202670
209094
215662
222313
229241
236386
243742
251408
259308
267318
275709
284338
293108
302503
312023
321776
331940
342256
352907
364033
375387
387216
399347
411740
424677
438021
451647
465866
480501
495671
511307
527460
543999
561286
578904
596737
615312
634843
655028
675491
696675
718702
741179
764350
788548
813470
839072
865223
892602
920595
949683
979725
1010715
1042693
1075454
1109491
1144527
1180373
1217565
1256174
1295695
1336623
1379024
1422698
1467710
1513947
1561694
1611098
1661779
1714396
1768566
1824028
1881485
1941079
2002253
20628
21279
21951
22626
23364
24119
24862
25622
26444
27303
28115
29021
29924
30909
31934
33006
34020
35129
36265
37440
38606
39843
41159
42455
43743
45141
46530
48087
49642
51215
52822
54532
56279
58017
59901
61815
63753
65692
67819
69877
72086
74316
76675
79052
81605
84245
86940
89716
92612
95506
98578
101796
104958
108344
111866
115403
119197
123032
126909
130996
135233
139546
144011
148679
153487
158359
163461
168554
173867
179548
185285
191110
197194
203498
209877
216580
223603
230620
238061
245667
253460
261626
270054
278671
287846
297247
306701
316592
326829
337504
348285
359516
371177
383137
395734
408413
421719
435321
449456
463749
478676
494047
510204
526580
543739
561260
579385
597903
617235
637177
657945
678993
700807
723543
746827
770748
795457
820871
847464
874744
903112
932053
962129
993378
1025501
1058352
1092344
1127821
1164038
1201623
1240518
1280615
1322294
1364859
1409046
1455067
1502041
1550779
1601413
1653615
1707008
1762039
1819260
1878304
1939030
2001910
20691
21365
21997
22727
23498
24277
25045
25835
26655
27559
28433
29340
30291
31295
32269
33290
34344
35407
36553
37765
39039
40333
41656
42988
44355
45829
47321
48867
50478
52160
53893
55624
57389
59321
61261
63282
65295
67392
69630
72001
74378
76800
79270
81796
84413
87183
89992
92923
96010
99149
102430
105749
109221
112772
116461
120133
124019
127989
132056
136231
140597
145254
150020
154913
159962
165309
170692
176287
182051
188006
194176
200488
207062
213821
220915
228184
235527
243207
251178
259293
267809
276613
285569
294923
304633
314626
324895
335544
346652
357977
369715
381756
394200
407179
420521
434464
448868
463706
479021
494654
511042
527761
544836
562645
581125
600125
619720
639971
661069
682705
705008
728212
752344
776784
802453
828617
855767
883924
912863
942920
974010
1006137
1038850
1072533
1107544
1143660
1181363
1219978
1260209
1301811
1344369
1388502
1434127
1481177
1529978
1580227
1631995
1685213
1741165
1798246
1857322
1918598
1981906
2047254
21127
21843
22552
23281
24077
24857
25671
26460
27352
28235
29200
30188
31201
32233
33324
34435
35562
36731
37898
39114
40404
41767
43161
44548
46058
47601
49154
50780
52495
54325
56130
58009
59895
61824
63848
65908
68065
70274
72627
74962
77515
80084
82714
85508
88355
91362
94487
97581
100793
104115
107578
111105
114802
118681
122667
126706
130918
135268
139595
144172
148946
153864
158960
164150
169602
175303
181146
187103
193217
199562
206257
213022
220136
227308
234889
242639
250531
258787
267301
276065
285307
295096
305024
315174
325472
336285
347501
359058
371115
383452
396028
409272
422820
436866
451249
466265
481761
497840
514362
531493
549086
567509
586617
606370
626301
647041
668132
690326
713224
736614
760825
786381
812798
840083
867779
896641
926660
957608
989650
1022796
1056597
1092182
1128640
1166404
1205341
1245212
1286613
1329506
1374109
1419757
1467215
1516062
1566483
1618891
1673109
1728815
1786886
1846475
1908301
1972146
2037869
20861
21535
22216
22959
23727
24464
25338
26190
27035
27924
28831
29773
30797
31878
32949
34052
35177
36361
37567
38876
40153
41475
42891
44310
45847
47357
48986
50615
52239
53995
55861
57722
59621
61595
63640
65833
68010
70292
72594
74991
77446
79954
82642
85406
88347
91370
94381
97500
100800
104206
107676
111338
115024
118866
122896
127016
131322
135797
140285
145025
149845
154892
160070
165511
171111
176855
182559
188627
194919
201336
208291
215147
222448
229830
237487
245353
253653
262217
270988
280045
289480
299275
309272
319604
330286
341274
352763
364761
376806
389355
402624
416175
430098
444534
459339
474922
490826
507045
524090
541580
559952
578630
598135
618377
639037
660468
682521
705461
728976
753545
778807
804601
831798
859697
888201
917945
949004
980742
1013779
1047927
1082959
1119213
1156559
1195441
1235610
1277094
1319714
1363788
1409527
1457135
1506343
1556604
1608630
1662373
1718141
1775244
1834465
1896225
1959547
2025800
21158
21880
22650
23460
24267
25060
25880
26713
27663
28704
29681
30666
31755
32816
33900
35018
36191
37365
38726
40038
41378
42764
44164
45669
47253
48846
50478
52177
53985
55862
57761
59717
61622
63682
65876
68133
70435
72865
75328
77855
80503
83220
85989
88940
91968
95102
98287
101594
105110
108718
112354
116199
120143
124243
128447
132777
137274
141814
146548
151519
156605
161851
167292
172922
178842
184956
191208
197580
204109
210836
217739
224964
232500
240220
248125
256522
265033
274028
283247
292760
302506
312803
323389
334163
345397
357034
369043
381555
394468
407731
421305
435546
450281
465464
481148
497417
514086
531451
549488
568152
587083
606862
627466
648700
670416
692729
715939
740013
764882
790361
816969
844866
873173
902756
933022
964431
996956
1030669
1065742
1101411
1138383
1176909
1216717
1257602
1300263
1343670
1388724
1435816
1484400
1534638
1586408
1640120
1695505
1752662
1811671
1872874
1936071
2001147
20709
21450
22201
22983
23716
24498
25360
26255
27145
28049
29027
29959
30961
32029
33159
34246
35397
36560
37806
39035
40365
41742
43113
44500
45938
47464
49027
50681
52309
54026
55875
57770
59772
61801
63945
66027
68244
70525
72855
75312
77802
80501
83226
85952
88874
91910
95026
98272
101668
105063
108648
112241
116114
120056
124122
128343
132722
137239
141953
146776
151661
156863
162226
167689
173412
179238
185155
191313
197802
204386
211193
218262
225697
233347
241302
249391
257886
266516
275475
284673
294235
304245
314425
325126
336318
347651
359284
371509
383946
396941
410304
423921
438288
453158
468331
484126
500398
517510
535208
553511
572221
591603
611434
632027
653712
675844
698690
722315
746632
771891
798026
824961
852714
881407
911083
941872
973328
1006113
1040515
1075388
1111584
1149462
1188857
1229026
1270549
1313460
1357755
1404029
1451702
1500705
1551790
1603940
1658592
1714422
1772330
1832923
1894772
1959009
2025365
20905
21597
22329
23084
23802
24644
25419
26279
27095
28040
28951
29918
30917
31924
32942
34126
35267
36442
37696
38923
40349
41721
43121
44537
46030
47598
49223
50845
52546
54272
56127
58033
59994
61930
64031
66180
68488
70743
73141
75631
78298
80992
83703
86532
89432
92483
95635
98883
102263
105709
109343
113092
116862
120792
124866
129057
133562
138077
142697
147548
152501
157597
162895
168340
174040
179972
186015
192361
198895
205623
212780
220077
227580
235278
243186
251537
259960
268716
277703
287036
296696
306737
317185
328002
339125
350609
362443
374484
387305
400318
413804
427943
442475
457259
472871
488791
505324
522434
540130
558486
577346
597027
616945
637828
659469
681544
704704
728504
752970
778308
804643
831847
860084
889243
919384
950046
981929
1015307
1049322
1084716
1121667
1159313
1198520
1239042
1280841
1324378
1369333
1415631
1463428
1513183
1564597
1617318
1671911
1728285
1786814
1847399
1909828
1974714
2041800
21058
21776
22531
23341
24106
24970
25828
26678
27561
28511
29465
30487
31519
32640
33712
34861
36005
37220
38437
39757
41108
42489
43950
45500
47107
48663
50288
52005
53815
55624
57513
59443
61558
63682
65831
68114
70387
72822
75364
77914
80575
83293
86140
89011
92014
95102
98299
101742
105197
108804
112564
116380
120346
124497
128841
133326
137913
142736
147539
152536
157683
163029
168464
174010
179884
185916
192305
198793
205564
212355
219523
226889
234614
242638
250817
259502
268550
277757
287274
297012
307135
317527
328359
339390
351160
363131
375466
388398
401288
414990
429184
443539
458490
473947
489913
506518
523868
541914
560365
579205
598760
619046
640112
661808
684254
707538
731621
756618
782556
808997
836664
864889
894239
924472
955917
988293
1021800
1056221
1092083
1129132
1167455
1207118
1247918
1290135
1334244
1379562
1426231
1474551
1524819
1576344
1629593
1685016
1742093
1800942
1862070
1925250
1990829
2058209
21529
22270
23024
23786
24605
25431
26317
27217
28171
29132
30136
31149
32211
33324
34481
35680
36858
38008
39257
40603
42013
43445
44901
46382
47914
49542
51181
52900
54730
56575
58481
60493
62475
64699
66970
69256
71615
74034
76552
79200
81830
84578
87396
90411
93369
96472
99752
103116
106538
110174
113949
117945
121832
126042
130364
134722
139173
143915
148781
153907
159182
164601
170122
175822
181743
187842
194329
200931
207776
214842
222174
229703
237443
245418
253832
262558
271377
280595
289985
299966
309997
320438
331432
342700
354277
366217
378579
391317
404544
418432
432697
447366
462487
478072
494298
511146
528577
546638
565109
584119
604217
624649
645784
667685
690123
713523
737930
763025
788903
815611
843149
871772
901428
932070
963345
996105
1030129
1065274
1101469
1139005
1177759
1217806
1259271
1301777
1345964
1392346
1439460
1488269
1538718
1590863
1644813
1700276
1757834
1817413
1879378
1943075
2009045
20624
21330
22042
22772
23549
24342
25186
25932
26802
27743
28655
29636
30656
31738
32783
33922
35069
36280
37491
38749
40049
41390
42817
44234
45688
47247
48766
50394
52115
53840
55719
57642
59565
61615
63705
65943
68212
70608
73107
75531
78071
80710
83441
86252
89090
92072
95239
98501
101853
105229
108801
112440
116216
120163
124282
128454
132994
137425
141968
146870
151839
156920
162162
167714
173340
179098
185322
191642
198180
205053
212169
219524
226866
234576
242597
250923
259446
268291
277299
286850
296648
306651
316932
327670
338585
350087
361875
374023
386729
399816
413415
427515
442118
457032
472326
488629
505260
522651
540424
558753
577912
597258
617661
638587
660263
682751
705871
729583
754284
780033
806805
834201
862160
891660
921968
953271
985712
1018969
1053365
1089188
1126538
1164613
1204105
1244658
1286528
1330165
1375273
1421866
1470128
1519713
1571497
1624828
1679666
1736068
1795191
1855886
1919080
1984356
2051188
21064
21768
22529
23267
24037
24837
25659
26569
27480
28437
29345
30367
31382
32466
33509
34693
35866
37084
38345
39664
41027
42417
43867
45291
46795
48354
49915
51668
53413
55240
57095
59038
61082
63145
65255
67519
69788
72110
74603
77117
79678
82401
85165
88001
90956
93949
97142
100394
103783
107380
111031
114927
118822
122702
126701
130928
135400
139956
144748
149617
154714
160070
165565
171135
176973
182886
189152
195587
202229
209129
216302
223629
231285
239064
247126
255283
263990
272901
282190
291790
301660
311984
322592
333588
344964
356462
368821
381344
394228
407617
421396
435631
450471
465687
481311
497582
514669
532167
550481
569524
588950
609270
630160
651529
673731
696642
720368
744962
770410
796598
823897
852087
880803
911066
941892
973864
1006981
1040908
1076304
1112519
1150561
1189639
1229928
1271456
1314392
1359145
1404847
1452524
1501583
1552778
1605653
1660245
1716556
1774389
1834921
1897663
1962262
2028571
20939
21650
22438
23210
24017
24855
25714
26589
27479
28413
29338
30334
31374
32446
33526
34674
35816
37020
38333
39670
41016
42418
43805
45316
46885
48509
50140
51807
53520
55337
57221
59217
61160
63263
65448
67682
69998
72366
74848
77515
80134
82784
85550
88455
91452
94595
97840
101197
104636
108176
111967
115749
119602
123709
127968
132412
136832
141529
146285
151222
156392
161753
167265
172915
178826
184914
191172
197589
204229
211189
218470
225824
233525
241526
249827
258191
267025
276164
285476
295249
305299
315625
326347
337287
348663
360478
372638
385401
398587
412204
426224
441003
456177
471667
487571
504258
521434
539276
557631
576760
596354
616694
637688
659461
681985
705160
728918
753697
779356
806091
833663
862073
891397
922010
953277
985594
1019006
1053746
1089526
1126401
1164581
1204198
1245103
1287573
1330865
1376159
1423206
1471274
1521264
1572603
1626075
1681226
1738579
1797417
1858569
1921843
1987496
2054764
21496
22196
22962
23780
24625
25434
26287
27171
28137
29107
30113
31130
32183
33295
34402
35536
36771
38067
39346
40646
41993
43400
44905
46455
48032
49623
51338
52990
54800
56683
58547
60616
62613
64806
67022
69355
71682
74190
76808
79497
82186
84965
87839
90833
94024
97222
100479
103856
107393
110892
114641
118458
122497
126666
130989
135559
140193
144942
149916
155105
160415
165966
171438
177361
183335
189487
195833
202591
209559
216712
224074
231648
239499
247714
255964
264838
273879
283224
292693
302636
313011
323852
334864
346110
357844
370081
382593
395686
409270
423250
437671
452202
467519
483394
499932
517097
534707
552826
571438
590751
610877
631504
652926
675366
698134
722140
746818
771966
798083
825399
853453
882374
912516
943574
975537
1008665
1042838
1078259
1114840
1152377
1191357
1232028
1273762
1317172
1361909
1408190
1456152
1505856
1557174
1610002
1664935
1721264
1779684
1839969
1902795
1967034
2033932
21016
21682
22387
23157
23932
24758
25578
26465
27391
28297
29247
30213
31237
32273
33358
34393
35577
36765
38036
39357
40666
42068
43548
44994
46491
48079
49660
51405
53143
54907
56752
58685
60700
62707
64830
67072
69421
71740
74155
76616
79235
81945
84684
87615
90562
93646
96799
100100
103503
107132
110837
114588
118559
122469
126653
130919
135427
140074
144896
149946
155016
160166
165650
171297
177131
183038
189152
195590
202289
209228
216427
223810
231322
239205
247440
255902
264435
273407
282700
292303
302213
312622
323177
334139
345465
357122
369366
381982
394738
408133
421759
436071
450812
465978
481718
498152
515156
532779
551066
569911
589436
609391
629873
651347
673225
696226
719786
744338
769644
795640
822568
850238
878961
908814
939980
972054
1005047
1039429
1074515
1110874
1148668
1187814
1228319
1269883
1313028
1357138
1403320
1451135
1500857
1551242
1603599
1658053
1714569
1772541
1833076
1895361
1959656
2026492
20919
21636
22394
23179
23986
24801
25635
26509
27433
28358
29310
30292
31323
32388
33519
34684
35854
37099
38344
39634
40967
42345
43822
45288
46867
48479
50140
51842
53547
55454
57371
59250
61282
63322
65518
67771
70050
72438
74868
77452
80108
82848
85711
88619
91691
94774
97991
101336
104720
108379
112038
115930
119814
123855
128057
132404
136897
141513
146325
151206
156365
161658
167201
172845
178802
184893
191301
197730
204515
211564
218834
226418
234211
242167
250466
258996
267654
276651
286189
295993
306177
316703
327497
338539
350171
362178
374567
387332
400492
414060
428253
442698
457787
473558
489664
506307
523527
541508
559971
579121
598787
619123
640237
661951
684206
707578
731857
756993
783113
809717
837004
865431
894660
925104
956379
988868
1022539
1057128
1093067
1130135
1168541
1208288
1249525
1291496
1335574
1381098
1428079
1476801
1527031
1578848
1632670
1688022
1745340
1804681
1865903
1929045
1994816
2063021
21338
22055
22828
23588
24431
25293
26133
26986
27888
28865
29829
30853
31882
32962
34034
35256
36475
37722
38985
40321
41718
43098
44589
46122
47606
49202
50868
52602
54403
56277
58222
60237
62297
64472
66628
68960
71333
73797
76292
79018
81642
84333
87230
90171
93167
96309
99635
103021
106502
110058
113870
117672
121661
125733
130031
134535
139178
143902
148709
153681
158844
164220
169915
175554
181437
187650
193909
200473
207249
214382
221582
229266
237081
245250
253457
262070
271049
280277
289682
299493
309634
320071
330911
342156
353910
366008
378548
391344
404535
418138
432456
447226
462439
478096
494186
511040
528320
546270
564993
584348
604237
624885
645905
667812
690604
714426
738887
764229
790241
816959
844612
873649
903284
934157
966099
999204
1033331
1068224
1105000
1142519
1181560
1221882
1263758
1306899
1351124
1397353
1444990
1493818
1544552
1597225
1652001
1708201
1765906
1826382
1888282
1952021
2018913
20814
21522
22193
22973
23788
24593
25483
26345
27270
28176
29169
30167
31189
32267
33339
34506
35626
36836
38116
39406
40739
42150
43622
45127
46589
48250
49872
51579
53325
55193
