106317
113032
120503
128440
136746
145737
155293
165235
175960
187320
199269
212287
225974
240496
256184
272575
290169
308936
328587
349732
372103
396230
421619
448486
477388
507794
540543
575369
612308
652103
694145
738335
785838
836558
890260
947504
1008360
1073431
1142508
1216170
1294530
1378196
1466783
1561046
1661297
1768287
1882352
2003462
21403
22804
24324
25905
27469
29212
31177
33165
35261
37566
40025
42499
45309
48168
51213
54550
57990
61776
65760
69999
74560
79443
84623
90029
95868
102033
108637
115741
123199
131204
139576
148525
157974
167986
178709
190050
202338
215252
228871
243308
259081
275755
293523
312686
333042
354437
377152
401122
426849
454431
483576
514622
548039
583641
621072
661199
703674
748751
796630
847749
902415
960693
1022675
1088677
1158803
1233383
1312777
1397555
1487218
1583222
1685165
1793765
1908909
2031808
21656
23037
24465
25952
27624
29461
31338
33249
35487
37762
40250
42806
45492
48299
51353
54585
58024
61735
65673
69923
74478
79228
84295
89668
95492
101721
108172
115064
122397
130310
138747
147631
157168
167084
177661
188909
200970
213864
227606
242258
257771
274242
291974
310896
331154
352412
375079
399389
424948
452505
481764
512937
546036
581090
618451
658507
701009
746337
794483
845469
899686
957700
1019816
1085622
1155536
1229840
1309126
1393366
1483198
1578425
1679961
1788208
1903261
2025653
21628
23036
24581
26186
27882
29656
31547
33534
35636
37949
40507
43144
45940
48802
51933
55360
58835
62677
66650
71040
75551
80391
85630
91116
96982
103287
109871
117075
124661
132711
141234
150585
160342
170709
181701
193482
206015
219262
233449
248559
264701
281858
299942
319278
339681
361721
385197
410098
436305
464350
494521
526409
560608
596469
634884
676001
719829
766268
816224
868999
924998
984893
1048312
1115856
1187992
1265093
1346755
1433694
1526489
1624981
1730946
1842626
1961660
2088819
22012
23480
24982
26523
28286
30117
32134
34220
36428
38775
41324
44021
46805
49790
53003
56432
60114
63971
68057
72433
77068
82115
87506
93220
99323
105890
112835
120048
127812
136053
144920
154339
164362
174983
186192
198219
211292
225229
240000
255401
272059
289884
308678
328762
350150
373081
397349
423278
451027
480391
512007
545613
580951
618726
659188
701974
747833
797008
848970
904498
963088
1026188
1092675
1164031
1240295
1321584
1408197
1500758
1599084
1703176
1815277
1934117
2060456
22142
23584
25126
26822
28573
30515
32496
34606
36932
39397
41987
44757
47610
50726
54157
57764
61623
65731
70136
74856
79914
85156
90760
96704
103206
110028
117372
125034
133364
142232
151729
161812
172550
184008
196143
208938
222833
237430
253021
269854
287905
306969
327501
349465
372900
397919
424559
452861
483146
515414
550088
586974
626386
668163
712799
760901
811926
866533
924855
986973
1053509
1124354
1200092
1280839
1366912
1458647
1557207
1662438
1774786
1894943
2023902
21660
23153
24740
26393
28092
30019
32075
34270
36662
39078
41707
44590
47593
50941
54254
58015
61954
66260
70804
75669
80770
86333
92311
98636
105242
112595
120392
128792
137778
147214
157437
168224
180039
192508
205863
219974
235321
251677
269066
287764
307857
329507
352407
377247
403660
431955
462224
494535
529355
566737
606262
648821
694568
743164
795750
851704
911644
976265
1045293
1118884
1198333
1283132
1374147
1471581
1576775
1688950
1809386
1938700
2076669
22117
23619
25221
27150
29079
31125
33415
35887
38534
41251
44143
47443
50975
54627
58627
62863
67491
72537
77731
83522
89616
96208
103132
110718
118904
127611
137004
147082
158053
169926
182620
196135
210549
226133
242901
260975
280247
301156
323564
347611
373535
401446
431597
464019
498902
536385
576561
620026
666584
716485
770673
828633
891676
958999
1031531
1109828
1193586
1284934
1382946
1488233
1601419
1723359
1854653
1996157
2148412
23179
24939
26822
28858
31006
33429
35992
38761
41742
44892
48354
52014
56179
60503
65206
70247
75738
81580
87906
94882
102361
110416
119019
128306
138476
149113
160881
173637
187128
201836
217588
234629
252905
272743
294280
317531
342583
369359
398714
430337
464354
501343
540963
583891
630390
680779
735547
793741
856832
925310
998952
1079133
1165647
1258528
1359245
1468218
1585860
1713214
1850983
1999609
2160353
23500
25413
27429
29710
32035
34645
37453
40459
43809
47244
51174
55364
59727
64611
69922
75615
81849
88472
95648
103386
111803
121082
131045
141649
153090
165614
179173
193771
209557
226736
245074
265034
286771
310229
335548
362786
392751
424698
459538
497196
537730
581670
629523
680900
736982
797430
863158
934568
1011343
1094831
1185203
1283038
1388769
1503640
1627906
1762264
1908629
2066751
22537
24327
26331
28521
30928
33494
36276
39211
42442
45989
49798
53906
58503
63426
68632
74278
80530
87246
94581
102360
110931
120091
130172
141132
152749
165489
179370
194477
210943
228653
247468
268150
290579
314992
341275
369518
400454
434250
470329
509803
552464
598772
649038
703630
762675
826878
896512
971891
1053003
1141668
1236929
1341340
1454155
1577227
1709102
1853297
2009695
21786
23648
25657
27844
30164
32784
35523
38569
41789
45302
49191
53316
57712
62565
67802
73543
79611
86362
93701
101698
110340
119821
129879
141062
152946
166017
180377
195845
212351
230411
249677
270904
293898
318807
345811
375137
407075
441702
479215
519828
564066
612050
663576
719849
780579
846692
918890
997211
1082315
1173983
1274886
1383852
1501730
1630535
1769239
1920186
2084424
22714
24700
26917
29207
31729
34434
37419
40544
44052
47853
51929
56361
61195
66377
71958
78081
84671
91822
99856
108360
117503
127645
138577
150580
163547
177494
192635
209196
226922
246325
267412
290477
315564
342698
372205
404013
438947
476684
517903
562418
610628
662984
719730
781657
848626
922063
1001781
1088106
1181564
1283188
1394094
1513257
1644124
1785793
1938980
2105519
22839
24850
27016
29336
31879
34629
37705
40913
44373
48202
52258
56757
61611
66833
72674
78915
85709
93035
101141
109846
119378
129594
140828
153057
166396
180801
196642
213481
231913
252175
273704
297463
323068
351191
381608
414715
450487
489587
531960
577895
627775
682617
741748
806280
876138
951683
1033925
1123550
1220747
1326306
1441435
1565853
1701827
1849004
2009496
21943
23851
25963
28251
30669
33287
36183
39262
42785
46397
50594
55087
59935
65237
70809
77077
83940
91141
99048
107607
116993
127149
138248
150318
163237
177581
193149
210040
228129
248164
269831
293259
318798
346547
376845
409376
444917
483837
525925
571651
621149
675031
734447
798077
867666
943152
1025251
1114959
1211815
1317453
1432978
1557924
1693499
1841533
2002556
21737
23616
25660
27849
30366
32972
35906
39142
42665
46422
50420
54842
59632
64921
70542
76675
83316
90637
98471
107200
116830
127082
138194
150359
163523
177901
193468
210427
229132
249340
271080
294749
320548
348755
379439
412403
448538
487852
530603
576927
627457
682594
742343
807088
877872
954340
1038474
1129354
1228182
1335721
1452291
1579399
1718113
1868749
2032795
21968
23928
26058
28307
30821
33550
36484
39691
43202
47027
51144
55641
60439
65686
71435
77698
84491
91779
99781
108519
117962
128378
139642
151787
165046
179569
195421
212763
231463
251731
273887
297872
324089
352686
383635
417560
454292
493906
537070
584168
635402
691166
752313
818863
891110
969496
1054692
1147449
1248369
1358298
1478581
1609152
1751144
1905470
2073240
22647
24665
26900
29281
31824
34644
37756
41110
44817
48769
53055
57812
62937
68538
74578
81027
88033
96093
104605
113718
123726
134603
146455
159385
173619
188994
205527
223643
243271
264852
288180
313410
340891
370804
403688
439244
478151
520432
566533
616428
670932
730067
794227
864677
940666
1023710
1114098
1212791
1319465
1435833
1563125
1702237
1852669
2016293
22102
24028
26155
28388
30973
33713
36645
39930
43459
47349
51631
56197
61140
66493
72280
78668
85579
93128
101409
110505
120164
130957
142318
154963
168884
183942
200135
217888
237126
258337
281350
306132
333029
362497
394727
429687
467542
508946
554544
603544
657283
715639
779141
848730
924058
1005687
1094469
1191457
1297061
1411880
1537216
1673542
1822022
1983347
2159694
23420
25465
27695
30124
32844
35792
38874
42352
46152
50127
54644
59499
64745
70297
76628
83524
90870
98771
107537
117127
127577
138981
151209
164497
179148
194938
212244
231240
251687
273896
298237
324863
353877
385247
419686
457253
497899
542022
590020
641936
698984
761199
828874
902025
982017
1069126
1164163
1267769
1380578
1503385
1636851
1782127
1940511
2112804
22894
24930
27146
29537
32168
34993
38157
41575
45266
49308
53663
58424
63611
69169
75441
82207
89671
97556
106112
115520
125674
136865
148993
162107
176617
192501
209631
228372
248488
270327
294411
320198
348633
379687
413519
450373
490525
534194
581858
633803
690097
751808
818879
891799
971674
1057713
1151745
1254511
1366548
1488450
1620932
1764882
1921480
2092829
22843
24873
27071
29518
32035
34917
38080
41546
45276
49342
53734
58607
63817
69513
75748
82450
89794
97826
106580
116072
126404
137521
149678
163160
177599
193491
210704
229326
249926
272203
296577
322858
351690
382633
416469
452991
493632
537880
585600
637762
694671
756206
823694
896928
976931
1064268
1158692
1262433
1374474
1497897
1631736
1776991
1935408
2108862
23176
25322
27587
30012
32656
35502
38638
42053
45832
49991
54415
59316
64731
70425
76703
83510
90821
98937
107946
117585
128305
139617
152027
165535
180517
196487
214461
233800
254869
277530
302148
329093
358478
390345
424935
462573
503894
548888
597789
651455
709438
772745
841357
915987
998284
1087607
1185535
1291269
1406659
1532745
1669256
1817650
1980612
2157533
23755
25878
28186
30682
33420
36426
39660
43201
47117
51250
55720
60694
66012
71958
78468
85224
92775
101147
110178
120043
131010
142738
155504
169298
184310
200794
219000
238638
259980
283229
308510
336015
365971
399204
434750
473754
515905
562162
612516
667270
727311
792710
863087
940175
1023984
1115756
1214913
1323724
1442081
1571329
1711542
1865111
2031693
22366
24378
26545
28975
31581
34397
37506
40768
44344
48373
52738
57470
62691
68362
74418
81106
88228
96089
104845
114217
124350
135636
147735
160761
175027
190557
207886
226581
246746
268937
293137
319511
348109
379147
413149
450184
490363
534261
582050
633995
690460
752054
819328
892520
972587
1059450
1154388
1257521
1369615
1492587
1625921
1771710
1930652
2104444
22844
24914
27132
29533
32111
34977
38107
41468
45233
49395
53868
58705
64009
69764
76040
82780
90192
98300
107163
116783
127164
138703
151122
164600
179315
195365
213003
231808
252763
275249
300114
327026
356270
388212
423115
460963
502154
546953
595770
649085
707379
771162
840053
915037
997404
1086594
1183378
1289162
1405370
1530751
1667455
1816773
1978842
2156147
23283
25347
27656
30154
32824
35667
38904
42429
46213
50385
54986
59805
65115
70966
77284
84264
91790
100025
109151
118870
129509
141061
153798
167794
182936
199231
217024
236513
257802
280958
306304
333966
364243
396905
432501
471324
513723
559873
610243
664885
724471
789410
860162
937212
1021414
1113362
1213572
1322260
1440614
1569619
1710336
1863627
2030531
22210
24161
26351
28704
31250
33956
37015
40268
43761
47755
52015
56763
61885
67461
73529
80118
87402
95314
103919
113332
123633
134781
146832
159936
174068
189618
206418
224905
244992
266808
290672
316807
345112
375957
409710
446440
486291
530293
577804
629511
686214
747624
814771
888274
968112
1055072
1149476
1252699
1365049
1487915
1621723
1767587
1926309
2099000
22918
24996
27284
29721
32480
35476
38720
42261
46070
50256
54922
59768
65160
70901
77173
83917
91331
99516
108501
118398
129024
140724
153359
167238
182465
198831
216703
236099
257405
280696
305912
333435
363505
396062
431763
470438
512845
559367
609898
664521
724197
789926
861185
938605
1023112
1114702
1215396
1324630
1443424
1573471
1714796
1868884
2037834
22070
24027
26107
28454
31045
33812
36862
40164
43724
47631
51867
56690
61812
67354
73379
80035
87334
95225
103759
113003
123135
134327
146403
159714
174186
189954
206782
225338
245851
268141
292303
318541
347041
378584
412538
449701
490100
534048
582360
634680
691835
754187
822236
896113
976822
1064905
1161077
1265708
1379935
1503945
1639549
1786524
1947735
2122895
23156
25193
27422
29850
32551
35432
38640
42166
45936
49991
54466
59468
64801
70693
77146
84049
91488
99838
108747
118581
129086
140778
153456
167169
182201
198741
216596
235998
257451
280759
305807
333311
363388
396084
431996
470848
513508
559884
610433
665566
725551
790939
862482
940294
1025370
1117776
1218717
1328895
1448480
1578889
1720721
1875854
2044785
22563
24573
26745
29170
31670
34552
37640
40994
44715
48780
53214
58035
63365
68998
75273
82224
89698
97719
106726
116245
126629
138228
150651
164315
179300
195461
212933
232152
253152
276099
301210
328373
357942
390439
425989
464600
506735
553145
603120
658127
717920
782520
852910
930087
1014495
1105563
1205082
1314067
1432960
1562022
1702635
1856266
2023943
22044
23992
26087
28491
31126
33914
36986
40378
44014
47898
52209
57002
62209
67934
74136
80828
88082
96020
104797
114196
124586
135721
147971
161490
175913
191933
209212
228054
248518
270965
295665
322119
351089
382995
417882
455576
496822
541651
590841
644365
702533
766492
836248
911281
993540
1083497
1181995
1288635
1404499
1531708
1670076
1821602
1986449
2166293
23564
25671
28019
30543
33296
36306
39626
43340
47224
51559
56216
61271
66793
72880
79428
86494
94375
102885
112177
122405
133473
145627
158813
173159
188726
205715
224524
244817
267095
291186
317668
346418
377932
412274
449416
490230
534500
582690
635599
693135
755996
824700
899558
981003
1069144
1166442
1271847
1386921
1512708
1650072
1799546
1962146
2140531
23641
25699
27920
30380
33162
36136
39440
43060
46972
51218
55864
60979
66517
72604
79288
86537
94288
102791
112275
122594
133621
145635
158762
173083
188848
206035
224826
245194
267762
292079
318751
347535
379375
413905
451562
492387
536950
585807
639084
697189
760530
829425
904709
986805
1076479
1174201
1280949
1397643
1524261
1662690
1813785
1979581
2160126
23596
25746
28124
30745
33489
36471
39792
43537
47497
51847
56644
61963
67582
73664
80373
87599
95452
104117
113784
124142
135379
147609
160875
175358
191487
208948
228018
248980
271687
296532
323726
353144
385340
420261
458560
500457
545915
595555
650031
709083
773961
844550
921432
1005402
1096951
1197388
1306686
1425429
1555480
1696596
1852174
2021323
22214
24273
26500
28859
31533
34412
37582
40928
44556
48658
53088
57898
63243
68959
75228
82053
89483
97423
106381
116140
126771
138367
150899
164661
179811
196456
214355
233940
255069
278206
303562
331235
361327
394594
430583
469970
512897
559604
610688
666379
727253
793671
865663
944394
1030346
1124613
1227087
1339346
1461554
1594693
1739727
1897532
2071672
22752
24799
27073
29522
32211
35128
38377
41909
45711
49813
54309
59189
64445
70384
76658
83541
91101
99488
108683
118766
129630
141355
154046
168142
183663
200448
218705
238922
260802
284601
310822
339402
370456
404351
441394
481705
525730
573837
626518
683705
746309
814427
888695
970146
1059501
1156955
1262614
1378066
1504473
1642593
1793330
1956675
2135810
23300
25405
27751
30259
33075
36140
39338
42889
46873
51132
55780
60911
66507
72542
79137
86357
94186
102852
112303
122603
133826
146312
159682
174574
190301
207838
227080
247865
270475
295260
322270
351505
383771
418929
457502
499441
544902
594819
649928
709377
774704
846075
923735
1008720
1100987
1202195
1312877
1433575
1565509
1709296
1866551
2037862
22422
24581
26841
29307
32020
35012
38180
41683
45544
49686
54162
59146
64467
70359
76787
83812
91519
99859
108919
118792
129670
141541
154590
168833
184342
201040
219597
240059
262034
286211
312421
341018
372446
406714
443968
484986
529600
577984
630977
688973
752348
821662
897053
979608
1069392
1167875
1275483
1393570
1521828
1661413
1814417
1981424
2163787
23518
25672
28014
30548
33339
36499
39765
43391
47442
51828
56611
61873
67583
73763
80597
88035
96178
105107
114797
125280
136755
149554
163412
178319
194866
212879
232581
254013
277575
303078
331127
361700
394992
431428
470869
514410
562274
613980
670695
732557
799780
873456
953771
1041496
1138202
1242990
1357811
1483580
1620692
1770539
1933681
2112256
23349
25441
27778
30283
33105
36129
39467
43107
47043
51381
56068
61231
66675
72859
79608
86964
94838
103537
113120
123532
134949
147274
160618
175331
191370
209261
228522
249660
272775
297984
325529
355629
388499
424541
463742
506679
553344
604712
660394
721445
788221
860891
940164
1026884
1121454
1225537
1338643
1462978
1598412
1746159
1908235
2084522
22878
25031
27306
29775
32474
35450
38755
42332
46218
50633
55298
60561
66285
72564
79320
86561
94575
103358
113077
123706
135069
147472
161191
176256
192411
210150
229626
250814
273924
299245
326894
357115
390101
426584
465975
509058
556355
607912
664019
725765
792707
866275
946365
1034106
1130207
1234818
1349086
1473881
1610513
1759370
1922372
2100283
22757
24808
27127
29629
32332
35264
38554
42092
45868
50135
54695
59781
65404
71350
77871
84983
93012
101653
111288
121611
132955
145441
158931
173669
189939
207636
226683
247848
270994
296225
323414
353408
385940
421811
460947
503403
550213
601355
656992
718243
784492
856908
936337
1023481
1118574
1222623
1336104
1459806
1594862
1743989
1905698
2082503
22668
24881
27214
29744
32481
35471
38768
42321
46157
50395
54991
60199
65692
71766
78408
85610
93494
102114
111685
121934
133178
145849
159190
173896
190182
207789
227105
248325
271602
296711
324409
354488
387304
423398
462788
505886
553314
604880
660968
722402
789582
863108
943260
1031124
1127048
1231486
1346251
1472044
1609495
1759545
1923245
2102808
23214
25439
27747
30317
33111
36241
39647
43315
47329
51800
56562
61825
67538
74025
80868
88300
96519
105759
115474
126241
137942
150743
164734
179998
196806
215308
235528
257324
281322
307634
336366
367636
402006
439704
480371
525268
574099
627757
685666
749316
819390
895701
979495
1070862
1170238
1279425
1398438
1528305
1670839
1826874
1997522
2183833
23874
26094
28541
31205
34073
37188
40643
44432
48620
53289
58389
63776
69786
76256
83215
90968
99517
108822
119168
130238
142427
155734
170230
186235
203592
222428
243171
265978
290912
318219
348108
380908
416681
455655
498267
544916
595480
651318
712525
778835
851910
931729
1018686
1114186
1217962
1331700
1456041
1591794
1741461
1904519
2082522
23074
25313
27735
30369
33202
36310
39676
43343
47521
52104
57063
62407
68129
74527
81584
89306
97598
106727
116715
127543
139401
152448
166730
182450
199431
218135
238510
260897
285094
311838
341187
373152
408089
446258
487884
533715
583636
638350
697768
763121
834546
912583
997799
1091041
1193171
1304529
1426465
1560273
1706111
1865912
2041126
22268
24287
26534
29030
31797
34720
38085
41615
45464
49690
54327
59343
64783
70893
77434
84589
92468
100991
110405
120748
132061
144486
158061
173009
189245
206838
226258
247345
270587
295831
323360
353576
386419
422814
462731
506259
553992
606108
663093
724985
792888
867249
948702
1037463
1134770
1241565
1357269
1484057
1623288
1775256
1940854
2122550
23418
25605
28034
30639
33570
36806
40297
44072
48228
52732
57660
63054
69004
75487
82540
90316
98830
108196
118295
129396
141491
154915
169590
185345
202530
221648
242421
265262
289994
317295
347332
379915
415505
454761
497411
543886
595337
650631
711737
778508
851734
931802
1019327
1115281
1220451
1335012
1460386
1597149
1747013
1911287
2090930
22945
25114
27411
30024
32838
35910
39337
42998
47003
51524
56387
61645
67300
73655
80536
88123
96385
105287
115311
126104
137914
150988
165247
180794
197916
216448
236645
258722
283080
309725
338697
370548
405416
443315
485168
530895
580491
634987
694762
760074
831279
909225
994722
1088030
1190207
1302241
1425013
1559436
1706051
1865997
2041968
22460
24574
26903
29380
32167
35243
38573
42275
46239
50573
55310
60389
65980
72313
79027
86504
94648
103504
113165
123809
135485
148127
162066
177197
194064
212163
232207
253888
277629
303530
331942
363047
396903
434359
475294
520044
569566
622922
681782
745934
815939
892591
976104
1067791
1168127
1277845
1398567
1530550
1674861
1832825
2004826
22232
24353
26578
29126
31808
34884
38169
41706
45692
50034
54707
59827
65443
71531
78305
85722
93794
102596
112339
123000
134590
147239
161150
176163
192698
210677
230462
252101
275728
301645
330169
361183
395408
432729
473584
518296
567290
620317
678544
742239
811540
887672
971480
1062809
1162983
1272549
1392907
1524038
1667714
1824697
1996813
2184359
23885
26214
28611
31251
34206
37374
40785
44642
48940
53552
58588
64012
70031
76688
83875
91743
100421
109938
120114
131459
143763
157187
172096
188309
205954
225281
246497
269681
295315
323015
353326
386682
423076
463005
506549
554050
606003
663282
725942
794192
869132
950880
1040103
