102488
105058
107696
110310
113061
115885
118845
121764
124790
128010
131076
134343
137735
141217
144836
148362
152137
155961
159974
164049
168256
172625
176936
181432
186022
190824
195611
200484
205468
210605
215906
221344
226894
232747
238713
244844
251129
257527
264001
270746
277642
284711
291904
299351
307002
314813
322859
331078
339292
348062
357139
366257
375782
385427
395182
405425
415949
426557
437480
448690
460173
471873
483948
496444
509190
522430
536030
549758
563883
578540
593434
608696
624375
640438
657127
674120
691495
709414
727918
746749
766110
785918
806041
826877
848337
870219
892585
915405
939157
963374
988446
1013862
1040559
1067682
1095650
1123971
1153194
1183319
1214391
1246189
1278603
1312084
1346304
1381782
1418002
1454948
1493003
1532259
1572679
1613828
1655858
1699222
1743625
1789369
1836626
1884460
1934498
1984888
2036898
20665
21202
21781
22327
22910
23543
24190
24802
25486
26116
26818
27509
28282
29029
29797
30550
31364
32198
33020
33909
34783
35705
36713
37721
38654
39669
40730
41805
42893
43977
45087
46205
47419
48615
49846
51200
52531
53990
55471
56928
58470
60033
61678
63293
64938
66658
68383
70229
72148
74107
76076
78071
80070
82179
84469
86744
89046
91454
93854
96435
99004
101710
104495
107220
110050
113026
115981
119140
122344
125535
128934
132424
136053
139691
143447
147327
151254
155414
159597
163878
168276
172804
177401
182199
187211
192264
197466
202849
208360
213842
219556
225503
231614
237882
244259
250917
257671
264782
271992
279296
286810
294624
302567
310808
319189
327850
336722
345983
355299
365097
375037
385253
395698
406562
417661
428856
440664
452678
465094
477768
490799
504323
517883
531900
546477
561288
576526
592229
608228
625011
642127
659586
677541
695968
714941
734403
754293
774889
796139
817917
840089
863032
886722
910990
935791
961591
987812
1014971
1042830
1071405
1100706
1131056
1162100
1194258
1227127
1260677
1295542
1331399
1367873
1405554
1444159
1484003
1524725
1566850
1610197
1654678
1700210
1746815
1794815
1844458
1895520
1947696
2001448
20602
21212
21813
22438
23081
23748
24399
25095
25814
26520
27212
27951
28783
29586
30372
31243
32070
32959
33884
34852
35793
36840
37893
38927
40036
41121
42232
43388
44577
45761
47063
48323
49705
51103
52540
53998
55533
57096
58678
60325
62076
63842
65567
67439
69217
71095
73058
75065
77198
79267
81497
83809
86127
88504
91004
93594
96203
98887
101795
104595
107487
110412
113513
116677
119960
123325
126825
130512
134172
137884
141791
145856
149948
154054
158505
162897
167541
172188
176959
181861
187006
192174
197604
203172
208802
214637
220716
226877
233273
239838
246583
253603
260806
268101
275672
283462
291469
299761
308203
317033
325774
334791
344222
353809
363718
373999
384401
395053
406175
417569
429212
441349
453831
466827
479973
493454
507365
521776
536619
552030
567798
583936
600638
617639
635124
653335
671690
690717
710217
730451
751129
772109
793948
816415
839553
863271
887671
912718
938426
965286
992653
1020957
1049821
1079467
1110797
1142668
1175233
1208640
1242950
1278215
1314700
1351613
1389669
1429369
1469934
1511799
1555153
1599273
1645167
1691669
1739804
1789396
1840590
1892960
1946636
2002332
20273
20850
21428
22035
22649
23284
23961
24645
25330
26058
26769
27472
28263
29071
29948
30838
31745
32715
33655
34631
35615
36618
37725
38775
39914
41085
42238
43445
44727
45971
47298
48703
50065
51486
52918
54481
55955
57558
59209
60913
62675
64452
66374
68235
70169
72189
74316
76527
78752
80968
83254
85644
88206
90690
93322
96010
98771
101608
104482
107555
110655
113955
117273
120616
124140
127735
131446
135252
139077
143024
147213
151566
155859
160292
164905
169669
174572
179574
184774
190058
195562
201175
207116
213178
219427
225707
232263
238925
245928
253061
260500
268039
275828
283883
292137
300455
309393
318278
327634
337014
346755
356845
367118
377712
388773
400030
411589
423706
436072
448738
461805
475167
488982
503368
518081
533168
548778
564877
581419
598319
615512
633391
651796
670619
690115
710196
730861
751923
773763
796303
819313
843441
868081
893156
919501
946307
973594
1002164
1031422
1061524
1092607
1124675
1157596
1191310
1225946
1261735
1298548
1336376
1375208
1415469
1456996
1499628
1543365
1588231
1634722
1682279
1731624
1782414
1834582
1887953
1943025
2000077
20621
21190
21800
22406
23075
23735
24444
25122
25846
26615
27362
28133
28951
29851
30735
31727
32636
33538
34550
35569
36599
37682
38754
39920
41116
42298
43521
44796
46158
47472
48887
50295
51751
53314
54945
56563
58281
59965
61676
63508
65374
67258
69263
71326
73405
75537
77828
80101
82425
84867
87392
90031
92774
95589
98432
101308
104250
107330
110483
113801
117248
120733
124336
127980
131830
135724
139728
143906
147985
152412
156958
161521
166244
171157
176363
181523
186883
192563
198335
204278
210365
216561
223031
229570
236420
243492
250776
258333
265958
273986
282167
290430
298981
307752
316941
326404
336173
346207
356461
367063
377948
389029
400688
412749
425133
437668
450569
463840
477689
491921
506613
521524
537064
553087
569751
586708
604352
622329
640955
660094
679801
700315
721333
743023
765125
787748
811155
835507
860311
885931
912564
939879
967976
997044
1026774
1057366
1088853
1121377
1155053
1189552
1225116
1261732
1299193
1338403
1378458
1419529
1462332
1506276
1551100
1597762
1645310
1694876
1745866
1797890
1851860
1907304
1964154
2022920
20751
21326
21997
22683
23409
24134
24823
25616
26390
27169
27972
28788
29682
30549
31417
32349
33353
34417
35417
36431
37497
38616
39816
41041
42295
43544
44867
46179
47571
48980
50507
52057
53683
55273
57022
58776
60581
62422
64337
66238
68225
70330
72390
74577
76893
79246
81648
84129
86664
89333
92090
94823
97670
100683
103877
107013
110273
113525
116902
120543
124220
127959
131860
135913
140132
144326
148700
153155
157686
162416
167348
172378
177501
182902
188483
194179
199971
205968
212117
218601
225247
232033
239073
246247
253933
261633
269493
277804
286220
295066
304110
313180
322602
332328
342322
352611
363285
374370
385869
397513
409490
422065
434619
447908
461545
475412
489891
504795
520224
536104
552581
569393
586578
604248
622671
641701
660997
681216
702014
723705
745623
768418
792007
816440
841492
866968
893486
920668
948488
977638
1007424
1037950
1070231
1102769
1136307
1171257
1207264
1244063
1282494
1321841
1361829
1403618
1446594
1491190
1536795
1583852
1632551
1682679
1734202
1787539
1842150
1898321
1956706
2016446
20895
21536
22200
22910
23590
24316
25049
25804
26604
27401
28243
29109
29991
30953
31932
32888
33916
34959
36032
37100
38233
39492
40706
41956
43255
44536
45898
47306
48745
50299
51888
53475
55099
56771
58528
60311
62151
64116
66119
68171
70314
72443
74644
76890
79228
81680
84105
86695
89421
92116
94964
97779
100693
103879
107059
110354
113677
117198
120820
124623
128466
132459
136621
140883
145259
149760
154448
159126
164195
169246
174493
179815
185297
191004
196971
202994
209201
215710
222403
229374
236546
243990
251499
259089
267118
275246
283881
292606
301683
311162
320875
330948
341202
351619
362586
373824
385562
397725
410057
422545
435742
449277
463150
477418
492490
507780
523498
539662
556726
574054
592104
610308
629350
648969
669312
690214
711643
733868
756646
780397
804915
829949
855745
882510
909949
937904
966915
996957
1027778
1059807
1092841
1127029
1162201
1198338
1235482
1273855
1313537
1354145
1396300
1439804
1484511
1530985
1578662
1628586
1679329
1731407
1785416
1840593
1897941
1957384
2018487
20988
21624
22280
22940
23675
24412
25181
25965
26771
27534
28382
29309
30215
31178
32195
33202
34295
35368
36483
37617
38774
39977
41228
42497
43810
45177
46582
48072
49549
51044
52620
54263
55890
57584
59375
61179
63150
65182
67185
69356
71606
73877
76203
78639
81045
83548
86077
88781
91591
94501
97472
100650
103835
107125
110479
113911
117515
121195
124960
128874
132966
137071
141328
145779
150268
154990
159824
164777
169948
175231
180716
186397
192233
198232
204549
210989
217515
224382
231441
238771
246361
253925
261955
270179
278678
287478
296739
306077
315814
325573
335916
346482
357310
368611
380244
392115
404647
417378
430585
444371
458152
472717
487813
503127
518871
535222
552149
569479
587379
605857
624871
644280
664330
685056
706815
728900
751874
775359
799900
825257
851272
878318
905940
934584
963890
994600
1026433
1058730
1091983
1126374
1161997
1198623
1236306
1275112
1315774
1357184
1399837
1444214
1489947
1536880
1585604
1635577
1687025
1740700
1795639
1852512
1911265
1971558
2033656
21109
21790
22449
23159
23877
24635
25428
26219
27104
27993
28883
29815
30780
31776
32807
33904
34968
36064
37212
38413
39640
40893
42198
43534
44919
46346
47850
49363
50942
52492
54224
55983
57782
59602
61446
63376
65373
67499
69594
71872
74179
76530
78937
81506
84085
86736
89453
92215
95033
98064
101200
104411
107752
111307
114859
118522
122277
126216
130145
134262
138467
142923
147362
152106
157100
162021
167211
172569
178036
183749
189613
195564
201900
208265
214859
221570
228682
235877
243470
251221
259037
267280
275894
284812
293921
303239
312876
322874
333270
344000
354917
366258
377824
389783
402223
415096
428445
441854
455859
470517
485081
500415
516597
532968
549893
567399
585524
604382
623711
643531
663990
685252
707039
729667
752942
777208
801831
827381
853561
881150
909389
938829
968878
999710
1031310
1064401
1098538
1133456
1169797
1206945
1245492
1285092
1326297
1368504
1412156
1457544
1503794
1552047
1601701
1652716
1705587
1760443
1816858
1875030
1934800
1996660
2059917
21179
21849
22498
23206
23888
24670
25478
26308
27191
28066
28906
29837
30818
31775
32798
33794
34871
35948
37157
38337
39606
40820
42152
43446
44780
46157
47641
49157
50718
52334
53991
55691
57437
59290
61204
63198
65239
67342
69415
71632
73983
76381
78894
81434
84077
86696
89560
92398
95334
98420
101507
104774
108182
111620
115234
118969
122837
126757
130974
135202
139436
143919
148392
153135
157966
162932
168148
173406
179006
184713
190641
196917
203264
209849
216588
223368
230511
237938
245556
253488
261515
269786
278255
287240
296431
305872
315583
325811
336351
347272
358497
370018
381985
394179
406938
420061
433518
447296
461622
476534
491757
507653
524076
540841
558470
576464
595086
614330
633948
654511
675350
697079
719586
742604
766452
791001
816440
842638
869860
897679
926341
956008
986749
1018480
1051440
1085270
1120299
1156246
1193284
1231566
1271394
1311987
1354291
1397696
1442685
1489094
1537077
1586614
1637427
1690006
1744813
1800853
1858462
1918094
1979542
2042891
21312
22034
22744
23500
24269
25036
25832
26603
27441
28313
29244
30162
31134
32110
33070
34188
35241
36355
37468
38654
39833
41084
42372
43768
45181
46665
48173
49767
51419
53057
54763
56539
58354
60172
62153
64161
66218
68364
70602
72832
75157
77575
80041
82593
85261
87924
90708
93602
96608
99663
102865
106191
109597
113052
116708
120410
124371
128386
132457
136711
141200
145787
150508
155436
160332
165470
170890
176359
181894
187697
193800
199985
206360
213063
219953
226849
234041
241418
249120
256962
265174
273551
282354
291468
300869
310564
320806
331240
341917
353200
364717
376539
388828
401422
414331
427774
441389
455775
470418
485723
501387
517469
534425
551845
569722
587981
606949
626117
646265
666948
688426
710565
733258
756869
781392
806504
832530
859099
886566
915302
944669
975245
1007013
1039153
1072900
1107250
1143043
1180307
1218605
1257835
1298909
1340809
1383852
1428624
1474638
1521917
1570958
1621570
1673709
1727669
1783293
1840572
1899695
1960859
2024321
20707
21380
22043
22744
23548
24343
25125
25963
26805
27665
28516
29419
30358
31303
32300
33421
34483
35570
36721
37877
39099
40388
41665
42974
44340
45785
47303
48869
50432
52038
53786
55645
57497
59365
61236
63154
65126
67158
69327
71555
73849
76267
78675
81281
83930
86590
89383
92336
95401
98465
101712
104967
108378
111907
115488
119309
123147
127077
131224
135539
139954
144466
149230
154043
159047
164157
169535
174935
180492
186248
192205
198355
204629
211261
218222
225372
232706
240303
248063
256035
264322
272887
281778
290871
300309
309992
320001
330155
340948
351830
363150
374988
387088
399884
412974
426304
440169
454373
468796
484121
499799
515843
532649
549721
567270
585542
604576
624129
644444
665316
686584
708595
731450
755127
779637
804994
830958
857997
886203
914740
944404
974845
1006048
1038794
1072721
1107473
1143391
1180367
1218513
1257846
1298444
1340504
1383731
1428291
1474582
1521966
1570717
1621460
1673732
1727663
1783337
1840816
1900608
1962456
2026387
20989
21735
22437
23190
23952
24729
25534
26397
27229
28076
28956
29887
30833
31819
32851
33954
35096
36250
37503
38749
39985
41278
42640
43997
45365
46854
48354
49917
51512
53204
54929
56687
58558
60429
62326
64327
66311
68434
70651
72974
75267
77682
80262
82798
85455
88329
91183
94060
97101
100268
103492
106889
110345
113941
117640
121367
125337
129317
133476
137827
142306
146872
151586
156568
161614
166823
172148
177708
183331
189172
195320
201603
208154
214998
221871
229115
236580
244239
252005
260113
268418
277220
286329
295458
305087
314869
324980
335575
346557
357737
369259
381250
393545
406216
419319
432873
447051
461401
476369
491829
507812
524283
541405
558796
577081
595557
614831
634597
655102
676266
698020
720657
744109
768269
793021
818424
844963
872420
900629
929863
960335
991317
1023390
1056794
1090854
1126270
1162763
1200357
1239019
1279115
1320693
1363583
1407670
1453264
1500265
1549012
1599165
1650737
1704111
1759110
1815831
1874240
1935407
1998159
2062917
21359
22040
22736
23461
24241
24980
25762
26582
27439
28338
29277
30212
31178
32188
33212
34341
35492
36662
37849
39037
40236
41537
42840
44238
45687
47113
48695
50304
51969
53635
55395
57203
59065
60942
62886
65013
67043
69180
71372
73684
76078
78585
81155
83800
86511
89267
92158
95108
98206
101361
104665
108052
111591
115158
118927
122758
126774
130961
135172
139548
144092
148774
153531
158424
163697
168991
174494
180102
185920
191916
198221
204636
211183
218020
225083
232246
239885
247646
255510
263745
272288
281021
289866
299313
308867
318899
329366
340064
351061
362385
374434
386473
398998
411985
425299
439046
453358
468015
483005
498611
514899
531600
548884
566582
585007
603864
623383
643362
664216
685681
707843
730643
754290
778755
803973
829787
856648
884708
913571
943071
973282
1004691
1036834
1070306
1104809
1140672
1177733
1215650
1254978
1295367
1337442
1380994
1425933
1472181
1519783
1569161
1619817
1671960
1726226
1781879
1839424
1898856
1960780
2023864
20970
21676
22336
23076
23812
24587
25385
26182
27054
27975
28919
29808
30814
31860
32816
33892
34996
36169
37357
38528
39756
41030
42358
43729
45182
46615
48147
49657
51206
52868
54585
56387
58201
60102
62090
64071
66175
68337
70551
72864
75211
77648
80212
82807
85493
88253
91106
94085
97217
100345
103614
106989
110529
114086
117773
121564
125644
129664
133792
138161
142683
147223
151987
156888
162011
167274
172662
178276
183918
189925
196101
202421
208957
215629
222566
229759
237177
244857
252785
260967
269472
278161
287082
296449
306149
316042
326276
337008
348160
359400
371004
383056
395428
408365
421515
435298
449399
463967
478988
494337
510358
526819
543843
561633
579805
598520
618107
638365
659029
680425
702923
725654
749317
773646
798651
824715
851538
879179
907502
936815
967121
998496
1030973
1064402
1098606
1134574
1171379
1209113
1248423
1288828
1330630
1374176
1418592
1464562
1511912
1560979
1611336
1662989
1716779
1772505
1829806
1888821
1949995
2013335
20610
21266
21927
22657
23413
24146
24907
25680
26521
27389
28263
29158
30165
31220
32240
33261
34324
35438
36603
37789
39033
40332
41612
42939
44282
45807
47317
48846
50405
51952
53653
55389
57210
59129
60996
62939
64964
67027
69262
71437
73784
76126
78538
81088
83702
86348
89299
92219
95187
98299
101526
104824
108258
111813
115445
119154
123073
127021
131152
135395
139751
144257
149036
153845
158919
164051
169362
174939
180536
186333
192415
198622
205192
211840
218654
225744
233049
240692
248653
256765
265082
273635
282506
291477
300942
310824
321085
331546
342284
353278
364781
376718
388806
401450
414479
427928
441850
456188
470971
486324
502075
518403
535263
552537
570540
588994
607909
627632
648135
669353
691015
713397
736596
760327
784954
810720
837171
864354
892277
921259
951156
982254
1014261
1047200
1081113
1116229
1152448
1189956
1228541
1268363
1309572
1352115
1396091
1441223
1487623
1536348
1586197
1637667
1690851
1745378
1801656
1859900
1919867
1981956
2046318
21112
21818
22553
23248
24005
24762
25549
26425
27233
28174
29080
30008
30965
31989
33001
34059
35174
36271
37487
38657
39983
41261
42573
43934
45305
46775
48246
49816
51430
53078
54831
56632
58520
60448
62419
64389
66485
68717
70899
73208
75617
78151
80725
83406
86189
88995
91922
94939
97998
101113
104394
107816
111209
114841
118494
122260
126170
130293
134579
139006
143536
148365
153105
157955
163057
168396
173901
179473
185202
191254
197375
203846
210426
217254
224319
231551
239119
247050
254997
263149
271616
280320
289501
298927
308492
318463
328812
339575
350537
362000
373727
385863
398460
411266
424488
438172
452274
466657
481916
497300
513583
530305
547388
564994
583224
602377
622012
642288
663219
684630
707003
729894
753443
778182
803607
829678
856460
884014
912942
942559
973133
1004868
1037487
1070921
1105754
1141753
1178793
1216495
1255970
1296588
1338657
1382010
1426716
1472505
1520437
1569738
1620453
1673182
1727281
1783393
1841603
1901159
1962810
2026419
20692
21360
22009
22725
23429
24184
24991
25823
26656
27507
28426
29348
30298
31311
32283
33358
34502
35638
36859
38048
39277
40562
41900
43292
44695
46211
47690
49300
50907
52605
54285
56049
57861
59768
61620
63586
65631
67813
69987
72324
74598
76986
79469
82096
84775
87555
90420
93369
96365
99436
102670
105972
109459
113040
116740
120650
124593
128563
132669
136963
141283
145965
150667
155550
160524
165737
171088
176750
182491
188519
194586
200941
207411
214238
221192
228381
235695
243312
251101
259270
267743
276447
285367
294497
304065
313884
323895
334489
345399
356841
368503
380336
392512
405135
418256
431833
445815
460299
475086
490535
506347
522962
539936
557467
575482
594190
613463
633394
653807
675155
697096
719394
742965
767132
791849
817589
843854
871192
899800
928846
959288
989946
1022114
1055285
1089574
1124920
1161562
1199333
1238465
1278477
1319860
1362494
1407250
1452410
1499239
1547801
1597916
1649648
1703244
1758219
1815471
1874832
1935393
1998244
2062882
21531
22235
22943
23699
24433
25323
26157
26972
27864
28775
29731
30683
31628
32592
33665
34775
35882
37057
38308
39507
40833
42190
43526
44928
46397
47939
49419
51000
52606
54313
56064
57868
59795
61750
63869
66003
68158
70307
72546
74987
77470
80064
82604
85314
88070
90933
93917
96851
100031
103275
106592
110069
113543
117213
121086
124976
129127
133247
137554
142057
146550
151424
156197
161375
166595
171989
177574
183257
189225
195321
201654
208156
214848
221759
228941
236400
244111
251917
260024
268497
277250
286207
295464
305126
315212
325457
336064
346829
358275
369762
381708
394039
406688
419845
433524
447867
462485
477509
493140
509138
525666
542744
560296
578376
597310
616634
636658
657527
679015
701081
723776
747101
771200
795951
821636
848092
875414
903855
933105
963144
994501
1026966
1060254
1094728
1130233
1166405
1204177
1243004
1283349
1325255
1368217
1413198
1459150
1506089
1555030
1605660
1657805
1711719
1767375
1824652
1883705
1944702
2007726
20768
21420
22117
22843
23587
24374
25149
25961
26836
27633
28536
29451
30399
31379
32374
33373
34485
35599
36751
37946
39193
40499
41749
43037
44433
45928
47376
48952
50511
52116
53805
55525
57318
59089
61041
63038
65087
67165
69320
71502
73791
76210
78722
81267
83850
86572
89410
92288
95289
98301
101486
104759
108196
111703
115250
119024
122884
126837
131010
135365
139574
144092
148839
153618
158627
163757
169029
174450
180057
185906
192047
198457
204892
211608
218546
225667
232823
240218
247952
255987
264265
272828
281854
291013
300660
310312
320370
330860
341482
352623
363985
375879
387955
400559
413580
427236
441110
455296
470167
485486
501424
517633
534422
551996
569798
588564
607712
627146
647323
668360
690204
712307
735443
759389
784081
809701
835829
862839
890721
919905
949718
980335
1012320
1045164
1079247
1114421
1150492
1187369
1225768
1265715
1306670
1349236
1392991
1438458
1485088
1533354
1582784
1634018
1686803
1741589
1797935
1856119
1916618
1978814
2043135
20870
21541
22304
23024
23794
24608
25411
26261
27154
28065
28953
29913
30860
31882
32906
33947
35068
36155
37341
38603
39850
41131
42478
43842
45231
46727
48316
49893
51519
53208
