102662
105381
108176
111103
114039
117048
120222
123360
126636
130010
133530
137166
140867
144532
148372
152341
156460
160637
164935
169358
173871
178500
183309
188278
193277
198549
203857
209318
214798
220434
226351
232413
238665
245019
251469
258207
264925
272025
279222
286717
294454
302314
310397
318829
327235
336004
345166
354285
363927
373761
384052
394297
405054
415986
427155
438652
450527
462739
475070
487911
501120
514791
528604
542887
557580
572653
588261
604171
620430
637090
654439
672106
690251
708815
728146
747826
768150
789145
810566
832575
855277
878533
902395
927076
952366
978501
1005003
1032426
1060546
1089820
1119403
1149978
1181280
1213639
1246839
1281113
1315873
1351845
1389127
1427253
1466140
1506437
1547683
1590332
1634085
1678617
1725066
1772706
1821257
1871233
1922329
1974802
2028785
20928
21508
22110
22730
23352
23976
24618
25308
25999
26714
27419
28158
28901
29730
30502
31318
32181
33081
33974
34931
35923
36949
37993
39060
40187
41297
42452
43621
44824
46099
47356
48660
50067
51470
52915
54470
55934
57510
59144
60804
62618
64358
66152
67962
69921
71830
73787
75902
77971
80213
82399
84645
87060
89497
91978
94542
97252
100029
102803
105699
108623
111698
114892
118052
121318
124693
128195
131804
135411
139246
143120
147141
151257
155447
159807
164305
168848
173659
178501
183445
188634
194040
199568
205193
211030
216969
223060
229412
235811
242491
249395
256411
263642
270981
278603
286490
294304
302505
311056
319865
328942
338183
347650
357493
367702
378147
388981
400042
411481
423004
434940
447333
459854
473095
486675
500510
514485
528994
543972
559467
575295
591362
608049
625135
642736
660889
679563
699169
719103
739871
761238
783095
805302
828269
851751
876001
900866
926259
952625
979763
1007822
1036353
1065974
1096470
1127867
1160006
1193367
1227539
1262978
1298904
1336421
1374544
1413905
1454473
1496245
1538681
1582950
1628471
1675184
1723243
1772712
1823591
1875991
1929822
1985640
2042392
21063
21628
22261
22915
23594
24268
24984
25711
26435
27181
27922
28719
29542
30398
31261
32124
33059
33995
34949
35955
36948
37978
39061
40156
41357
42519
43785
45055
46296
47634
48973
50384
51882
53354
54875
56411
58078
59728
61454
63248
65069
66928
68887
70922
72961
75099
77311
79487
81869
84281
86680
89231
91767
94489
97251
100088
103111
106143
109210
112399
115758
119136
122650
126328
129970
133716
137675
141736
145891
150092
154434
158913
163578
168356
173151
178142
183307
188704
194388
200094
205825
211936
218115
224477
231091
237839
244714
251941
259353
266988
274911
282976
291260
299883
308697
317699
326978
336351
346068
356167
366832
377714
388732
399920
411638
423846
436183
448783
461935
475266
489221
503618
518436
533815
549608
565698
582526
599579
617504
635730
654414
673652
693311
713818
734907
756695
778969
802049
825462
849918
875013
900627
927279
954683
982982
1012004
1041720
1072462
1104004
1137047
1170729
1205198
1240861
1277703
1315458
1354431
1394446
1435730
1477977
1521982
1567062
1613985
1662094
1711491
1762180
1814503
1868344
1923901
1981399
2040229
20649
21239
21855
22455
23130
23765
24546
25254
25989
26764
27576
28423
29253
30117
31050
31940
32888
33856
34890
35918
36953
38074
39144
40307
41503
42695
43978
45305
46654
48020
49510
51009
52498
54059
55669
57402
59113
60914
62742
64687
66525
68487
70505
72550
74770
77056
79366
81741
84199
86755
89384
91964
94795
97665
100580
103548
106627
109766
113077
116460
119898
123476
127226
130972
134937
138992
143268
147456
151873
156521
161255
166094
171159
176276
181601
187140
192845
198560
204624
210875
217164
223757
230400
237297
244533
252033
259639
267304
275386
283615
292142
300923
309918
319161
328665
338752
348955
359577
370405
381626
393108
404958
417163
429783
442878
456259
470154
484471
499246
514329
529923
545942
562586
579515
597049
615186
633858
653068
672769
693099
714486
736130
758565
781379
805236
829451
854688
880694
907554
935215
963863
993353
1023651
1055275
1087598
1120824
1154857
1190374
1226751
1264051
1302241
1341939
1382738
1425156
1468434
1513149
1559272
1606329
1655221
1705511
1756879
1810865
1866256
1923241
1981951
2042448
21199
21856
22534
23172
23819
24541
25260
26045
26827
27603
28477
29346
30271
31218
32207
33156
34174
35203
36232
37343
38484
39684
40910
42166
43437
44774
46119
47566
49066
50550
52058
53653
55321
56997
58772
60586
62423
64325
66375
68386
70473
72657
74940
77258
79628
82058
84631
87202
89927
92733
95593
98581
101582
104744
108059
111413
114782
118309
121915
125676
129571
133625
137774
142030
146403
150886
155650
160434
165439
170555
175767
181214
186931
192716
198760
204784
211284
217677
224405
231342
238763
246187
253825
261778
269825
278186
286850
295851
305077
314621
324376
334562
344844
355535
366692
378262
389971
402080
414492
427429
440951
454753
468902
483441
498480
514092
530176
546594
563574
581140
599301
617813
636869
656641
676890
698088
719895
742488
765631
789535
814211
839739
865858
892917
920976
950174
979724
1010421
1041947
1074438
1108221
1143277
1178960
1215708
1253678
1292684
1333006
1374579
1417964
1462470
1508520
1555859
1605141
1655461
1707511
1761070
1816304
1873192
1932459
1992716
2055110
21351
22028
22725
23441
24198
25019
25781
26627
27500
28386
29285
30219
31195
32181
33191
34196
35265
36355
37467
38662
39892
41131
42445
43754
45130
46659
48112
49632
51204
52779
54393
56060
57784
59690
61578
63563
65551
67680
69731
71972
74245
76611
79029
81582
84209
86895
89598
92400
95355
98393
101581
104808
108086
111450
114967
118641
122357
126237
130248
134396
138748
143183
147687
152438
157371
162433
167440
172588
178194
183838
189603
195529
201674
208108
214680
221362
228353
235689
243152
250902
258876
267214
275626
284373
293265
302502
312055
322065
332473
343135
354074
365396
377045
389152
401483
414145
427195
440985
455084
469702
484792
500375
516472
532959
550013
567529
585681
604361
623673
643383
663930
685361
707154
729592
752949
776803
801850
827526
854094
881356
909643
939029
969149
1000103
1032232
1065698
1099934
1135349
1171610
1209369
1248226
1288426
1329794
1372289
1416316
1461280
1508375
1556883
1606713
1658017
1710985
1766146
1822880
1881640
1942210
2004777
20830
21501
22236
22929
23623
24372
25164
25943
26797
27688
28591
29458
30396
31363
32379
33395
34444
35594
36739
37918
39148
40377
41676
43028
44447
45925
47365
48802
50443
52107
53827
55655
57412
59246
61229
63154
65253
67298
69347
71621
73900
76320
78741
81187
83770
86510
89418
92227
95140
98145
101366
104655
108057
111541
115148
118918
122727
126710
130921
135304
139626
144239
148990
153826
158847
163911
169198
174707
180453
186388
192641
198858
205314
211973
218812
225862
233235
240924
248802
257006
265399
273932
282926
291964
301470
311169
321362
331896
342660
353864
365360
377317
389675
402419
415459
428870
442864
457333
472169
487520
503280
519721
536661
554213
572334
590753
609910
629929
650538
671578
693250
715693
739153
763233
788325
814043
840692
868236
896704
926215
956244
987850
1020298
1053616
1088241
1123879
1160599
1198685
1237899
1278685
1320724
1363960
1408711
1455290
1503044
1552205
1602972
1655874
1709864
1765628
1823499
1883189
1944249
2007838
20657
21307
21957
22636
23357
24076
24873
25730
26577
27462
28331
29258
30203
31179
32232
33215
34290
35440
36577
37775
39041
40253
41564
42983
44330
45786
47277
48797
50416
52130
53841
55575
57409
59239
61164
63116
65194
67253
69438
71737
74098
76491
78960
81523
84186
87001
89845
92758
95736
98945
102226
105591
109054
112660
116417
120293
124132
128203
132383
136783
141389
146014
150752
155674
160846
166025
171490
177114
183040
189230
195492
201780
208391
215301
222399
229794
237217
245119
253244
261575
270164
279188
288376
298031
307982
318242
328805
339698
350925
362511
374644
387183
400029
413321
427074
441176
455917
471134
486887
502919
519560
536820
554644
573103
592246
611772
631859
652990
674530
696851
719639
743741
768466
793914
820290
847550
875637
904568
934770
965836
997903
1031161
1065398
1100792
1137304
1174911
1214125
1254340
1296094
1338831
1383174
1429127
1476480
1525533
1575797
1627993
1681972
1737872
1795642
1855160
1916519
1980051
2046238
21171
21835
22611
23374
24167
24985
25833
26706
27578
28456
29368
30360
31330
32345
33385
34527
35670
36808
38017
39252
40574
41995
43342
44788
46289
47786
49381
50981
52677
54388
56224
58159
59980
61996
64069
66165
68303
70645
72980
75427
77900
80410
83109
85765
88578
91508
94481
97668
100869
104167
107644
111269
114917
118644
122644
126776
130967
135272
139772
144546
149387
154329
159450
164779
170282
175900
181792
187879
194149
200740
207585
214343
221473
228922
236677
244619
252792
261057
269710
278679
288028
297694
307522
317942
328514
339439
350782
362587
374549
386918
399839
413267
426996
441444
456005
471190
487044
503307
520453
537691
555682
574254
593366
613095
633418
654277
676064
698438
721782
745773
770577
796607
823326
850463
879062
908803
939179
970849
1003466
1037056
1071771
1107781
1145230
1183444
1223115
1264252
1306685
1350397
1395528
1442323
1490829
1540677
1592425
1645737
1701026
1758219
1817277
1878474
1941593
2006160
20955
21663
22406
23155
23912
24694
25584
26448
27345
28258
29228
30208
31218
32206
33286
34396
35532
36712
37980
39266
40583
41887
43285
44729
46197
47712
49359
51052
52692
54418
56160
58000
59897
61890
63906
66066
68274
70648
73030
75391
77939
80520
83225
85998
88903
91909
94969
98183
101502
104888
108412
112015
115790
119682
123687
127858
132021
136460
141084
145745
150552
155623
160930
166341
172008
177901
183887
190088
196396
203081
209988
217131
224388
231882
239575
247644
255786
264349
273203
282433
291965
301899
312131
322635
333585
344681
356535
368450
380701
393559
407041
420828
435001
449592
464417
480123
496340
513046
530289
548052
566544
585641
605318
625620
646919
668712
691277
714650
738836
763512
789230
815585
842853
871363
900547
931164
962578
994815
1028462
1063010
1099092
1136072
1174426
1213988
1254752
1297535
1341144
1386453
1433271
1481651
1531134
1582785
1636220
1690966
1747978
1806967
1867830
1930829
1996055
2063123
21324
22061
22811
23574
24379
25205
26066
26935
27883
28809
29751
30771
31830
32870
33985
35119
36272
37510
38758
40093
41433
42855
44334
45759
47299
48957
50610
52337
54155
55926
57840
59856
61817
63875
65999
68227
70546
72953
75414
78030
80757
83443
86254
89124
92141
95261
98383
101672
105061
108613
112227
116084
120038
124049
128243
132570
137199
141825
146527
151431
156422
161770
167270
172947
178899
185019
191305
197724
204479
211432
218554
225919
233604
241477
249587
258096
266817
275777
285141
294720
304704
314856
325571
336441
347865
359875
372020
384763
397672
411118
425074
439469
454291
469727
485339
501634
518623
536227
554276
573185
592698
612578
633255
654508
676915
699776
723368
747925
773401
799589
826785
854454
883355
913008
943757
975870
1009006
1043282
1078755
1115174
1152932
1192048
1232109
1274326
1317548
1361804
1408053
1455378
1504362
1555179
1607831
1662382
1718061
1776125
1836346
1898373
1962788
2028893
21066
21758
22489
23250
24059
24826
25617
26489
27347
28284
29241
30205
31199
32253
33370
34477
35635
36833
38090
39335
40699
42064
43459
44875
46380
47874
49475
51183
52898
54715
56585
58533
60497
62530
64576
66798
69111
71440
73896
76324
78879
81521
84374
87161
90118
93182
96375
99672
103113
106610
110225
113936
117875
121931
125951
130215
134613
139148
143950
148850
153912
159033
164456
170142
175952
181818
188002
194466
201000
207922
214876
222159
229652
237448
245392
253824
262484
271558
280657
290020
299770
309910
320580
331447
342674
354254
366494
378816
391560
404798
418475
432914
447650
462925
478550
494947
511713
529060
546881
565527
584720
604324
624684
645899
667784
690618
713795
738015
762815
788507
815293
842964
871777
901432
931753
963647
995928
1029379
1064370
1100519
1137552
1175911
1215592
1256502
1298954
1342854
1388156
1435330
1484009
1534209
1586404
1640130
1695487
1753204
1813107
1874445
1938087
2003546
20639
21339
22004
22739
23525
24375
25193
26070
26997
27921
28886
29907
30904
31933
33002
34150
35248
36409
37645
38959
40249
41609
43010
44470
45981
47634
49314
50942
52605
54365
56211
58099
60084
62085
64152
66359
68545
70855
73140
75662
78318
80967
83672
86522
89444
92418
95489
98646
101987
105376
108932
112661
116391
120367
124382
128689
133008
137523
142179
146977
151958
156827
162036
167617
173384
179254
185232
191607
198120
204917
211667
218823
226260
233756
241642
249772
258357
267039
276081
285375
294925
304903
315191
325694
336750
348216
360051
372194
384774
397974
411658
425721
440191
454943
470189
486122
502675
519857
537214
555280
574124
593300
613576
634347
656042
678357
701390
724929
749666
774941
800895
828185
856310
885232
915334
946550
979037
1012025
1046146
1082097
1119102
1157175
1196401
1237157
1279646
1322997
1367930
1414561
1462686
1511990
1562971
1615838
1670355
1727224
1785601
1845753
1907894
1972608
2039224
20823
21499
22226
22981
23724
24575
25450
26366
27274
28188
29141
30114
31107
32135
33223
34319
35496
36754
37939
39234
40544
41961
43366
44805
46347
47919
49605
51269
53057
54948
56875
58823
60857
62930
65131
67404
69737
72129
74555
77116
79656
82311
85123
87952
90850
93875
97124
100418
103892
107428
111155
114938
118792
122796
126983
131217
135694
140356
145172
150133
155168
160563
165833
171482
177369
183428
189664
196198
202828
209648
216629
224023
231550
239421
247505
255850
264539
273733
283213
292767
302902
313185
323865
334879
346203
357800
369805
382202
395266
408656
422990
437165
452243
467478
483118
499282
516354
533825
552173
570934
590219
610361
631315
652665
674823
697706
721291
745939
771282
797517
824705
852707
881657
911667
942274
974090
1007346
1041690
1077042
1113410
1151320
1190342
1231313
1273471
1316409
1361098
1407201
1454875
1503974
1554930
1607746
1662914
1719359
1777664
1837773
1900190
1964928
2031702
21043
21782
22520
23339
24122
24942
25803
26670
27531
28476
29481
30427
31467
32551
33684
34839
36000
37229
38505
39795
41148
42587
44119
45628
47206
48775
50430
52149
53849
55648
57455
59291
61284
63388
65598
67799
70121
72561
75004
77505
80153
82882
85670
88540
91559
94712
98023
101442
104884
108506
112174
116014
119956
124009
128208
132611
137107
141593
146453
151285
156597
161891
167390
173036
178847
184920
191182
197653
204593
211623
218719
226191
234060
241976
250192
258563
267258
276365
285895
295624
305795
316065
326764
337807
349230
361108
373409
386094
399272
412963
427007
441548
456676
472160
488334
504982
522236
539877
558245
577501
597269
617442
638450
659974
682019
705246
728985
753954
779652
806390
833642
861852
890943
921272
952644
985333
1018617
1053170
1089041
1125840
1164146
1203724
1244717
1286820
1330511
1376111
1422961
1470987
1520930
1572715
1625993
1681479
1738479
1797636
1858819
1922201
1987541
2055191
21097
21814
22485
23237
24049
24856
25694
26540
27382
28288
29265
30291
31327
32445
33531
34707
35882
37116
38369
39663
40990
42406
43883
45344
46856
48379
50061
51725
53486
55359
57288
59254
61317
63432
65496
67728
70069
72394
74898
77408
80047
82696
85545
88445
91503
94617
97760
101066
104539
108020
111719
115591
119623
123656
127862
132182
136853
141604
146477
151624
156717
162028
167332
173021
178930
184869
191170
197664
204391
211355
218594
225896
233557
241246
249541
257869
266591
275729
285191
294874
305021
315452
326272
337445
349240
361001
373302
386014
398943
412504
426493
440983
455711
471347
487621
504081
521289
538861
557351
576286
595957
616215
637193
658536
681034
704018
727932
752740
778567
804915
832492
860750
890252
920329
952040
984676
1018099
1052631
1088619
1125701
1164018
1203738
1244739
1287169
1330836
1376084
1422815
1470865
1521071
1573049
1626097
1680796
1737807
1796918
1857816
1921174
1986793
2054059
21230
21940
22677
23422
24209
25069
25954
26824
27698
28633
29630
30661
31756
32833
33892
35016
36202
37424
38663
39977
41338
42756
44229
45734
47316
48919
50601
52282
54080
55862
57758
59784
61794
63962
66119
68363
70731
73181
75648
78228
80905
83602
86342
89346
92416
95541
98766
102126
105598
109239
112931
116762
120732
124855
129132
133458
138064
142760
147607
152545
157656
163122
168633
174209
180066
186205
192338
198895
205714
212836
220240
227811
235477
243545
251807
260316
269207
278249
287899
297549
307603
318039
328857
340094
351459
363291
375608
388621
401795
415469
429603
444270
459245
475090
491070
507623
525144
543313
561953
581057
600562
621190
642314
663924
686579
709955
734111
758927
784552
811151
839069
867493
897396
928127
959519
992376
1026187
1060858
1097247
1134351
1172409
1212400
1253724
1296126
1339972
1385693
1432993
1481572
1531618
1583868
1637482
1692380
1749783
1809117
1870760
1933771
1999702
2067679
21463
22195
22962
23725
24533
25353
26191
27073
27966
28934
29950
30978
32016
33138
34226
35375
36549
37843
39128
40455
41848
43299
44718
46266
47811
49411
51053
52719
54525
56432
58256
60196
62280
64447
66563
68842
71239
73614
76110
78729
81354
84091
86945
89907
92933
96136
99403
102826
106321
109957
113728
117635
121575
125702
129987
134412
138939
143604
148513
153644
158791
164355
170091
175842
181803
187868
194113
200526
207276
214291
221522
229096
236916
244920
253278
261807
270633
279862
289402
299179
309412
319869
330703
341924
353595
365858
378292
390910
404450
418108
432341
446847
461958
477635
493871
510809
528078
546221
564789
583978
603870
624266
645456
667341
690150
713471
737804
762925
788863
815819
843751
872378
902058
932407
964220
997126
1031127
1066292
1102486
1139594
1177975
1218036
1259337
1302366
1346779
1392917
1440403
1489083
1539715
1592000
1646117
1701990
1759586
1819537
1881809
1945574
2012239
21077
21788
22545
23293
24093
24924
25769
26642
27536
28457
29393
30382
31361
32454
33513
34636
35840
37060
38300
39628
40901
42307
43702
45119
46679
48254
49911
51673
53432
55192
57113
59017
61077
63211
65356
67583
69798
72251
74692
77236
79924
82562
85292
88109
91065
94132
97286
100616
104022
107599
111343
115018
118997
123123
127195
131512
135993
140607
145347
150341
155288
160606
166083
171726
177620
183605
189839
196351
202956
209839
216946
224206
231650
239426
247602
256143
264868
273800
283061
292735
302927
313190
323940
334864
346314
357992
370020
382531
395555
408856
422629
436954
451644
466728
482420
498809
515901
533404
551543
570350
589643
609660
630178
651427
673335
696394
720321
744765
770164
796565
823818
851675
880649
910588
941377
973075
1006414
1040567
1076114
1112865
1150643
1189810
1229981
1271785
1314828
1359627
1405667
1453012
1502412
1553597
1606535
1661249
1717693
1776185
1836587
1898993
1963336
2029979
20827
21539
22267
23003
23796
24629
25440
26294
27185
28112
29044
30080
31179
32232
33356
34440
35640
36809
38101
39420
40794
42199
43674
45191
46763
48363
49997
51725
53439
55282
57173
59078
61037
63127
65271
67495
69724
72095
74432
76941
79614
82278
85125
87985
91007
94119
97272
100574
103970
107397
111061
114802
118771
122795
126938
131215
135675
140358
145065
149975
155072
160260
165717
171371
177171
183225
189440
195956
202481
209285
216509
223833
231666
239577
247788
256081
264917
273985
283468
293143
303060
313230
323809
334925
346527
358291
370398
382547
395820
409206
423226
437462
452442
467672
483607
500050
516981
534620
552843
571740
591094
611237
632020
653407
675641
698324
722093
746413
772030
798409
825610
853920
882907
913095
944239
976316
1009434
1043706
1079010
1115634
1153553
1192907
1233287
1275446
1318814
1363517
1410020
1457918
1507379
1558721
1611366
1665884
1722532
1781160
1842148
1905384
1969784
2036767
21077
21783
22496
23275
24112
24937
25780
26627
27518
28400
29390
30392
31427
32555
33665
34830
35999
37258
38484
39871
41275
42677
44155
45574
47180
48792
50533
52236
53999
55830
57743
59787
61822
63905
66142
68382
70709
73063
75628
78048
80678
83418
86182
89118
92192
95300
98486
101872
105276
108896
112749
116534
120564
124621
128890
133179
137722
142417
147162
152250
157404
162655
168230
173915
179840
185972
192292
198820
205668
212749
220070
227575
235188
243069
251326
259843
268532
277752
287168
296866
306959
317328
328284
339396
350894
362661
374910
387445
400523
414312
428480
443204
458419
474095
490184
506985
524200
542140
560646
579795
599610
619898
641077
662900
685344
708503
732222
757089
782890
809175
836459
864647
894098
924849
956100
988652
1022312
1057055
1093038
1130132
1168431
1208011
1249121
1291609
1335365
1381158
1427959
1476678
1526395
1578080
1631725
1687301
1744875
1804450
1865762
1929458
1994894
2062854
21594
22298
23050
23817
24629
25407
26287
27199
28107
29067
30038
31077
32110
33215
34313
35470
36669
37975
39289
40674
42107
43494
44990
