102511
105090
107652
110289
112950
115676
118482
121482
124502
127554
130590
133787
137066
140574
143943
147524
151106
154819
158580
162444
166312
170380
174720
179039
183358
187798
192385
197036
201844
206863
212044
217304
222710
228109
233867
239495
245532
251478
257700
263980
270478
277030
283815
290682
297887
305081
312641
320548
328473
336630
345047
353547
362342
371321
380536
389995
399761
409824
420071
430412
441238
452101
463372
474917
486788
498945
511349
524105
537212
550795
564691
579020
593560
608620
623773
639573
655589
671757
688421
705672
723324
741480
760061
779120
798739
818995
839587
860616
882099
904222
927106
950255
974070
998640
1023840
1049749
1076222
1103253
1131437
1159837
1189096
1219348
1250081
1281573
1314297
1347546
1381597
1416463
1452480
1489292
1527107
1565855
1605701
1646298
1688442
1731516
1775883
1820917
1867318
1914444
1963006
2012800
20598
21136
21687
22236
22787
23387
23994
24603
25227
25902
26563
27269
27979
28669
29375
30117
30896
31722
32582
33433
34319
35207
36102
36988
37895
38864
39835
40878
41984
43083
44199
45335
46470
47617
48844
50137
51393
52702
54130
55503
56858
58287
59766
61312
62901
64597
66262
67948
69689
71523
73358
75309
77295
79263
81345
83475
85658
87867
90192
92594
94966
97444
99906
102455
105125
107786
110573
113464
116464
119466
122616
125948
129163
132564
136198
139684
143381
147059
150930
154940
159012
163150
167387
171770
176269
180860
185595
190535
195551
200757
206106
211433
217035
222761
228601
234624
240904
247314
253788
260464
267364
274430
281575
288996
296675
304754
312843
321132
329562
338432
347431
356641
365961
375683
385613
395861
406407
417235
428219
439858
451466
463488
475851
488468
501470
514860
528568
542509
556701
571374
586627
602224
618228
634836
651599
668999
686892
704948
723695
742813
762591
782945
803645
825067
846976
869355
892616
916269
940658
965752
991697
1018200
1045462
1073522
1102515
1132167
1162298
1193369
1225334
1258217
1292115
1326672
1362096
1398532
1436576
1475149
1515236
1555998
1598070
1641221
1684964
1730236
1776904
1824286
1873324
1924083
1976032
2029368
20808
21318
21869
22498
23113
23733
24342
25015
25687
26459
27148
27859
28594
29348
30116
30958
31798
32627
33508
34461
35409
36361
37352
38332
39441
40520
41588
42661
43830
45063
46283
47536
48883
50222
51629
53065
54485
55975
57557
59197
60835
62480
64099
65830
67632
69529
71431
73424
75478
77492
79582
81766
83962
86263
88641
91099
93518
96066
98658
101421
104212
107174
110044
113099
116112
119340
122647
125973
129384
132926
136529
140333
144245
148278
152471
156644
161033
165404
170001
174644
179314
184331
189523
194685
200197
205764
211485
217347
223311
229388
235885
242359
248960
255884
262990
270153
277585
285171
292962
301135
309444
317912
326690
335776
345040
354622
364466
374542
384882
395503
406464
417779
429149
441110
453501
466214
479065
492089
505716
520007
534404
549317
564344
579820
595889
612666
629488
646957
665049
683428
702249
721868
741997
762693
784000
805836
828535
851566
875215
899504
924543
950418
976800
1004092
1032146
1061054
1090500
1120771
1152086
1184196
1217235
1251165
1286030
1321910
1359153
1397207
1435851
1475872
1517159
1560127
1603481
1648376
1694298
1742112
1790934
1841428
1892825
1945557
1999701
2055865
21027
21619
22279
22904
23503
24159
24835
25521
26192
26922
27672
28514
29305
30121
30993
31860
32685
33562
34554
35473
36433
37476
38485
39514
40608
41804
42972
44116
45409
46635
47956
49259
50691
52105
53621
55183
56788
58351
59971
61644
63401
65232
67080
68970
70894
72933
75039
77162
79352
81657
83946
86270
88693
91191
93744
96460
99211
101940
104818
107750
110758
113790
117086
120490
123854
127435
131058
134766
138559
142495
146718
150949
155240
159563
164055
168604
173303
178271
183383
188569
193868
199225
204925
210892
216934
222978
229120
235624
242487
249361
256448
263724
271143
278900
286889
295003
303321
311820
320892
330222
339662
349408
359212
369351
379847
390673
401858
413307
425040
437414
449748
462707
475815
489441
503509
517889
532628
547666
563333
579541
595944
613072
630768
649103
667657
686812
706370
726459
747162
768373
790494
813107
836535
860395
885112
910715
936961
963764
991108
1019543
1048826
1078825
1109772
1141430
1174147
1207904
1242461
1278084
1314768
1352577
1391454
1431197
1472118
1514398
1557843
1602774
1648718
1696099
1744814
1794817
1846423
1899733
1954170
2010834
20781
21350
21967
22625
23308
24008
24697
25404
26079
26803
27560
28327
29167
29998
30839
31728
32602
33559
34561
35539
36543
37635
38727
39825
41015
42231
43483
44766
46053
47384
48725
50124
51578
53007
54565
56174
57777
59486
61214
62942
64776
66562
68501
70539
72508
74664
76841
79091
81463
83777
86220
88750
91353
94000
96670
99437
102362
105372
108400
111518
114860
118166
121575
125037
128706
132371
136247
140085
144211
148395
152738
157190
161795
166636
171442
176509
181642
186900
192287
197855
203644
209490
215519
221699
228078
234714
241703
248688
255858
263272
270982
278865
287083
295411
304060
313238
322298
331588
341237
351169
361565
371889
382889
394018
405471
417208
429140
441776
454580
467822
481457
495395
509664
524484
539835
555476
571408
587911
604762
622326
640644
659293
678560
698428
718755
739570
761242
783460
806388
830210
854169
879190
904711
931074
958251
986439
1015131
1045117
1075482
1107317
1139744
1173088
1207495
1242380
1278862
1316262
1354329
1394172
1435045
1476601
1519843
1564304
1610226
1657335
1705869
1755625
1806947
1860375
1914911
1971040
2028526
20719
21311
21932
22583
23209
23891
24577
25256
26032
26808
27617
28394
29237
30079
30958
31864
32816
33808
34823
35799
36825
37888
38977
40172
41355
42585
43808
45098
46419
47812
49233
50657
52172
53701
55213
56843
58492
60195
61929
63775
65662
67681
69707
71830
73900
76078
78240
80531
82868
85248
87775
90378
93062
95771
98663
101570
104678
107707
110924
114227
117481
120865
124434
128086
131960
135877
139879
144069
148337
152674
157171
161749
166504
171495
176459
181611
187037
192622
198301
204237
210249
216481
222810
229383
236229
243160
250438
257801
265491
273267
281282
289726
298366
307199
316216
325399
335102
345036
355095
365615
376398
387550
398872
410517
422604
435205
448158
461250
474881
489003
503402
518152
533500
549279
565384
581975
599147
616690
635194
654038
673014
692949
713408
734220
756080
778330
801580
825167
849656
874741
900664
927660
955417
983600
1012619
1042792
1073693
1105540
1138342
1171964
1206626
1242270
1279012
1316642
1355374
1395353
1436807
1479218
1523615
1568696
1615243
1663174
1712448
1763202
1815403
1869249
1924153
1981266
2039525
20556
21134
21789
22423
23113
23823
24554
25282
26035
26816
27586
28410
29266
30132
31061
31995
32974
33938
34933
35987
37021
38093
39242
40376
41606
42849
44052
45441
46795
48188
49601
51073
52715
54313
55843
57475
59159
60995
62844
64692
66563
68536
70526
72620
74837
77052
79309
81645
84053
86523
89031
91677
94336
97188
100099
103119
106133
109359
112640
115959
119292
122942
126566
130231
134234
138306
142503
146790
151144
155544
160281
164910
169714
174765
179980
185346
190806
196560
202445
208475
214740
221027
227623
234289
241267
248462
255841
263546
271582
279722
287994
296587
305418
314589
323911
333636
343494
353638
364180
375116
386353
398105
410098
422524
435229
448255
461521
475211
489322
503731
518577
534014
549857
566150
583133
600338
618100
636799
656049
675616
695659
716436
737818
759918
782704
806089
830285
855022
880462
907137
934394
962317
991076
1020663
1051407
1082661
1115397
1148700
1183041
1218176
1254555
1291826
1330429
1369998
1411105
1453274
1496340
1541061
1586973
1634954
1683912
1734414
1786432
1840020
1895340
1952053
2010780
20683
21298
21942
22590
23230
23900
24620
25351
26092
26853
27653
28538
29393
30306
31180
32087
33049
34068
35085
36122
37215
38385
39492
40743
42001
43255
44599
45912
47356
48762
50238
51720
53235
54849
56475
58148
59892
61727
63590
65465
67479
69536
71631
73785
75932
78192
80590
82983
85417
87912
90462
93127
95973
98806
101733
104799
107965
111167
114569
117930
121531
125267
129034
133008
137065
141000
145195
149542
153889
158436
163186
168110
173176
178386
183607
189165
194830
200739
206751
212953
219197
225654
232488
239457
246724
254133
261718
269426
277586
285966
294537
303448
312553
322040
331646
341723
351990
362651
373436
384629
396309
408196
420380
432944
446164
459344
473208
487610
502344
517386
532897
548782
565331
582313
599576
617543
635927
654806
674388
694593
715510
736735
758783
781596
805110
829119
854179
879753
906434
933495
961415
990267
1020314
1051191
1082777
1115299
1149050
1183795
1219563
1256184
1294082
1332955
1372793
1414126
1456737
1500653
1546155
1592563
1640306
1689532
1740228
1792256
1846020
1901288
1958161
2016835
20692
21308
21963
22601
23282
23960
24653
25420
26186
26993
27769
28601
29482
30363
31262
32180
33164
34203
35222
36311
37352
38513
39732
40965
42205
43473
44764
46191
47579
49049
50487
52018
53603
55251
56874
58552
60285
62046
63915
65859
67868
69835
72027
74304
76585
78888
81262
83699
86278
88849
91522
94249
97076
99957
102966
106168
109426
112776
116102
119573
123232
126962
130781
134758
138837
143145
147432
151978
156517
161246
166000
170945
176086
181404
186852
192500
198371
204484
210790
217201
223871
230629
237716
244968
252231
259830
267724
275783
283990
292592
301435
310441
319952
329470
339296
349507
360212
371138
382362
393899
405915
418248
430868
443789
457242
470909
485205
499951
514925
530392
546612
563051
579911
597439
615357
633841
653127
672694
693002
713756
734934
757052
779904
803342
827456
852461
877964
904459
931913
960139
988949
1018834
1049649
1080944
1113221
1146827
1181272
1216989
1254006
1291993
1331035
1371156
1412444
1455158
1498769
1544363
1591118
1638740
1688445
1739370
1791984
1846316
1902100
1959428
2018129
20794
21397
22023
22684
23368
24048
24788
25566
26278
27040
27895
28715
29541
30481
31412
32297
33252
34198
35176
36295
37368
38479
39664
40862
42110
43388
44643
45946
47278
48770
50238
51768
53319
54869
56545
58269
59967
61721
63464
65389
67294
69280
71315
73420
75688
77929
80287
82616
85156
87721
90390
93073
95832
98669
101669
104782
107936
111249
114635
118042
121642
125326
129110
133108
137123
141249
145545
149921
154491
159204
164081
169046
174177
179372
184744
190460
196312
202442
208548
214863
221327
228009
234972
242166
249433
256894
264600
272542
280871
289293
298072
307056
316289
325731
335623
345739
356206
366900
377979
389353
401054
413166
425601
438610
452115
465684
479769
494324
509096
524475
540461
556972
573658
591159
608953
627560
646184
665650
685917
706643
727969
750263
773110
796639
820571
845557
871225
897654
924940
953150
981895
1011606
1042221
1073700
1106004
1139446
1173716
1209034
1246027
1283923
1322862
1362928
1404172
1446664
1490559
1535482
1582029
1629840
1678811
1729374
1782016
1835488
1890886
1948365
2007150
20696
21365
22041
22753
23453
24169
24887
25639
26403
27229
28079
28869
29762
30699
31578
32523
33497
34525
35577
36674
37869
38981
40126
41236
42464
43693
45037
46438
47894
49303
50844
52385
53955
55596
57322
59039
60832
62681
64537
66496
68510
70603
72741
74886
77135
79408
81821
84291
86798
89382
92058
94739
97622
100560
103590
106778
110046
113375
116836
120366
124014
127881
131795
135843
139980
144126
148518
153043
157570
162301
167353
172483
177762
183074
188501
194227
200115
206071
212377
218874
225614
232418
239483
246736
254270
261976
269849
278117
286454
295137
304183
313385
322872
332518
342623
352904
363835
374819
386430
398219
410151
422386
434975
448312
462016
475914
490392
505168
520416
536249
552631
569472
586666
604504
622696
641638
660979
681365
701882
722993
744963
767853
791013
815297
839947
865514
891636
918806
946934
975603
1005073
1035472
1066732
1098962
1132048
1166306
1201569
1238010
1275572
1314481
1354141
1395559
1438000
1481269
1526026
1572566
1620496
1669674
1720124
1772492
1826357
1881964
1939278
1998035
2058564
21227
21927
22618
23310
23924
24608
25357
26135
26947
27753
28585
29456
30327
31259
32209
33267
34299
35355
36438
37532
38697
39878
41128
42346
43618
44942
46279
47647
49141
50598
52133
53679
55390
57076
58812
60557
62453
64295
66257
68190
70216
72308
74471
76597
78926
81419
83914
86429
89038
91767
94541
97457
100420
103412
106545
109699
113005
116422
119843
123504
127195
130993
134971
139040
143185
147467
151947
156549
161239
166033
170945
176038
181428
186725
192389
198190
204191
210283
216677
223190
230147
237094
244297
251602
259145
266935
274926
283295
292032
300795
310068
319500
329204
339281
349569
360243
371193
382602
394250
406246
418679
431431
444297
457628
471792
485959
500788
515729
531357
547275
563820
580771
598280
616429
635033
654319
674059
694523
715413
736986
759237
782305
805934
830267
855586
881500
908343
935992
964477
993784
1024169
1055554
1087769
1121363
1155779
1190876
1227142
1264249
1302875
1342467
1383010
1425118
1468096
1512961
1559271
1606550
1655506
1705609
1757226
1811205
1865967
1922936
1981361
2041620
21008
21657
22287
22887
23612
24315
25082
25820
26605
27365
28232
29118
30028
30926
31872
32811
33748
34811
35910
37010
38156
39260
40489
41710
42959
44219
45598
46989
48390
49856
51350
52832
54470
56086
57751
59461
61282
63193
65111
67136
69145
71273
73417
75612
77918
80204
82685
85180
87706
90373
93187
96049
98980
102025
105072
108233
111469
114851
118341
121941
125758
129462
133321
137318
141477
145751
150134
154663
159364
164197
169199
174325
179541
185120
190775
196603
202690
208947
215361
221945
228835
235913
243068
250400
257952
265769
273776
281978
290621
299643
308737
318143
327755
337563
347786
358216
369083
380245
391765
403858
416133
428856
441920
455474
469327
483761
498449
513683
529275
545479
562191
579295
597196
615768
634340
653537
673721
694102
715172
736771
759076
782039
805922
830665
855888
882018
909179
936764
964736
994210
1024352
1055580
1087742
1120769
1154879
1190145
1226203
1263367
1301372
1340933
1381974
1424210
1467541
1512344
1558259
1605604
1654113
1704257
1756007
1809108
1864034
1920549
1978766
2038922
21239
21960
22640
23302
24009
24737
25473
26233
27042
27872
28657
29568
30413
31335
32327
33303
34310
35337
36330
37425
38574
39801
41032
42330
43637
44932
46249
47665
49093
50549
52047
53633
55182
56838
58627
60401
62200
64136
66091
68141
70144
72221
74309
76634
78912
81282
83696
86304
88904
91688
94485
97361
100278
103374
106584
109748
113106
116549
120101
123782
127638
131642
135622
139795
144135
148601
153109
157725
162407
167383
172482
177635
183115
188850
194689
200420
206514
212758
219258
225953
232778
239846
247119
254601
262467
270566
278739
287023
295809
304842
313929
323480
333405
343590
354216
364901
376067
387463
399057
411192
423633
436590
449935
463744
477667
492276
507411
522534
538624
555016
571947
589417
607503
626080
645028
664448
684840
705477
726917
748978
771818
795221
819369
844560
870170
896646
924264
952317
981487
1011490
1042391
1074156
1106890
1140538
1175330
1211113
1247618
1285393
1324251
1364679
1406255
1449084
1493414
1538824
1585681
1634007
1683406
1734672
1787713
1841787
1898152
1956295
2016120
20651
21265
21876
22559
23267
23973
24680
25448
26249
27042
27872
28741
29662
30593
31507
32463
33465
34468
35490
36532
37639
38795
40011
41241
42453
43699
45036
46460
47868
49386
50940
52436
54042
55701
57335
59066
60826
62724
64633
66586
68554
70624
72797
75033
77296
79606
82055
84635
87220
89897
92626
95494
98437
101388
104444
107700
110970
114312
117800
121389
125185
129007
132950
136944
141203
145663
150088
154662
159370
164341
169257
174504
179833
185232
190839
196657
202621
208797
215149
221637
228346
235335
242476
249787
257346
265284
273372
281701
290292
299247
308570
317938
327568
337753
347839
358286
369151
380357
392017
403922
416091
428779
441843
455334
469255
483635
498438
513601
529147
545256
562001
579138
596825
614904
633496
652860
672903
693288
714461
736032
758704
781844
805837
830212
855083
880868
907661
935365
963869
993085
1023290
1054265
1086400
1119448
1153767
1189403
1225687
1262915
1301393
1341020
1382156
1424089
1467568
1512340
1558621
1606036
1654661
1705048
1756952
1810512
1865638
1922643
1981196
2041544
21041
21704
22342
23043
23759
24482
25204
26004
26818
27569
28419
29281
30175
31022
32006
33019
34066
35123
36181
37277
38461
39636
40825
42038
43315
44590
45992
47454
48890
50376
51950
53542
55245
56902
58688
60501
62290
64096
66013
68084
70154
72373
74620
76927
79236
81634
84143
86728
89377
91996
94782
97677
100576
103660
106882
110128
113484
117004
120547
124257
127979
131890
135985
139989
144206
148556
153120
157757
162598
167497
172586
177833
183289
188803
194595
200589
206704
213007
219274
225910
232850
239945
247191
254769
262621
270634
278983
287402
296129
305052
314314
323982
333945
344123
354584
365474
376457
387970
399655
411718
424290
437162
450676
464349
478435
493154
508074
523665
539738
556329
573189
590768
608691
627304
646456
666290
686582
707476
729181
751310
773938
797621
821776
846806
872145
898866
925938
954337
983424
1013133
1044098
1075685
1108177
1141635
1176491
1212356
1249229
1287401
1326820
1367103
1408663
1451530
1495932
1541392
1588242
1636523
1686433
1737669
1790836
1845628
1902135
1960056
2019916
20863
21507
22156
22835
23558
24323
25050
25803
26552
27362
28193
29027
29884
30754
31688
32672
33687
34698
35732
36833
37968
39143
40339
41617
42910
44243
45531
46909
48368
49782
51283
52855
54490
56120
57860
59609
61519
63370
65201
67248
69321
71465
73646
75961
78290
80710
83296
85748
88309
91011
93792
96698
99721
102843
105891
109176
112538
116016
119544
123280
127043
130875
134871
138995
143213
147578
152170
156780
161593
166464
171599
176819
182166
187887
193616
199503
205675
212015
218557
225223
231958
238874
246175
253649
261515
269517
277673
286122
294907
303813
313072
322601
332335
342464
353039
363818
375206
386678
398454
410282
422612
435443
448558
462170
476242
490727
505674
521126
537054
553466
570505
587858
605773
624205
643391
662989
683264
704063
725440
747605
770440
794083
818289
843486
869381
895822
923093
951212
980315
1010542
1041295
1072884
1105532
1139214
1173928
1209716
1246890
1285062
1324359
1364908
1406360
1449176
1493593
1539638
1586599
1634738
1684457
1736012
1788939
1843493
1899533
1957452
2017514
20622
21257
21897
22586
23265
24021
24794
25555
26365
27180
27980
28816
29684
30626
31528
32521
33509
34620
35601
36660
37786
38993
40201
41459
42754
44036
45406
46794
48221
49714
51299
52851
54506
56142
57842
59633
61449
63321
65341
67274
69281
71379
73569
75843
78132
80461
82886
85409
88036
90651
93397
96229
99213
102210
105285
108535
111915
115264
118777
122454
126121
129995
133873
137854
142007
146374
150830
155433
160277
165200
170291
175521
180809
186308
191964
197742
203635
209775
216168
222746
229459
236365
243650
251038
258715
266719
274878
283250
292025
300954
310085
319437
329298
339177
349527
360249
371019
382300
394104
406212
418616
431471
444726
458273
472247
486806
501626
516979
532839
549234
566213
583620
601430
619961
638950
658654
678766
699446
720816
742664
765391
788671
812732
837371
862649
888817
915841
943862
972390
1002070
1032756
1064192
1096225
1129245
1163883
1199488
1235752
1273512
1312642
1352676
1393965
1436448
1480301
1525681
1571911
1619683
1669495
1720934
1773622
1827885
1883727
1941240
2000838
20541
21144
21847
22516
23185
23918
24660
25366
26182
26955
27745
28530
29375
30257
31188
32117
33109
34088
35141
36198
37370
38461
39596
40753
41986
43243
44575
45935
47364
48794
50290
51854
53442
55027
56678
58396
60205
62100
63938
65940
67979
70095
72213
74464
76818
79107
81500
84064
86689
89340
92113
94892
97748
100619
103651
106753
110046
113427
116935
120505
124149
127884
131796
135759
139847
144122
148651
153140
157749
162565
167483
172617
177862
183340
189038
194947
200936
207063
213404
219875
226540
233417
240554
248019
255544
263421
271586
279822
288406
297287
306337
315638
325139
335183
345403
355790
366690
377916
389395
401147
413534
426364
439502
453085
466888
481079
495587
510666
526436
542530
559404
576378
593945
612114
630633
649773
669571
689898
710967
732734
755036
777976
801751
826150
851327
877137
903728
931268
959899
989305
1019719
1050571
1082825
1115744
1149905
1185052
1221007
1258179
1296207
1335965
1376516
1419344
1462447
1507337
1553288
1600778
1649200
1699665
1751435
1804775
1860072
1916909
1975017
2034931
21146
21782
22432
23097
23822
24587
25340
26055
26847
27628
28515
29369
30192
31182
32148
33142
34147
35241
36324
37446
38489
39602
40819
42028
43275
44613
45939
47321
48688
50175
51751
53352
54989
56657
58387
60135
62091
63995
65937
67988
