102560
105221
108001
110888
113829
116944
120037
123143
126373
129759
133253
136872
140487
144352
148194
152227
156390
160502
164779
169104
173542
178144
182950
187873
192972
198204
203494
209130
214786
220541
226402
232552
238678
245057
251721
258393
265453
272714
280080
287707
295518
303496
311685
320289
329073
338243
347419
356498
366078
375989
386138
396576
407257
418274
429395
441031
452866
465094
477577
490591
503870
517476
531695
546173
560892
576362
592106
608404
624981
642146
659746
677798
696385
715671
735252
755504
776258
797581
819564
842088
865177
889119
913299
938501
964431
990981
1018251
1046182
1074966
1104576
1134776
1165843
1197909
1230783
1265167
1300151
1336152
1372876
1410844
1449771
1489924
1531142
1573398
1616948
1661524
1707468
1754855
1803636
1853424
1904913
1958299
2013075
20920
21506
22077
22714
23338
23969
24674
25364
26093
26794
27582
28311
29094
29884
30718
31566
32415
33354
34373
35357
36362
37365
38399
39534
40627
41722
42871
44041
45253
46474
47764
49086
50431
51833
53227
54698
56222
57827
59508
61174
62930
64774
66592
68482
70398
72443
74453
76571
78778
81046
83308
85630
88148
90577
93106
95728
98491
101344
104199
107110
110169
113326
116519
119748
123115
126595
130153
133787
137624
141536
145528
149665
153988
158337
162836
167432
172211
177236
182208
187438
192941
198351
203992
209815
215842
221942
228265
234706
241281
248140
255224
262526
270131
277772
285832
294100
302394
311028
319895
329053
338490
348392
358442
368815
379151
390053
401127
412590
424614
436970
449480
462279
475596
489309
503375
517787
532779
548103
563832
580161
596725
614338
631941
649990
668776
688096
707945
728481
749612
771358
793631
816895
840603
865072
889958
915705
942299
969359
997172
1026342
1055940
1086593
1118078
1150238
1183288
1217714
1252847
1289339
1326871
1364944
1404696
1445596
1487969
1531332
1575908
1621865
1669024
1717665
1767976
1819252
1872556
1927378
1983280
2041119
21179
21810
22415
23096
23778
24450
25120
25844
26626
27407
28173
29013
29867
30714
31663
32631
33568
34530
35593
36568
37590
38719
39885
41014
42154
43367
44669
45961
47325
48743
50163
51685
53175
54801
56436
58088
59733
61462
63286
65142
67136
69089
71100
73217
75434
77687
79916
82219
84661
87183
89638
92282
94948
97702
100593
103580
106760
110053
113310
116610
120061
123646
127320
130959
134915
138914
143011
147303
151786
156381
161066
165743
170591
175620
180777
186217
191689
197242
203075
208996
215115
221549
228074
234888
241964
249210
256575
264185
271996
280149
288469
296922
305774
315004
324375
334062
344049
354394
365157
376152
387288
398859
410773
422942
435481
448373
461698
475564
489649
504259
519353
534782
550681
567274
584038
601482
619313
637651
656564
676446
696723
717557
739106
761491
784298
807731
832072
857251
883040
909547
936853
965159
994040
1024084
1054777
1086396
1118836
1152354
1187323
1223063
1259824
1297975
1337178
1377362
1419145
1461754
1505882
1550704
1597527
1645626
1695361
1746616
1798974
1853495
1909564
1967424
2026629
20934
21556
22209
22829
23544
24279
24993
25705
26524
27333
28145
29019
29879
30801
31732
32697
33644
34664
35700
36792
37880
39004
40187
41352
42618
43892
45179
46542
47928
49397
50812
52362
53884
55506
57188
58905
60668
62473
64328
66244
68327
70358
72541
74740
76967
79330
81683
84086
86560
89219
92036
94839
97708
100738
103835
107008
110261
113676
117154
120617
124266
128016
131922
135862
139994
144248
148658
153257
157945
162713
167803
172970
178222
183751
189303
195103
201071
207263
213493
219992
226694
233687
240948
248260
255872
263751
271937
280361
288987
297873
306902
316333
326109
336059
346251
356885
367828
379134
390806
402704
414905
427814
440821
454328
468399
483157
497967
513103
528893
545173
562274
579596
597350
615590
634651
654049
673897
694353
715592
737732
760628
783874
807871
832635
858131
884802
912110
940099
969211
999117
1029996
1061585
1094557
1128317
1163074
1198919
1236161
1274415
1313810
1354339
1396099
1439045
1483616
1529472
1576954
1625272
1675494
1727380
1780995
1836157
1892561
1950946
2011420
21247
21888
22550
23248
23957
24695
25490
26238
27033
27923
28802
29666
30574
31560
32537
33538
34589
35657
36787
37881
39054
40320
41550
42894
44270
45684
47096
48534
50078
51613
53200
54901
56651
58344
60147
61977
63857
65739
67746
69914
72077
74350
76697
79084
81589
84167
86871
89633
92411
95291
98243
101307
104428
107760
111129
114612
118222
121951
125738
129628
133700
137832
142172
146707
151227
155970
160980
165980
171189
176411
181979
187739
193603
199765
205928
212328
219029
225944
232823
240100
247577
255292
263265
271576
280122
288865
297933
307394
316922
326704
336902
347150
358076
369396
381194
393166
405301
418029
431177
444806
458890
473250
487948
503153
518972
535091
551952
569404
587128
605386
624496
644036
664419
685405
706987
728995
751835
775757
799661
824810
850461
877269
905032
933529
962954
993290
1024531
1056535
1090087
1124338
1159556
1195862
1233713
1272577
1312415
1353362
1396095
1440288
1485557
1532150
1580516
1629931
1681020
1734304
1788981
1845083
1903517
1963251
2025215
20899
21575
22262
22956
23680
24399
25162
25936
26756
27587
28428
29276
30170
31169
32165
33240
34296
35386
36513
37683
38923
40136
41402
42783
44124
45466
46904
48369
49875
51461
53038
54639
56327
58119
59952
61852
63790
65723
67854
70075
72286
74512
76831
79197
81756
84380
87064
89876
92714
95648
98683
101833
105091
108375
111864
115425
119051
122757
126651
130699
134723
138877
143279
147994
152570
157473
162559
167799
173098
178564
184201
190025
196032
202224
208512
215052
221818
228950
236246
243990
251803
259913
268255
276831
285667
294739
304005
313639
323626
333855
344459
355309
366537
378123
390123
402515
415248
428550
442124
456243
470677
485541
500932
517189
533399
550306
567803
585738
604502
623617
643337
663863
685154
706823
729531
752806
776377
801230
826868
853124
880140
908021
937141
967001
997983
1029988
1062595
1096790
1131533
1167541
1204809
1242997
1282501
1323318
1365850
1409437
1454433
1500895
1548886
1598062
1648784
1701616
1756021
1811974
1870003
1929657
1991205
2054635
21154
21878
22573
23311
24021
24842
25617
26456
27299
28169
29103
30051
31017
31962
32983
34025
35093
36238
37421
38660
39886
41136
42418
43772
45174
46706
48194
49711
51236
52835
54513
56252
58039
59835
61761
63754
65818
67960
70083
72402
74686
77063
79478
82150
84756
87532
90368
93229
96188
99201
102329
105556
108950
112378
115933
119614
123361
127294
131339
135558
139957
144393
149013
153809
158671
163753
168931
174444
180006
185821
191923
198163
204625
211111
217916
224735
232050
239512
247094
255004
263176
271677
280456
289273
298497
308166
317957
328262
338930
349842
361177
372675
384667
396867
409735
422945
436389
450362
464702
479527
494925
510967
527242
544199
561652
579791
598250
617401
637411
657884
679025
700831
723456
746742
770579
795158
820625
846950
874156
901914
930992
961114
992056
1023858
1056953
1090748
1125545
1161524
1198802
1237350
1276895
1318240
1360602
1404576
1449519
1496124
1544172
1594474
1645815
1698905
1753590
1810341
1868415
1928595
1990259
2054391
21222
21908
22617
23354
24068
24838
25673
26523
27406
28271
29179
30120
31061
32086
33152
34225
35323
36474
37607
38782
40047
41277
42615
44002
45490
46898
48439
50015
51668
53308
55038
56815
58747
60612
62570
64607
66687
68919
71105
73480
75816
78152
80637
83240
85880
88652
91547
94448
97457
100577
103741
107131
110686
114199
117826
121675
125717
129795
133975
138222
142697
147259
152088
156972
161936
167205
172632
178152
183862
189964
196106
202473
208964
215760
222707
229875
237234
244968
252883
260991
269440
278253
287188
296536
306133
315811
326078
336640
347523
358882
370471
382370
394578
407072
420296
433816
447798
462457
477328
492768
508706
525392
542282
559979
577930
596656
616087
635976
656319
677823
699865
722611
746063
769935
794943
820520
847032
874531
902620
931901
962102
993145
1024945
1057988
1092141
1127520
1164109
1201717
1240484
1281024
1322540
1365454
1409217
1454771
1501942
1550597
1600983
1652641
1706489
1761531
1818933
1877559
1938354
2001399
20654
21361
22020
22726
23509
24258
25090
25937
26762
27643
28515
29401
30392
31389
32390
33402
34445
35603
36770
37946
39206
40437
41764
43132
44543
46013
47438
48975
50563
52225
53818
55555
57425
59306
61307
63345
65341
67482
69640
71877
74114
76501
78994
81652
84301
86987
89834
92835
95841
99025
102261
105545
108900
112457
116168
119933
123736
127735
131931
136217
140673
145188
149957
154739
159773
164874
170236
175735
181552
187485
193599
199988
206506
213114
220105
227178
234620
242292
250100
258142
266561
275226
284217
293508
303187
312979
323202
333660
344541
355783
367327
379183
391600
404534
417641
431363
445414
459895
475001
490483
506452
522990
539821
557320
575471
594193
613558
633384
654056
675364
697304
720012
743608
767635
792753
818563
845427
873069
901134
930606
961001
992164
1024475
1057918
1092271
1127680
1164193
1202000
1241187
1281621
1323186
1366478
1410740
1456414
1503931
1552776
1602968
1655085
1709177
1765157
1822774
1882291
1943410
2006361
20650
21316
22013
22745
23531
24334
25147
25976
26868
27776
28607
29512
30495
31547
32554
33597
34727
35889
37065
38307
39544
40811
42124
43492
44883
46288
47720
49246
50825
52483
54114
55894
57739
59565
61501
63536
65625
67778
69940
72195
74492
76928
79422
81986
84715
87409
90338
93313
96402
99601
102801
106075
109445
113040
116695
120498
124452
128531
132625
136988
141510
146086
150846
155716
160741
165903
171273
176836
182597
188464
194744
201087
207670
214485
221558
228879
236383
244046
251802
260055
268641
277386
286328
295777
305409
315337
325644
336183
347071
358415
370263
382292
394749
407481
420699
434420
448585
463279
478441
494094
510165
526962
544204
561803
580215
599079
618645
638840
659859
681395
703270
726294
749909
774199
799530
825345
852463
880187
908799
938339
968878
1000370
1033232
1067001
1102241
1138429
1175850
1214686
1254395
1295400
1337893
1381446
1426266
1472990
1521079
1570728
1622037
1675046
1729366
1786009
1843801
1904015
1966298
2030355
21183
21867
22560
23286
24030
24877
25668
26503
27321
28225
29178
30157
31171
32168
33164
34182
35252
36408
37544
38774
40007
41320
42656
44064
45454
46909
48409
49944
51607
53278
55077
56845
58658
60602
62481
64402
66587
68692
70980
73357
75779
78399
81001
83669
86505
89318
92187
95170
98320
101632
104866
108290
111787
115454
119130
123088
127127
131305
135592
139973
144620
149375
154232
159229
164315
169736
175283
181121
187053
193256
199589
206220
213049
220072
227198
234629
242225
250179
258190
266727
275346
284531
293683
303314
313129
323324
334006
344869
356167
367722
379625
392057
404586
417671
431464
445540
460009
475136
490510
506572
523160
540001
557703
575724
594758
614351
634311
654996
676326
698488
721331
744910
769446
794514
820636
847365
874826
903209
933031
963472
995195
1027513
1060734
1095415
1131432
1168446
1206766
1245812
1286976
1329241
1373085
1417823
1464533
1512610
1561975
1613175
1666019
1720409
1776902
1835029
1895302
1957387
2021386
20841
21494
22242
22930
23695
24463
25225
26082
26935
27789
28701
29589
30618
31663
32689
33740
34854
35960
37203
38396
39664
40966
42336
43697
45173
46600
48171
49711
51286
52919
54709
56573
58446
60303
62306
64335
66415
68608
70880
73237
75629
78161
80730
83377
86088
88835
91729
94771
97978
101120
104534
107931
111576
115186
118917
122813
126804
131015
135324
139806
144527
149304
154113
159180
164403
169866
175620
181408
187408
193476
199978
206597
213341
220337
227585
234987
242721
250830
259054
267527
276352
285196
294533
304209
314115
324456
334973
345971
357304
369024
380955
393466
406213
419699
433422
447754
462427
477435
493087
509099
525783
543240
560972
579277
598163
617578
637790
658622
680555
703008
726081
749849
774193
799400
825696
852793
880675
909643
939385
970296
1002063
1034642
1068681
1103747
1139806
1176798
1215004
1254628
1295941
1338183
1381814
1427053
1473690
1522098
1571943
1623371
1676377
1731886
1788557
1847358
1908337
1970791
2035593
20957
21646
22351
23113
23855
24695
25500
26375
27200
28039
28940
29866
30798
31849
32870
33976
35040
36228
37376
38629
39845
41149
42592
44001
45367
46811
48434
50012
51605
53300
55104
56892
58745
60672
62699
64724
66829
68966
71197
73556
75904
78441
80971
83740
86437
89198
92157
95170
98252
101466
104909
108417
112011
115682
119487
123415
127394
131667
135918
140383
145008
149801
154688
159717
165002
170503
176124
181835
187820
193979
200321
206851
213755
220732
227905
235429
243217
251115
259395
267819
276505
285526
294894
304602
314536
324745
335366
346349
357581
369068
380927
393350
406119
419389
433323
447646
462218
477284
492949
509277
526206
543480
561196
579644
598738
618396
638737
659501
681333
703779
726885
750868
775436
801292
827285
854592
882882
911910
941785
972515
1004004
1037001
1070988
1106198
1142452
1179843
1218581
1258287
1299568
1342529
1386830
1432618
1479617
1528312
1578568
1630085
1683777
1739117
1796252
1854973
1915482
1978645
2043392
21159
21826
22511
23245
23970
24744
25567
26435
27277
28209
29087
29960
30988
31990
32989
34079
35179
36338
37579
38804
40104
41474
42800
44207
45725
47177
48709
50270
51958
53635
55468
57170
59076
61027
62982
65053
67179
69378
71744
74103
76577
79072
81644
84374
87193
90138
93070
96242
99347
102619
105944
109520
113118
116829
120686
124642
128783
133026
137301
141826
146496
151328
156191
161346
166691
172110
177819
183690
189818
196011
202412
208887
215831
222907
230198
237750
245590
253655
262134
270568
279587
288573
298078
307903
318067
328377
339077
350301
361662
373636
386084
398715
411669
425169
439168
453571
468505
483920
499556
515885
532759
550007
568277
586934
606365
626492
647172
668425
690302
712678
736262
760563
785506
811327
837872
865260
893753
922888
953428
984775
1017351
1050663
1085204
1120786
1157673
1195790
1234977
1275703
1317650
1361341
1406020
1452052
1499299
1548469
1599757
1652770
1707091
1763313
1821403
1881467
1943556
2007359
20739
21392
22097
22834
23571
24309
25069
25909
26738
27586
28514
29413
30378
31358
32378
33410
34482
35632
36826
37990
39208
40515
41862
43262
44624
46024
47539
49138
50839
52540
54289
56083
57886
59674
61578
63608
65707
67845
70111
72511
74935
77415
79956
82557
85246
88076
90920
93914
96955
100213
103576
106909
110429
114023
117778
121673
125711
129873
134133
138458
142935
147713
152644
157636
162900
168227
173765
179550
185437
191434
197738
204464
211350
218256
225451
233017
240712
248568
256697
265257
274016
282858
292230
301798
311827
322223
332644
343723
355061
366507
378539
391232
404246
417605
431211
445498
460263
475539
490935
507059
523685
540867
558741
576943
595833
615449
635474
656409
678001
700433
723598
747495
772123
797530
823545
850643
878588
907476
937025
967578
999511
1032392
1066178
1101281
1137289
1174615
1213477
1253511
1294590
1337026
1381241
1426580
1473492
1522440
1572409
1624134
1677306
1732367
1789145
1847754
1908371
1971037
2036307
21147
21841
22561
23310
24112
24857
25674
26590
27480
28356
29299
30279
31286
32333
33420
34553
35642
36841
38059
39314
40648
41931
43348
44833
46311
47818
49458
51019
52718
54447
56239
58045
60017
61881
63930
66030
68194
70475
72746
75087
77501
80080
82797
85414
88215
91153
94195
97296
100483
103836
107182
110867
114443
118207
122094
126085
130178
134563
138994
143618
148426
153479
158412
163602
168946
174568
180306
186268
192369
198729
205224
211936
219152
226294
233787
241536
249519
257654
266113
274895
284034
293406
302919
312954
323274
333913
344982
356249
367844
380014
392339
405235
418620
432324
446515
461090
476112
491833
508012
524695
541911
560050
578374
597327
617064
637519
658647
680370
702790
726111
750013
774718
799887
826248
853370
881341
910187
940095
971402
1003161
1036464
1070690
1106163
1142352
1179916
1218494
1258484
1300059
1343121
1387218
1433102
1479845
1529144
1579310
1631052
1685174
1740417
1797664
1856815
1917808
1980983
2045746
20993
21723
22460
23206
23947
24698
25517
26368
27201
28087
29027
29947
30975
31975
32968
34041
35106
36235
37503
38730
40003
41321
42698
44058
45522
46968
48536
50106
51737
53389
55139
57002
58859
60846
62866
64994
67125
69342
71687
74012
76476
79011
81552
84307
87083
89887
92764
95820
98980
102244
105690
109182
112793
116539
120410
124325
128446
132667
137014
141656
146287
151178
156176
161342
166586
172092
177627
183451
189505
195729
202161
208779
215772
222859
230005
237601
245552
253741
262085
270714
279562
288660
298208
307945
318002
328575
339299
350331
361781
373631
385914
398595
411693
425221
439134
453599
468508
483917
499734
516108
532830
550338
568400
587185
606541
626583
647072
668481
690535
713246
737181
761474
786514
812558
839434
867087
895598
925100
955552
986913
1019578
1053223
1087900
1123506
1160396
1198465
1238298
1279054
1321563
1364773
1409541
1455926
1503922
1553688
1604788
1657746
1712449
1768789
1827068
1887155
1949506
2013085
20983
21733
22463
23224
24022
24844
25711
26562
27426
28363
29268
30188
31155
32163
33220
34335
35444
36607
37777
39053
40349
41692
43019
44440
45869
47411
48971
50584
52275
54025
55828
57615
59569
61561
63567
65675
67857
70114
72438
74835
77338
79876
82525
85318
88130
91096
94083
97272
100583
103860
107256
110708
114344
118164
122065
126027
130101
134347
138735
143295
147979
152832
157841
163033
168408
173942
179733
185693
191696
198026
204567
211362
218347
225556
233048
240733
248793
257054
265679
274679
283886
293413
303168
313247
323685
334542
345409
356779
368503
380537
393014
405765
419219
433127
447345
461898
477116
492806
508883
525547
542879
560515
578852
598181
617810
638271
659334
681021
703422
726641
750831
775547
800978
827277
854428
882573
911895
941959
973285
1005466
1038548
1072928
1108106
1144661
1182369
1221342
1262153
1303668
1346682
1390976
1436710
1484248
1533213
1583618
1635950
1689944
1745552
1803007
1862736
1924129
1987473
2053048
21068
21796
22528
23267
24035
24822
25647
26526
27429
28292
29196
30166
31175
32213
33232
34301
35411
36596
37788
39102
40397
41759
43095
44508
45967
47480
49054
50684
52298
53929
55660
57500
59469
61395
63399
65530
67689
69787
72112
74482
76844
79372
82004
84640
87453
90358
93325
96393
99582
102881
106338
109748
113450
117177
121135
125107
129227
133449
137769
142297
146909
151760
156858
162036
167370
172876
178463
184378
190468
196682
203170
209912
216843
224028
231340
238925
246885
255037
263322
272150
281029
290242
299880
309843
320085
330722
341630
352833
364429
376365
388765
401719
414899
428577
442700
457413
472396
488077
504010
520730
538088
555750
574012
593028
612470
632435
653403
674945
697144
719870
743601
768231
793377
819465
846319
874253
902913
932494
963513
995153
1028020
1061941
1096896
1132977
1170375
1209128
1249244
1290422
1333153
1377044
1422707
1469772
1518090
1568031
1619837
1673367
1728815
1785976
1844954
1905684
1968833
2033647
20972
21674
22367
23094
23829
24607
25394
26246
27119
28006
28899
29849
30863
31916
33011
34111
35178
36350
37557
38754
40082
41346
42710
44167
45599
47057
48579
50184
51852
53555
55288
57104
58986
60964
62973
65032
67179
69379
71651
73966
76324
78869
81534
84247
87009
89852
92763
95876
99013
102210
105479
108993
112500
116242
120082
123924
128079
132338
136764
141180
145925
150861
155682
160858
166213
171721
177490
183277
189414
195607
201953
208730
215592
222730
229847
237398
245128
253262
261783
270422
279270
288302
297800
307557
317753
328257
339194
350449
361961
373771
386071
398865
412063
425637
439616
454173
469115
484569
500490
517275
534246
552015
570298
589002
608573
628788
649500
670927
693053
715853
739563
764135
789344
815296
841882
869634
898457
927726
958261
989887
1022493
1056473
1091301
1127284
1164231
1202610
1242370
1283883
1325752
1369394
1414432
1460662
1508633
1558400
1610064
1662954
1717722
1773913
1832448
1892938
1955260
2019543
20887
21614
22322
23048
23805
24583
25386
26236
27138
28069
28967
29919
30884
31929
32985
34025
35132
36316
37513
38725
39998
41317
42696
44135
45589
47085
48623
50260
51947
53628
55404
57162
59018
60984
63055
65143
67288
69552
71768
74109
76586
79069
81713
84386
87095
89980
93069
96072
99103
102324
105633
109198
112809
116521
120364
124239
128367
132654
137008
141508
146109
151044
156006
161174
166527
171970
177633
183510
189470
195595
202077
208590
215527
222555
229980
237653
245581
253712
261975
270558
279545
288741
298135
308196
318426
328938
339684
350796
362316
374078
386423
399175
412492
426129
440181
454585
469504
485149
501189
517689
534738
552492
570557
589333
608757
628898
649625
671258
693423
716188
739963
764243
789302
815383
842083
