102720
105465
108216
111102
114039
117064
120221
123392
126702
130090
133623
137230
140900
144676
148516
152455
156544
160767
165090
169497
174207
178913
183818
188782
193806
198971
204559
210135
215812
221587
227602
233636
239756
246187
252937
259810
266827
274009
281359
288763
296505
304623
312902
321486
330056
338986
348125
357694
367325
377172
387300
397901
408861
420075
431535
443287
455492
468036
480572
493721
506971
520592
534691
549289
564313
579770
595790
611811
628658
645950
663690
681701
700260
719632
739368
759411
780066
801499
823251
845957
869282
893078
917704
942857
968879
995578
1022925
1050914
1079625
1109436
1139802
1171206
1203461
1236965
1271078
1306295
1342626
1379379
1417652
1456567
1496632
1538010
1580344
1624093
1669160
1715221
1762777
1811453
1861558
1913548
1966783
2021044
20814
21384
21963
22554
23168
23821
24504
25200
25882
26599
27382
28111
28920
29739
30535
31319
32164
33033
33984
34962
35935
36904
37970
39130
40245
41418
42579
43823
45050
46306
47573
48916
50290
51688
53128
54634
56161
57813
59469
61083
62789
64552
66325
68131
70049
72016
74007
76081
78261
80516
82781
85168
87495
89928
92532
95042
97779
100586
103383
106311
109334
112404
115693
118970
122326
125876
129469
133061
136943
140766
144831
148869
153091
157456
161974
166564
171293
176209
181198
186399
191665
197133
202843
208585
214519
220708
226978
233373
240012
246882
253933
261240
268706
276165
284044
292119
300472
309121
318251
327195
336543
346227
356218
366393
376965
387769
398954
410436
422235
434319
446651
459599
472894
486463
500407
514790
529674
544886
560656
576549
593194
610228
627718
645701
664484
683484
703039
723503
744275
765938
787985
810881
833996
858413
883173
908740
935123
962294
990173
1018734
1048209
1078628
1109946
1141844
1174951
1208954
1243944
1280007
1317239
1355246
1394611
1434936
1476448
1519401
1563339
1608790
1655904
1704119
1753708
1804270
1856935
1911219
1966671
2023956
21014
21633
22282
22918
23620
24293
25016
25696
26478
27280
28045
28848
29690
30511
31416
32321
33268
34219
35187
36216
37244
38347
39509
40630
41839
43046
44327
45636
46973
48332
49689
51083
52598
54152
55805
57430
59154
60898
62673
64520
66451
68407
70388
72449
74592
76784
79011
81300
83695
86148
88719
91190
94014
96772
99531
102426
105474
108637
111819
115215
118718
122165
125903
129629
133559
137502
141598
145694
150030
154433
158948
163622
168551
173535
178612
183854
189307
194931
200784
206779
212991
219344
225803
232405
239373
246561
253811
261223
268954
276911
285121
293716
302451
311380
320663
330132
340058
350239
360709
371597
382779
394238
405987
418041
430473
443545
456845
470728
484647
499307
514167
529814
545464
561783
578473
595679
613448
631713
650541
670265
690561
711136
732674
754846
777411
800840
824734
849659
875153
901355
928621
956399
984865
1014546
1045370
1076858
1109253
1142472
1176686
1212302
1248880
1286401
1325019
1364966
1406036
1448484
1492143
1537364
1583853
1631530
1680519
1731131
1783232
1836916
1891766
1948699
2007502
20559
21162
21805
22458
23163
23822
24527
25256
26031
26837
27635
28405
29263
30166
31041
32034
33012
33992
35042
36093
37235
38350
39467
40673
41921
43179
44501
45854
47298
48783
50217
51713
53306
54881
56555
58310
60044
61851
63724
65686
67674
69759
71895
74059
76291
78629
80990
83448
85965
88576
91188
93994
96889
99826
102755
105848
109086
112485
115881
119420
123116
126768
130722
134735
138790
142970
147424
151833
156389
161201
166093
171064
176265
181702
187291
193103
199014
204972
211194
217600
224285
231092
238262
245657
253042
260744
268738
277097
285536
294285
303220
312621
321980
331984
342133
352676
363533
374845
386430
398198
410344
422953
435893
449085
462968
477063
491571
506762
522120
538131
554571
571846
589433
607637
626397
645657
665936
686770
707633
729404
751915
774892
798723
823357
848936
875075
902326
930399
959233
988750
1019293
1050673
1083055
1116767
1151369
1186928
1223453
1261545
1300379
1340680
1381877
1424241
1468478
1513620
1560416
1608321
1657845
1709393
1761858
1816695
1873218
1930834
1990563
2052573
21300
21944
22618
23305
24087
24803
25551
26324
27155
28004
28861
29728
30628
31582
32573
33642
34691
35768
36895
38043
39210
40373
41575
42864
44195
45527
47001
48489
49955
51555
53187
54842
56599
58349
60205
62071
64001
65963
67946
70064
72210
74491
76795
79197
81659
84127
86773
89419
92186
95125
98122
101182
104402
107588
110881
114329
117904
121687
125502
129393
133371
137501
141882
146279
150755
155529
160214
165192
170258
175554
181032
186688
192586
198667
204826
211279
217856
224634
231639
238939
246507
254276
262239
270474
279084
287710
296659
306086
315799
325550
335746
346306
357106
368315
380113
391981
404309
416938
429932
443523
457417
471800
486692
501928
517766
533879
550606
567966
585520
603786
622967
642456
662780
683676
704918
727063
749841
773589
798161
823273
849399
876077
903631
932135
961478
992073
1023226
1055248
1088524
1122504
1157782
1193992
1231761
1270780
1310889
1352144
1394431
1438130
1483289
1529820
1577744
1627542
1678795
1732141
1786900
1842881
1900791
1960757
2022339
20965
21598
22294
22968
23727
24470
25241
26054
26883
27736
28645
29520
30405
31336
32325
33359
34375
35470
36568
37725
38865
40096
41390
42688
44058
45379
46823
48296
49830
51374
53061
54668
56455
58275
60086
62048
64028
66096
68095
70261
72480
74771
77130
79539
82104
84759
87446
90243
93132
96092
99171
102291
105394
108750
112166
115734
119387
123180
126965
130978
135179
139521
143996
148606
153351
158196
163070
168293
173697
179254
184992
190787
196702
202931
209338
216004
222984
229989
237308
244730
252570
260478
268690
277142
285877
295074
304405
313941
323792
334177
344926
355748
367065
378734
390694
403169
416044
429226
442700
456801
471434
486458
501886
517829
534343
551200
568713
586892
605673
625015
645136
665708
686920
708860
731236
754682
778901
803794
829236
855683
882875
911243
939991
969837
1000925
1032748
1066015
1100005
1135271
1171282
1208642
1247099
1286683
1327674
1370063
1413606
1458566
1505396
1553535
1603488
1654626
1707700
1762040
1818301
1876080
1935250
1997064
2060392
21130
21724
22423
23148
23913
24634
25420
26213
27036
27876
28732
29697
30633
31609
32538
33652
34736
35905
37027
38154
39437
40723
41996
43326
44726
46162
47670
49187
50677
52356
53975
55755
57509
59421
61304
63257
65325
67412
69515
71721
73977
76372
78856
81389
84003
86695
89453
92300
95250
98392
101533
104683
108002
111440
114970
118677
122494
126336
130423
134647
138854
143342
147797
152517
157397
162459
167652
173035
178580
184450
190412
196483
202836
209409
216151
223105
230251
237531
245155
253206
261301
269659
278278
287193
296318
305832
315535
325671
336124
346789
357798
369177
381065
393172
405809
418865
432418
446336
460694
475701
490871
506782
522788
539492
556848
574678
593119
612092
631951
652196
673055
694887
717160
740101
764082
788466
813628
839657
866753
894428
923170
952697
982931
1014462
1047156
1080660
1115622
1151392
1188729
1226450
1265994
1306996
1349009
1392668
1437548
1483745
1531954
1581225
1632113
1684510
1739027
1794677
1852615
1912152
1974022
2037872
21255
21933
22598
23299
24062
24806
25589
26457
27260
28212
29146
30095
31060
32057
33032
34073
35089
36263
37469
38731
39990
41315
42553
43944
45432
46771
48305
49900
51467
53183
54869
56680
58571
60462
62370
64358
66421
68453
70655
72948
75286
77725
80279
82865
85645
88406
91309
94266
97367
100629
103888
107217
110560
114188
117872
121850
125775
129928
134199
138494
142839
147415
152312
157116
162219
167595
172970
178647
184413
190270
196483
202938
209449
216195
223363
230581
238088
245874
253766
261963
270314
279179
288246
297631
307337
317196
327503
338275
349318
360427
371972
384074
396380
409172
422380
436113
450401
464839
480055
495530
511621
528073
545319
563231
581604
600446
620002
640213
661015
682420
704500
727265
750685
774806
800135
826100
852835
880456
908597
937933
968095
999112
1031056
1064284
1098652
1134344
1170809
1208466
1247842
1288454
1330386
1373678
1418325
1464376
1511901
1561017
1611393
1663644
1717306
1773413
1831003
1889965
1951220
2014639
20805
21504
22215
22883
23609
24415
25199
25995
26870
27771
28701
29623
30586
31550
32582
33625
34701
35792
36990
38189
39374
40668
41976
43317
44777
46269
47731
49278
50846
52497
54213
55993
57797
59719
61610
63672
65661
67805
70032
72292
74633
77038
79530
82133
84799
87563
90466
93306
96524
99669
102957
106309
109750
113258
116798
120500
124427
128373
132552
136937
141293
145957
150622
155573
160672
165919
171329
176844
182647
188476
194489
200759
207428
214197
221204
228447
235998
243747
251547
259709
268104
276934
286014
295230
304952
314796
325155
335669
346573
357813
369588
381641
394132
406655
419882
433409
447534
461974
477149
492724
509052
525719
542875
560381
578734
597472
616841
636881
657493
678830
700901
723854
747506
771903
797114
823096
850083
877556
906044
935417
965807
997098
1029639
1063412
1098378
1133934
1171144
1209405
1248742
1289361
1331368
1374589
1419423
1465465
1513282
1563004
1613957
1666625
1720658
1776971
1835005
1895298
1957502
2021497
20797
21472
22205
22969
23691
24532
25313
26102
26955
27831
28729
29670
30656
31639
32683
33797
34924
36029
37194
38443
39749
41043
42367
43720
45132
46597
48091
49642
51264
52929
54627
56414
58234
60053
61970
64031
66091
68228
70431
72751
75067
77588
80071
82666
85396
88187
91069
94034
97062
100146
103351
106743
110227
113858
117558
121503
125529
129656
133956
138432
142882
147612
152343
157246
162494
167782
173235
178948
184806
190817
197073
203560
210306
217196
224316
231778
239443
247292
255506
263912
272543
281447
290673
300055
309758
319931
330406
341112
352059
363581
375525
387736
400495
413733
427228
440976
455405
470187
485576
501537
517962
534602
552121
570209
588837
608093
627836
648204
669312
691024
713479
736611
760557
785221
811032
837737
865493
893858
923033
953123
983949
1016371
1049284
1083394
1118962
1155595
1193130
1232084
1272172
1314056
1357255
1401767
1447525
1495006
1543953
1594354
1646704
1700477
1755939
1813576
1872703
1933752
1997167
2062445
21048
21731
22422
23142
23915
24674
25436
26261
27109
28007
28952
29892
30865
31815
32769
33844
34955
36059
37258
38535
39795
41080
42440
43822
45256
46758
48281
49776
51369
52993
54798
56627
58468
60460
62398
64489
66694
68876
71189
73536
75971
78500
81037
83691
86437
89347
92247
95227
98440
101758
105064
108599
112101
115781
119515
123393
127394
131544
135946
140406
144991
149762
154633
159658
164780
170007
175568
181293
187047
193175
199423
206018
212850
219865
226967
234292
241949
249926
257973
266411
275241
284270
293524
303371
313451
323830
334477
345414
356623
368226
380268
392777
405583
418654
432452
446602
461116
476327
491705
507708
524432
541663
559429
577600
596696
616099
636196
657168
678484
700948
723773
747354
771787
796880
822883
849966
877820
906428
936116
966888
998462
1030955
1064635
1099347
1134749
1171976
1210561
1250211
1290904
1332972
1376831
1421908
1468365
1516284
1565869
1617008
1669589
1724321
1780923
1839893
1900048
1962338
2026429
20893
21578
22262
22993
23722
24462
25274
26092
26957
27784
28719
29684
30716
31707
32695
33813
34943
36092
37321
38476
39678
40986
42395
43753
45243
46739
48273
49845
51517
53307
55048
56896
58779
60690
62657
64765
66884
69045
71296
73624
76070
78547
81081
83709
86437
89174
92035
95062
98315
101643
105016
108441
111960
115747
119528
123372
127351
131482
135730
140216
144801
149582
154539
159695
164969
170376
175818
181625
187683
193965
200355
206705
213442
220375
227658
235179
242912
250917
259264
267806
276569
285568
295112
304778
314912
325224
335804
346892
358323
369974
382206
394868
407873
421288
435077
449460
464427
479594
495492
511726
528428
545842
563679
582101
601379
621026
641079
662470
684269
706633
729626
753269
778023
803765
830134
857334
885638
914955
945165
976082
1008142
1041020
1075318
1110576
1146560
1184160
1222918
1263049
1304632
1347482
1391462
1437015
1484328
1533268
1583385
1635307
1689115
1744234
1801670
1861364
1922589
1985383
2050468
21117
21795
22516
23219
23983
24754
25583
26430
27392
28305
29229
30181
31166
32108
33159
34244
35362
36444
37636
38909
40187
41539
42951
44348
45811
47227
48791
50330
52089
53789
55527
57414
59233
61145
63151
65195
67336
69531
71795
74211
76650
79110
81658
84384
87140
89980
92846
95879
99004
102258
105588
109139
112758
116441
120329
124282
128287
132615
136940
141410
146146
150959
155882
161057
166384
171964
177646
183357
189297
195466
201915
208598
215423
222480
229821
237569
245353
253321
261596
270185
279205
288398
297755
307558
317508
327941
338723
349981
361503
373316
385445
397866
410952
424776
438741
453246
468089
483447
499238
515555
532484
550084
568136
586772
606021
625990
646569
667762
689573
712010
735364
759784
784647
810421
836925
864751
893256
922580
952945
984400
1016719
1049838
1084365
1119880
1156555
1194524
1233619
1274075
1315972
1358850
1403423
1449382
1496740
1546273
1597163
1649294
1703765
1759766
1817958
1877644
1939403
2002758
20633
21326
22024
22760
23503
24274
25044
25852
26724
27599
28495
29457
30390
31394
32426
33438
34544
35760
36916
38146
39359
40669
41979
43378
44737
46212
47692
49265
50937
52629
54375
56253
58104
60012
62045
64056
66135
68286
70489
72772
75190
77645
80184
82821
85531
88340
91250
94294
97362
100500
103785
107186
110694
114329
118023
121866
125856
130140
134348
138691
143310
148012
152871
157847
162918
168403
174052
179821
185707
191782
198032
204633
211530
218325
225518
232932
240752
248533
256807
265260
274076
283112
292341
301996
311848
322035
332674
343551
354768
366450
378471
390850
403695
416895
430738
444908
459520
474649
490361
506639
523305
540746
558500
576815
595583
615023
635075
655827
677505
699969
722989
746782
771658
797017
823250
850341
878392
907601
937333
968300
1000256
1032833
1066686
1101814
1138083
1175664
1214353
1254430
1295759
1338249
1382383
1427735
1474551
1523011
1573545
1625299
1678438
1733444
1790570
1849541
1910607
1973758
2038927
21085
21784
22449
23181
23907
24659
25504
26310
27177
28019
29030
29985
30961
31982
32991
34084
35220
36404
37608
38890
40165
41486
42882
44362
45869
47409
48978
50579
52306
54062
55844
57709
59617
61559
63553
65748
67892
70176
72421
74861
77369
79875
82507
85261
88089
91003
93972
97065
100329
103591
106986
110634
114309
118173
122130
126126
130382
134747
139189
143810
148494
153392
158395
163596
168940
174526
180192
186193
192318
198699
205240
211954
218943
226301
233741
241457
249440
257462
265961
274676
283732
292918
302631
312637
322869
333539
344589
355808
367563
379804
392234
404966
418360
432222
446420
461070
476345
491836
508093
524865
542136
559955
578205
597428
617281
637681
658871
680569
702997
726375
750255
775009
800724
827025
854066
881903
910633
940329
971170
1003119
1035861
1070082
1105499
1141886
1179552
1218482
1258472
1300192
1343357
1387689
1433265
1480442
1529033
1579371
1631382
1685424
1740983
1798466
1857604
1918426
1982033
2047495
21041
21710
22402
23141
23909
24664
25467
26380
27262
28186
29074
30044
31043
32074
33106
34167
35310
36453
37653
38887
40158
41493
42837
44253
45674
47149
48793
50427
52072
53734
55478
57363
59233
61264
63278
65380
67522
69658
72044
74446
76881
79392
82116
84745
87508
90408
93361
96444
99678
103012
106419
109826
113449
117165
120953
124950
129154
133362
137877
142474
147193
151970
156955
162235
167564
173036
178776
184762
190851
197096
203472
210240
217161
224306
231633
239207
247069
255158
263515
272128
281020
290173
299745
309655
319945
330372
341220
352374
363804
375914
388453
401208
414554
428045
442150
456585
471653
487173
503349
519789
536833
554629
572774
591710
610996
631034
651904
673349
695780
718817
742363
767205
792406
818355
845278
873263
902020
931582
962242
993948
1026933
1060630
1095677
1131858
1169067
1207574
1247560
1288101
1330614
1374603
1419432
1466260
1514429
1564749
1615980
1669658
1724966
1781595
1840068
1900564
1963406
2028195
21052
21788
22492
23220
23949
24772
25595
26443
27326
28201
29181
30136
31154
32133
33179
34259
35340
36521
37706
38969
40231
41558
42959
44359
45821
47364
48933
50492
52170
53858
55625
57436
59378
61347
63369
65385
67504
69706
71975
74371
76863
79370
82030
84721
87519
90373
93378
96422
99585
102954
106459
109979
113633
117475
121347
125453
129569
133873
138284
142691
147385
152339
157424
162509
167812
173284
179067
185028
191144
197290
203851
210546
217527
224710
232076
239669
247440
255612
264009
272698
281663
290824
300409
310333
320673
331287
342183
353547
365238
377183
389624
402412
415601
429158
443135
457860
472877
488357
504592
521307
538285
555864
574284
593333
612762
632900
653421
674910
697179
720281
743991
768515
793707
820022
847056
874657
903362
933260
963791
995452
1028399
1062533
1097529
1133743
1171012
1209795
1250229
1291950
1334678
1378670
1424252
1471119
1519357
1569388
1621230
1674773
1730227
1786860
1845458
1905962
1968899
2033962
21115
21839
22586
23303
24068
24866
25666
26476
27413
28315
29241
30235
31245
32272
33264
34329
35454
36639
37850
39141
40420
41760
43180
44562
46034
47534
49142
50786
52463
54143
55874
57723
59631
61612
63689
65700
67823
70100
72371
74780
77272
79875
82583
85315
88146
91048
94014
97041
100244
103567
106931
110359
114063
117808
121740
125759
129874
134234
138619
143138
147919
152740
157829
162908
168223
173741
179407
185296
191473
197831
204498
211230
218116
225183
232673
240255
248134
256347
264728
273625
282664
292056
301734
311674
321926
332462
343358
354737
366343
378506
390932
404001
417374
431201
445313
460068
475068
490727
506765
523422
540632
558520
576872
595916
615473
635621
656659
678396
700769
723994
747807
772804
798106
824675
851751
879926
909047
939054
970009
1002098
1035006
1069431
1105066
1141282
1179006
1217996
1257959
1299476
1342204
1386448
1432224
1479498
1528462
1578665
1630599
1684431
1740063
1797797
1856948
1917831
1981069
2046265
21174
21870
22662
23425
24181
24973
25825
26692
27533
28406
29338
30295
31256
32266
33371
34516
35659
36860
37983
39227
40573
41918
43322
44770
46209
47725
49279
50977
52695
54438
56258
58135
60037
62001
64033
66177
68381
70588
72801
75209
77701
80214
82885
85695
88409
91377
94434
97412
100597
103834
107218
110720
114468
118150
122014
126017
130042
134359
138721
143366
148004
152889
157864
163126
168467
174066
179855
185781
192011
198281
204709
211488
218630
225724
233126
241007
248851
256853
265181
273986
283000
292156
301798
311733
321927
332433
343578
354797
366471
378626
391240
404167
417430
431047
445200
459945
474889
490584
506797
523351
540750
558580
577179
596009
615831
636128
657047
678693
700982
724196
747848
772476
797895
824293
851506
879685
908736
938769
970026
1002215
1035025
1069277
1104513
1141087
1178849
1217701
1258082
1299545
1342387
1386530
1431949
1479150
1527677
1578088
1630108
1683926
1739203
1795779
1854948
1915880
1978574
2043895
21431
22142
22905
23631
24401
25245
26043
26920
27830
28744
29687
30643
31627
32683
33738
34849
36016
37120
38425
39735
41031
42322
43701
45139
46625
48162
49708
51342
53063
54784
56630
58470
60339
62289
64316
66421
68568
70817
73103
75519
77997
80577
83200
86015
88774
91654
94627
97743
100912
104222
107650
111255
114906
118737
122694
126648
130795
135117
139567
144201
148941
153843
158895
164116
169442
174967
180757
186607
192793
199219
206006
212783
219861
227201
234607
242265
250240
258469
266897
275796
284856
294232
304010
314109
324512
335133
346088
357479
369417
381572
394247
407230
420561
434526
448940
463653
478883
494883
511167
528222
545713
563648
582277
601551
621569
642031
663114
685069
707623
730617
754911
779914
805433
831870
859271
887617
916825
946864
978076
1010320
1043156
1077290
1112702
1149078
1187069
1226161
1266722
1308497
1351764
1396140
1442276
1489688
1538856
1589618
1642108
1696005
1751586
1809503
1869073
1930499
1994062
2059522
21334
22029
22669
23388
24164
24933
25749
26605
27454
28354
29311
30294
31282
32362
33389
34485
35626
36799
37986
39237
40500
41852
43242
44659
46118
47700
49244
50896
52636
54429
56187
58006
59906
61880
63929
66036
68194
70394
72722
75140
77627
80227
82830
85533
88342
91295
94320
97431
100622
103954
107306
110875
114626
118432
122259
126200
130341
134668
139088
143744
148469
153200
158197
163413
168840
174436
180198
186084
192152
198470
205073
211863
218828
226108
233607
241290
249210
257555
266053
274835
283872
293201
302850
312919
323391
334132
345185
356470
368246
380403
393051
406064
419699
433613
448020
462699
478093
494061
510655
527359
544835
562595
581313
600841
620661
641199
662187
683935
706463
730171
754295
778993
804491
831124
858409
