102648
105355
108168
111035
113951
117047
120188
123426
126649
129976
133428
136976
140641
144365
148236
152148
156180
160333
164588
168976
173488
178224
183038
187854
192961
198167
203521
208941
214555
220312
226248
232232
238441
244821
251533
258192
265141
272258
279638
287093
294860
302705
310887
319390
327988
336850
345967
355306
364848
374841
384931
395359
406064
417198
428641
440315
452290
464520
477019
490065
503329
516937
531036
545504
560405
575532
591313
607402
624034
641307
658837
676737
695352
714104
733573
753680
774296
795281
816868
839018
862085
885857
910164
935311
961084
987643
1014686
1042419
1071039
1100495
1131088
1162315
1194167
1226895
1260625
1295446
1330962
1367489
1405482
1444095
1484034
1525208
1567398
1610865
1655598
1701205
1748342
1796694
1846640
1897853
1949842
2004110
20804
21334
21882
22516
23148
23805
24440
25155
25880
26585
27294
28043
28859
29630
30430
31317
32212
33110
34022
35011
35993
36972
38028
39047
40141
41213
42397
43508
44744
46045
47320
48643
50017
51451
52888
54333
55825
57393
59001
60624
62344
64053
65833
67722
69648
71597
73651
75767
77865
80099
82314
84670
87085
89535
92023
94620
97317
100101
103023
105853
108749
111865
115017
118302
121643
125077
128608
132219
136025
139815
143658
147734
151917
156122
160636
165270
169941
174644
179670
184853
190131
195574
201161
206749
212718
218876
225054
231435
238037
244832
251841
259154
266586
274116
282046
290281
298568
306978
315641
324708
333945
343558
353408
363461
373713
384445
395442
406814
418628
430574
443076
455696
468859
482427
496415
510694
525407
540549
556199
572391
588950
605775
623027
641007
659306
678420
698060
718164
738767
760202
782394
805098
828205
852293
876780
902470
928532
955332
982995
1011248
1040908
1070921
1101961
1134327
1167245
1200740
1235855
1271739
1308679
1346823
1385946
1425660
1466821
1509639
1553607
1598759
1645044
1693063
1742089
1792512
1844504
1898006
1953501
2010434
20603
21195
21808
22439
23053
23719
24435
25189
25925
26660
27470
28295
29132
29955
30839
31714
32604
33589
34576
35566
36581
37647
38773
39857
41054
42202
43455
44689
46062
47414
48784
50221
51741
53216
54768
56372
57990
59706
61444
63312
65239
67076
69043
71088
73189
75370
77607
79842
82166
84589
87099
89612
92218
94934
97678
100613
103500
106472
109692
112961
116297
119681
123242
126957
130680
134552
138548
142688
147093
151569
156055
160789
165480
170462
175466
180593
185968
191550
197277
203133
209310
215596
221950
228621
235414
242465
249647
257204
264852
272732
280904
289258
297912
306685
315677
325108
334777
344778
355108
365644
376556
387738
399217
411056
423193
435645
448698
462073
475900
490101
504787
520029
535693
551691
568221
585051
602502
620693
639324
658204
677930
698241
719200
740527
762700
785443
808893
833088
858161
883731
910226
937504
965385
994243
1023896
1054822
1086702
1119365
1152990
1187727
1223327
1260029
1297879
1336799
1377270
1418905
1461669
1505471
1550966
1596983
1644739
1694179
1745059
1798231
1852521
1908269
1965668
2025195
21156
21803
22424
23086
23769
24462
25181
25963
26745
27544
28369
29176
30040
30930
31865
32775
33778
34812
35928
37036
38181
39399
40556
41834
43093
44391
45711
47124
48564
50088
51561
53098
54716
56430
58086
59830
61645
63449
65441
67378
69436
71570
73774
76013
78295
80665
83118
85610
88219
90894
93663
96481
99430
102400
105580
108928
112369
115804
119311
122876
126638
130507
134512
138691
142887
147263
151725
156280
161059
166114
171151
176299
181640
187205
192929
198720
204750
211163
217718
224326
231161
238334
245427
252889
260625
268627
276832
285349
294154
303024
312356
321983
331913
341999
352584
363391
374588
386115
398144
410253
422801
435876
449186
462696
476940
491658
506876
522588
538640
555053
572054
589611
608045
626748
646103
665958
686299
707398
729205
751734
774861
798794
823631
848881
874850
901907
929681
958357
987598
1018058
1049623
1082198
1115732
1149979
1185385
1221995
1259710
1298655
1338736
1380076
1422580
1466319
1511314
1558158
1606252
1656244
1707582
1760268
1814471
1870544
1928462
1988494
2049917
20983
21705
22369
23081
23808
24561
25345
26101
26878
27725
28582
29488
30361
31278
32268
33319
34327
35388
36531
37648
38773
39972
41213
42499
43778
45101
46514
48000
49554
51141
52753
54397
56127
57949
59779
61664
63514
65423
67506
69768
71952
74229
76531
78972
81378
83876
86430
89105
91874
94678
97598
100578
103786
106990
110428
113980
117495
121099
124919
128780
132824
136991
141128
145461
150101
154883
159761
164797
169969
175261
180641
186324
192246
198300
204480
210817
217480
224304
231305
238754
246156
253891
261843
270000
278384
287105
295977
305338
314963
324911
335051
345634
356468
367874
379298
391086
403312
415907
429145
442671
456661
470848
485522
500785
516551
532957
549576
566797
584334
602703
621593
640960
661188
682162
703304
725320
748042
771399
795360
820289
845997
872376
899821
928141
957236
987106
1018144
1049930
1083083
1117388
1152559
1188443
1226101
1264866
1304938
1345549
1388216
1431802
1476808
1523181
1570866
1620007
1671285
1723732
1777496
1833504
1891452
1950996
2012143
20677
21348
22003
22668
23369
24165
24934
25724
26548
27387
28230
29145
30064
31016
31991
32961
34085
35146
36229
37307
38441
39595
40870
42212
43531
44891
46242
47678
49153
50661
52213
53826
55570
57337
59113
60975
62940
64912
66942
68981
71111
73372
75714
78102
80609
83108
85846
88581
91428
94245
97182
100236
103413
106692
110179
113668
117305
120985
124701
128555
132707
136974
141252
145781
150411
155173
160108
165098
170288
175665
181249
186977
192941
199005
205313
211925
218642
225529
232584
239955
247465
255426
263688
272006
280767
289548
298746
308149
318075
328148
338517
349277
360230
371680
383466
395731
408304
421374
434632
448391
462525
477052
492132
507705
523818
540679
557942
575906
594196
613230
632614
652888
673705
695273
717332
740269
763694
787815
812506
838123
864833
892103
920705
949919
980163
1011643
1043937
1077105
1111673
1146998
1183872
1221964
1261089
1301393
1342722
1385146
1429367
1474777
1521578
1569975
1620026
1671459
1724995
1779764
1836668
1895260
1955607
2018253
20969
21622
22249
22972
23693
24448
25284
26088
26944
27793
28657
29585
30586
31546
32528
33580
34681
35758
36900
38135
39317
40534
41789
43126
44548
45948
47377
48884
50436
52050
53670
55440
57308
59202
61116
63096
65115
67252
69378
71614
73816
76075
78496
81008
83527
86162
88877
91699
94606
97645
100785
104001
107277
110748
114263
117884
121753
125598
129542
133676
138005
142496
147187
151723
156695
161727
166879
172140
177514
183121
189007
194989
201334
208003
214791
221532
228551
235841
243453
251196
259112
267455
275935
284862
293942
303570
313210
323123
333349
344088
355101
366371
378292
390408
402985
415858
429321
443216
457304
471963
487104
502646
518762
535250
552563
570359
588581
607542
627072
647136
668077
689473
711703
734493
757900
782318
807445
833372
860302
888175
916486
946256
976396
1007845
1039977
1073404
1107557
1143446
1180169
1217819
1257013
1297292
1338390
1381441
1425540
1471589
1518974
1567880
1618141
1670285
1724171
1779317
1836719
1895697
1956653
2019056
20714
21417
22103
22873
23627
24357
25123
25949
26741
27637
28516
29478
30417
31432
32461
33483
34541
35664
36794
37989
39210
40498
41808
43097
44523
45986
47475
48947
50494
52099
53794
55558
57418
59203
61123
63034
65031
67226
69306
71488
73840
76239
78667
81170
83836
86497
89278
92194
95129
98180
101348
104704
108082
111531
115179
118964
122794
126760
130805
135078
139391
143890
148457
153279
158298
163328
168470
173948
179420
185192
191225
197330
203741
210328
217149
224190
231595
239046
246696
254560
262611
271123
279969
289096
298506
308240
318241
328716
339530
350464
361726
373303
385586
398008
410918
424110
437516
451479
465885
480916
496477
512589
529102
546080
563667
581948
600713
620420
640383
661044
682367
704277
727336
750865
775222
800393
826471
853278
880834
909435
938516
968980
1000814
1033195
1066485
1100951
1136388
1172924
1211134
1250115
1290293
1331941
1375417
1420158
1465901
1513393
1562287
1613100
1665094
1719110
1774514
1832064
1891306
1952693
2016029
20820
21484
22161
22826
23602
24371
25160
25973
26788
27659
28571
29498
30460
31422
32417
33452
34532
35629
36787
37975
39224
40475
41824
43153
44481
45910
47380
48888
50458
52046
53744
55476
57311
59233
61126
63053
65140
67195
69418
71577
73923
76417
78921
81483
84138
86929
89782
92732
95701
98853
102068
105314
108775
112272
115963
119778
123659
127768
132068
136388
140814
145376
150078
154974
159902
165156
170485
175878
181641
187470
193590
199839
206494
213215
220157
227334
234611
242313
250103
258136
266437
274970
283736
292846
302235
312041
322007
332539
343430
354745
366234
378165
390211
402913
416227
429920
443870
458128
472942
488407
504252
520618
537437
555049
573113
591913
611206
631084
651569
672859
694500
716958
740330
764732
789717
815685
842527
869715
898105
927421
957403
988655
1020583
1053750
1087706
1123277
1159817
1197608
1236274
1276754
1318257
1361281
1405723
1451713
1498838
1547896
1598640
1650682
1704777
1760615
1817682
1876647
1938198
2001206
20752
21424
22160
22897
23667
24467
25277
26080
26952
27881
28813
29665
30667
31686
32689
33820
34887
36048
37175
38318
39644
40902
42181
43534
44954
46471
47993
49554
51260
52902
54638
56371
58241
60147
62069
64096
66216
68373
70595
72773
75166
77659
80172
82796
85490
88167
90951
93844
96892
99955
103190
106577
110091
113604
117387
121092
124971
129069
133322
137618
142067
146792
151536
156487
161559
166850
172451
178016
183942
189816
196052
202435
209054
215998
222958
230178
237683
245385
253582
261661
270094
279074
288149
297513
307226
317241
327639
338451
349439
360857
372604
384675
397125
410157
423509
437484
451948
466689
481949
497568
513523
530198
547618
565502
583975
602942
622605
642958
663951
685810
708332
731684
755702
780407
805944
832209
859252
887258
916158
946048
976914
1008677
1041732
1075798
1111065
1147269
1184608
1222936
1262836
1304532
1347216
1391090
1436270
1482867
1531303
1581498
1633062
1686100
1740861
1798054
1856862
1917495
1979429
2043827
21061
21762
22502
23253
24013
24763
25538
26343
27211
28110
29019
29923
30899
31872
32840
33888
35017
36235
37421
38658
39983
41278
42645
44093
45511
46996
48546
50247
51881
53677
55404
57199
59112
61117
63110
65173
67236
69420
71711
74049
76526
79103
81663
84235
87092
89959
92897
96022
99212
102510
105856
109292
112875
116524
120299
124303
128427
132594
136858
141271
145846
150548
155510
160600
165757
171156
176875
182592
188530
194755
201139
207709
214464
221436
228840
236409
244118
252102
260400
268858
277582
286514
295878
305432
315514
325840
336269
347370
358642
370412
382588
395050
407986
421350
435297
449340
464191
479126
494713
510799
527508
544582
562386
580836
599827
619510
640022
660995
682387
704616
727697
751333
775789
801015
827052
854205
881940
910916
941055
971686
1003201
1036158
1069819
1104928
1141129
1178262
1217155
1257270
1298257
1340415
1384267
1429289
1476356
1524508
1574049
1625686
1679028
1733792
1790412
1848737
1909274
1971356
2035377
21121
21799
22481
23233
24023
24792
25627
26464
27359
28253
29178
30170
31113
32148
33174
34279
35421
36513
37705
38968
40246
41533
42901
44321
45786
47340
48870
50488
52175
53852
55649
57477
59380
61321
63355
65472
67663
69785
72041
74401
76789
79281
81882
84531
87298
90221
93118
96117
99223
102392
105781
109265
112814
116480
120257
124126
128122
132406
136778
141079
145651
150440
155341
160410
165762
171233
176812
182732
188734
195020
201320
207840
214539
221600
228756
236297
244128
252011
260305
268913
277781
286776
296057
305849
315674
326013
336723
347757
359124
370883
383071
395623
408674
421868
435588
449613
464368
479563
495190
511550
528045
545405
563468
581877
601065
621003
641401
662342
683975
706241
729503
753619
778366
804094
830370
857484
885611
914800
944791
975900
1007581
1040792
1074949
1110013
1146621
1184196
1222988
1263297
1304277
1347080
1391151
1436487
1483724
1532323
1582551
1634249
1688032
1743626
1800912
1860266
1921157
1984017
2048525
21307
22033
22733
23469
24245
25056
25851
26696
27593
28436
29315
30311
31323
32317
33414
34477
35633
36817
38008
39294
40555
41858
43253
44633
46087
47616
49177
50825
52483
54211
55896
57749
59604
61490
63542
65608
67703
69882
72204
74549
77052
79605
82245
84945
87706
90578
93506
96433
99667
102837
106230
109714
113394
117212
121127
125070
129212
133351
137735
142267
146929
151787
156725
161845
167188
172676
178349
184296
190439
196730
203352
210058
217053
224145
231576
239082
246910
255058
263430
272119
280980
290096
299501
309352
319349
329750
340636
351719
363180
375105
387305
400178
413340
426944
440971
455480
470340
485602
501471
517938
535035
552487
570407
588975
608453
628174
648602
670084
692083
714634
737950
762122
786920
812997
839480
867123
895791
925169
955258
986695
1019233
1052591
1087255
1122916
1159524
1197620
1236498
1277260
1319530
1362581
1407587
1453812
1501555
1550905
1601873
1653945
1708314
1764300
1821983
1881614
1943162
2006578
20756
21425
22168
22853
23578
24374
25147
25976
26890
27746
28631
29610
30606
31583
32566
33670
34823
36006
37174
38378
39620
40972
42329
43639
45072
46508
48020
49546
51199
52901
54638
56385
58185
60091
62055
64041
66089
68265
70513
72804
75200
77528
80083
82759
85513
88320
91173
94175
97296
100439
103693
107038
110617
114227
117951
121771
125824
129958
134141
138540
143154
147846
152733
157719
162926
168275
173793
179592
185551
191712
198032
204505
211318
218296
225333
232595
240236
248184
256341
264582
273371
282312
291719
301261
311164
321370
331907
343037
354237
365741
377829
390330
403141
416598
430145
444204
458999
473899
489510
505610
522316
539475
557202
575504
594510
614304
634633
655427
677027
699172
721985
745878
770498
795764
821678
848742
876520
905380
935301
966201
998228
1031099
1064856
1099993
1135889
1173183
1211726
1251166
1292313
1335209
1379114
1424503
1471526
1520084
1570018
1621567
1674966
1729609
1786576
1844832
1905438
1968036
2032883
21060
21777
22510
23252
24029
24786
25605
26450
27308
28206
29151
30130
31100
32184
33251
34408
35541
36685
37889
39107
40437
41747
43047
44506
46061
47545
49151
50713
52415
54148
55955
57818
59673
61623
63662
65774
67937
70188
72499
74861
77418
79938
82500
85275
88024
90985
93963
97096
100326
103606
106999
110363
113909
117651
121446
125441
129699
134013
138547
143227
148002
152894
157965
163169
168581
174164
179863
185901
192120
198502
204910
211547
218481
225690
233138
240810
248875
257235
265557
274141
283113
292453
302155
312060
322233
332665
343729
355089
366687
378706
390940
403783
417167
430993
445307
459960
475017
490599
506763
523340
540528
558307
576787
595811
615513
635782
656605
678492
700658
723626
747442
771969
797420
823698
850545
878385
907185
936960
967923
999788
1032394
1066259
1101159
1137500
1174812
1213625
1253553
1294690
1337065
1380809
1426021
1472998
1521488
1571398
1623374
1676878
1732022
1788818
1847773
1908419
1971253
2035905
21263
21947
22662
23391
24158
24942
25707
26556
27467
28333
29266
30175
31190
32220
33294
34370
35440
36605
37789
39043
40371
41722
43189
44645
46118
47627
49204
50846
52435
54176
55978
57812
59711
61737
63808
65857
68063
70279
72588
74984
77432
80009
82685
85440
88299
91159
94141
97249
100480
103838
107202
110764
114447
118206
122082
126150
130397
134703
139128
143637
148444
153381
158413
163603
168854
174353
179994
185844
191952
198197
204821
211612
218595
225733
233081
240749
248684
256829
265298
274168
283051
292243
301791
311746
322117
332785
343824
355155
366841
378768
391165
403991
417267
430905
445309
460058
475130
490791
507170
523708
540918
558958
577518
596282
615786
636118
656961
678698
700800
724179
748164
772769
798457
824606
851676
879551
908301
938230
969249
1001201
1034276
1068295
1103543
1139893
1177313
1216237
1256154
1297437
1340112
1384277
1429901
1476862
1525441
1575095
1627130
1680650
1735761
1792673
1851498
1912553
1975520
2040656
20933
21671
22366
23063
23796
24596
25384
26253
27146
27961
28920
29851
30833
31844
32820
33889
34997
36177
37373
38618
39903
41253
42578
44002
45400
46852
48417
49986
51543
53333
55062
56836
58662
60485
62500
64609
66805
69017
71307
73713
76102
78620
81217
83857
86563
89422
92421
95477
98655
101937
105247
108744
112376
116092
119962
123922
127899
132092
136363
140782
145494
150239
155074
160236
165581
170810
176453
182249
188428
194640
200911
207527
214411
221474
228739
236288
244046
252113
260343
268784
277629
286816
296180
305819
315828
326334
336879
347847
359276
370985
383050
395976
408915
422502
436605
450939
465774
481184
497082
513319
530300
547764
565777
584205
603360
623091
643473
665003
687016
709690
732783
756894
781701
807383
834116
861312
889840
918859
949007
979999
1012429
1045693
1079788
1115220
1152358
1190110
1229176
1269694
1311693
1354706
1399229
1445314
1492777
1542190
1592831
1645222
1699576
1755650
1813771
1873318
1935128
1998809
2064715
21397
22084
22825
23593
24337
25187
26061
26941
27844
28676
29632
30600
31575
32651
33794
34935
36048
37262
38498
39773
41024
42381
43767
45200
46668
48190
49841
51477
53186
54908
56735
58558
60577
62488
64555
66738
68907
71098
73384
75872
78454
80999
83661
86340
89278
92195
95093
98094
101332
104646
108088
111678
115365
119124
123078
127036
131271
135619
140027
144609
149385
154318
159518
164791
170263
175894
181500
187356
193473
199867
206407
213220
220082
227238
234718
242424
250420
258491
267049
275893
285217
294672
304383
314486
324918
335434
346490
357899
369576
381623
394215
407160
420528
434506
448873
463483
478931
494619
510820
527691
545059
562843
581340
600518
620389
640693
661878
683791
706616
729761
753735
778625
804472
831180
858455
886760
915686
946136
977558
1009879
1043473
1077515
1112888
1149470
1186915
1226051
1266804
1308551
1351622
1396126
1441946
1489412
1538384
1588897
1641115
1694937
1750965
1808699
1868036
1929439
1993363
2059008
21192
21896
22581
23348
24139
24946
25735
26581
27486
28344
29291
30221
31232
32306
33369
34459
35572
36768
37961
39241
40570
41895
43319
44776
46195
47717
49247
50771
52499
54262
56136
57943
59826
61765
63785
65916
68155
70437
72724
75140
77533
80102
82847
85700
88484
91392
94371
97501
100674
103917
107376
110807
114399
118204
122035
126056
130184
134436
138883
143457
148098
152863
157796
162963
168243
173735
179542
185369
191364
197509
204095
210850
217820
225001
232355
239979
247784
255945
264626
273422
282591
291935
301597
311497
321739
332303
343346
354654
366354
378480
390951
403930
417358
430992
445363
459968
475286
491065
507393
524059
541149
558747
577037
595819
615329
635730
656836
678577
701061
724160
748053
772721
798152
824185
851400
879341
907837
937604
968200
1000154
1032908
1066612
1101772
1138173
1175593
1213958
1254151
1295628
1338378
1382496
1428380
1475485
1524201
1574160
1625842
1679631
1734919
1792139
1850865
1911872
1974932
2039631
21013
21682
22440
23216
23958
24708
25491
26328
27209
28089
29019
29914
30912
31998
33076
34205
35337
36489
37652
38871
40112
41454
42850
44307
45761
47291
48830
50448
52141
53855
55698
57537
59436
61486
63496
65501
67707
69915
72191
74567
77026
79551
82154
84924
87662
90624
93622
96701
99991
103272
106642
110117
113711
117466
121333
125434
129477
133657
138033
142631
147319
152292
157282
162340
167767
173107
178769
184652
190759
197101
203607
210320
217325
224555
232024
239602
247493
255524
263935
272754
281849
291105
300664
310536
320822
331491
342485
353718
365393
377640
389809
402443
415844
429519
443666
458317
473519
489104
505233
521943
539208
557203
575668
594663
614252
634604
655332
676849
698901
721934
745795
770285
795591
821705
848457
876565
905426
935284
966054
998007
1031025
1064463
1099613
1136278
1173572
1212210
1252296
1293458
1335841
1380488
1425919
1472971
1521651
1572096
1624027
1677518
1732842
1789620
1848570
1909636
1972683
2037278
20737
21416
22080
22792
23588
24354
25159
26032
26879
27762
28696
29611
30597
31627
32661
33730
34823
35958
37178
38367
39649
40995
42385
43809
45255
46745
48225
49798
51458
53139
54902
56782
58645
60600
62545
64682
66833
69085
71366
73663
76119
78588
81188
83862
86583
89456
92380
95398
98527
101721
105180
108704
112161
115829
119764
123672
127843
132110
136260
140793
145339
150179
155110
160209
165564
171031
176648
182418
188538
194710
201239
207746
214546
221633
228660
236192
243978
251820
260097
268644
277583
286858
296455
306304
316461
326767
337395
348374
359913
371858
384101
396802
409765
423059
436917
451350
466189
481642
497525
514093
531010
548425
566328
584899
604152
624214
644505
665546
687385
710104
733454
757572
782473
