102327
104824
107436
110084
112774
115565
118374
121253
124219
127233
130396
133651
136926
140266
143706
147191
150807
154507
158293
162155
166177
170292
174480
178833
183151
187609
192367
197199
202131
207129
212300
217591
223005
228480
234192
239913
245922
252065
258293
264634
271075
277820
284752
291742
298944
306360
313983
321752
329775
337935
346333
354934
363774
372785
382203
391692
401403
411242
421332
431823
442577
453670
464970
476610
488421
500717
513322
526060
539123
552618
566481
580635
595189
610263
625420
641134
657205
673590
690525
707725
725368
743370
762006
781162
800767
821236
842099
863310
885237
907466
930278
953848
977859
1002311
1027574
1053389
1080028
1107331
1135329
1164008
1193401
1223670
1254588
1286427
1319296
1352473
1386433
1421198
1456908
1493783
1531829
1570742
1610646
1651423
1693594
1736618
1780705
1826126
1872391
1919912
1969177
2019807
20734
21292
21831
22367
22924
23511
24067
24690
25309
25983
26681
27357
28033
28760
29469
30198
30994
31778
32560
33361
34217
35102
35976
36919
37839
38848
39856
40833
41879
42915
44035
45153
46330
47523
48720
49961
51314
52666
54045
55419
56794
58282
59778
61302
62912
64515
66159
67741
69496
71194
73046
75024
76960
79024
81048
83141
85305
87578
89850
92142
94532
96925
99508
102173
104827
107536
110388
113204
116222
119256
122382
125605
128876
132281
135695
139323
143049
146782
150618
154564
158571
162646
166891
171326
175748
180282
185060
189990
195049
200112
205523
211028
216479
222182
228139
234137
240319
246678
253293
259897
266841
274041
281238
288671
296408
304191
312173
320388
328953
337586
346446
355686
364980
374612
384581
394674
405209
416068
427036
438425
449974
461685
473800
486189
499187
512512
526121
539975
554333
569234
584289
600005
616196
632607
649452
666818
684585
702675
721502
740736
760542
780866
801609
822970
844831
867635
890862
914432
938919
963966
989937
1016760
1043870
1071822
1100627
1130137
1160496
1191608
1223897
1256745
1290410
1325024
1360607
1397448
1434999
1473504
1513245
1553946
1595870
1638679
1682862
1728144
1774787
1822841
1871916
1922423
1974330
2027839
20930
21493
22083
22681
23320
23970
24614
25276
25931
26632
27370
28085
28803
29584
30375
31185
32020
32880
33807
34740
35656
36639
37667
38709
39756
40822
41956
43126
44265
45404
46641
47886
49153
50505
51854
53294
54743
56223
57736
59301
60973
62593
64287
66055
67809
69633
71525
73388
75438
77442
79508
81706
84015
86346
88719
91157
93713
96358
98979
101696
104532
107358
110199
113173
116258
119395
122626
126114
129555
133081
136799
140662
144560
148554
152630
156666
160956
165398
169996
174763
179529
184493
189616
194782
200066
205582
211229
217002
222873
228859
235223
241746
248386
255216
262209
269479
276904
284708
292645
300744
308948
317398
326164
335212
344443
353890
363727
373717
384106
394583
405600
416896
428505
440367
452587
465109
477914
491231
504873
518602
533050
547911
563316
579060
594894
611412
628508
645857
663722
682212
701437
721066
741014
761889
782981
804961
827481
850292
873769
898379
923194
949138
975420
1002585
1030421
1059056
1088542
1118801
1149952
1182014
1214906
1248558
1283488
1319359
1356459
1394647
1433820
1473157
1514247
1556452
1600059
1644739
1690832
1738543
1787139
1837325
1888615
1941248
1995988
2051853
21109
21681
22268
22922
23526
24184
24859
25562
26267
26992
27761
28579
29424
30278
31074
31920
32765
33739
34667
35616
36635
37675
38700
39817
41025
42130
43296
44472
45680
46990
48312
49670
51030
52536
53988
55561
57124
58773
60407
62174
63976
65794
67627
69552
71464
73596
75633
77724
79959
82201
84508
86785
89292
91915
94535
97150
99847
102630
105563
108494
111611
114858
118083
121455
124943
128487
132040
135828
139526
143417
147373
151581
155984
160413
165039
169740
174569
179572
184597
189731
195132
200784
206320
212291
218284
224512
230873
237416
244229
251247
258371
265726
273199
281032
288928
297214
305664
314269
323215
332466
342003
351723
361718
372039
382570
393345
404448
416041
427769
439908
452501
465222
478501
492140
506160
520511
535534
550523
566512
582824
599438
616392
633903
652051
670603
689548
709351
729562
750193
771755
794101
816910
840086
863793
888505
913974
940165
967126
994851
1023376
1052778
1082885
1114071
1146054
1179199
1212781
1247427
1283374
1320535
1358355
1397276
1436927
1478358
1520711
1564035
1608951
1655718
1702851
1751922
1802040
1854022
1907493
1962212
2018420
20413
20983
21580
22208
22844
23500
24157
24864
25582
26277
27056
27823
28619
29464
30351
31225
32108
33002
33922
34926
35935
36998
38040
39103
40202
41369
42543
43811
45070
46383
47646
48982
50436
51910
53457
55023
56593
58245
59892
61585
63353
65098
67037
68871
70855
72872
74958
77116
79323
81584
83930
86294
88722
91281
93884
96627
99507
102485
105387
108520
111707
115035
118388
121877
125420
129004
132796
136587
140574
144618
148847
153139
157511
162103
166753
171465
176435
181570
186697
192031
197589
203378
209472
215502
221754
228094
234821
241649
248761
256067
263620
271248
279144
287230
295632
304415
313179
322419
331727
341375
351320
361465
371834
382772
393733
405244
416981
429009
441322
454290
467371
481001
495018
509416
523878
539194
555089
571307
587813
604947
622729
640857
659486
678640
698342
718655
739677
761467
783716
806745
830073
854529
879507
905076
931751
958950
987057
1016074
1045904
1076583
1108200
1140397
1173483
1207409
1242926
1278993
1316463
1355006
1394333
1435046
1477443
1520399
1564876
1610408
1657085
1705828
1755788
1806820
1859540
1914028
1970528
2028025
20778
21425
22064
22732
23413
24121
24822
25552
26347
27090
27908
28708
29541
30384
31267
32161
33094
34043
35038
36037
37109
38169
39275
40405
41534
42736
44016
45276
46584
47979
49420
50932
52362
53909
55554
57211
58939
60767
62547
64409
66369
68294
70278
72390
74530
76730
78908
81214
83656
86136
88747
91374
94074
96828
99558
102456
105540
108587
111811
115149
118484
121837
125427
129238
133019
136966
141079
145298
149635
154006
158457
162978
167803
172760
177926
183183
188678
194263
200163
206272
212319
218587
225073
231644
238571
245574
252695
260142
267880
275641
283749
292092
300646
309597
318721
328137
337696
347580
357880
368394
379433
390556
402090
413836
426128
438737
451675
465142
478800
493171
507595
522518
537728
553607
570006
587177
604349
622281
640818
659926
679532
699311
720129
741244
763054
785810
809036
832792
857588
882994
909071
936270
963892
992221
1021492
1051655
1082963
1115061
1148021
1182165
1217312
1253298
1290377
1328291
1367343
1408102
1449554
1492215
1536473
1581825
1628752
1676939
1726401
1777464
1830260
1884741
1940843
1998351
2058099
21290
21917
22549
23182
23917
24626
25348
26084
26866
27711
28516
29304
30187
31076
32005
32926
33896
34890
35956
37040
38106
39198
40328
41477
42704
43960
45238
46631
48051
49530
50941
52416
54007
55596
57258
58943
60668
62470
64307
66230
68144
70131
72225
74372
76693
79033
81353
83792
86297
88795
91454
94132
96946
99765
102768
105724
108908
112099
115396
118834
122360
125932
129614
133571
137475
141626
145810
150061
154463
159030
163836
168904
174045
179307
184669
190072
195798
201763
207857
214105
220373
226969
233615
240558
247818
255144
262661
270547
278709
286945
295449
304238
313199
322532
332148
341933
351981
362507
373349
384556
396306
408186
420445
433182
445850
459342
473012
487025
501536
516353
531728
547692
563990
580757
598187
615967
634136
653085
672601
692717
713466
734745
756772
779453
802790
826611
851479
876879
903375
930319
958096
986693
1016163
1046396
1077501
1109547
1142688
1176967
1211737
1247782
1284842
1323540
1362995
1403824
1445996
1489252
1533457
1579260
1626650
1674650
1724820
1776700
1829716
1884571
1940471
1998316
2058082
21078
21709
22265
22927
23623
24389
25099
25852
26650
27434
28215
29119
30021
30922
31849
32802
33735
34788
35845
36916
38070
39199
40347
41518
42749
44002
45324
46681
48070
49430
50925
52453
54031
55621
57345
59053
60716
62538
64449
66245
68168
70142
72252
74409
76609
78958
81372
83783
86282
88870
91549
94230
97048
99988
102977
106026
109202
112488
115859
119326
122860
126571
130339
134242
138201
142398
146596
150983
155503
160187
164933
169926
174952
180118
185542
191124
196906
202765
208872
215016
221395
227932
234858
241764
248992
256348
263973
271953
280100
288482
296940
305875
315187
324640
334324
344444
354838
365671
376647
387983
399527
411335
423795
436669
449772
463363
477178
491309
506002
521279
536845
552803
569222
586554
604200
622404
641301
660543
680497
700931
721870
743646
765996
788960
812548
837237
862119
888159
915079
942887
971114
1000554
1030643
1061567
1093669
1126272
1159733
1194836
1230848
1267702
1305621
1345036
1385609
1427236
1470101
1514051
1559508
1606541
1655133
1704824
1756166
1808462
1863291
1919321
1977024
2036314
21026
21659
22288
22923
23613
24334
25123
25900
26660
27460
28277
29138
30033
30917
31831
32793
33764
34729
35812
36936
38095
39247
40433
41727
43007
44260
45553
46992
48384
49882
51338
52847
54383
55969
57665
59427
61232
63142
65060
67001
69058
71120
73248
75458
77737
80114
82496
85042
87701
90280
93005
95804
98658
101618
104725
107828
110946
114332
117746
121334
125021
128663
132601
136578
140596
144807
149030
153411
158037
162802
167649
172748
177988
183484
189016
194646
200431
206557
212746
219046
225556
232403
239241
246462
253958
261672
269636
277709
286026
294598
303553
312774
322187
331816
341625
351790
362391
373215
384322
395920
408033
420211
432790
445680
458873
472653
486814
501729
516784
532451
548455
564873
582021
599364
617331
635891
655050
675200
695616
716658
738221
760290
783424
806918
831473
856618
882314
908922
936446
964610
993689
1023607
1054603
1086293
1119230
1153036
1187689
1223630
1260760
1298624
1337486
1378068
1419758
1463007
1506994
1552427
1599646
1648375
1698117
1749445
1801829
1856436
1912479
1970392
2029806
20764
21361
22031
22659
23354
24045
24753
25527
26282
27076
27854
28767
29624
30545
31501
32378
33377
34374
35373
36486
37541
38705
39911
41139
42402
43708
45040
46361
47742
49145
50580
52045
53579
55250
56872
58575
60393
62218
64022
65948
67886
69964
72024
74221
76490
78847
81218
83626
86113
88660
91455
94227
97005
99994
102999
106085
109316
112650
116029
119574
123184
126711
130484
134419
138474
142671
147035
151430
155972
160731
165614
170623
175814
181025
186360
191990
197852
203860
210020
216267
222610
229372
236273
243391
250759
258341
266170
274280
282532
291134
299820
308806
318207
327790
337820
347811
358222
368981
380013
391506
403335
415750
428567
441737
455112
468783
483088
497805
512876
528210
544063
560217
577045
594459
612336
630912
649749
669390
689519
710478
731848
754080
776871
800419
824666
849704
875240
901690
928909
956801
985616
1015582
1045968
1077264
1110057
1143588
1178388
1214228
1251063
1288850
1327949
1368215
1409642
1452666
1496991
1542239
1589233
1637716
1687432
1738637
1791266
1845539
1901160
1958307
2017620
20702
21328
21972
22683
23323
23991
24729
25500
26294
27100
27960
28788
29659
30600
31527
32465
33427
34444
35451
36444
37551
38698
39890
41035
42285
43535
44874
46252
47727
49135
50622
52114
53668
55273
56925
58638
60397
62279
64134
66073
68096
70126
72273
74469
76708
79064
81465
83850
86431
88996
91686
94508
97322
100361
103361
106488
109690
112889
116356
119905
123513
127236
131059
135114
139182
143376
147759
152368
156983
161714
166541
171562
176739
182166
187879
193672
199604
205700
211940
218488
225166
231971
239149
246277
253696
261407
269276
277251
285688
294361
303297
312439
322044
331935
341941
352252
362729
373892
385304
396856
408899
421270
433828
446785
460288
474438
488806
503482
518736
534352
550745
567521
584666
602305
620692
639205
658559
678614
699037
720166
742290
764660
788024
811847
836523
861748
887814
914579
941964
970674
1000036
1030586
1062257
1094736
1127998
1162331
1197373
1233654
1271078
1309617
1349551
1390334
1432393
1475966
1520744
1566852
1614545
1663232
1713744
1765519
1818948
1874040
1930541
1988940
2049252
20923
21596
22248
22936
23656
24387
25121
25877
26686
27497
28345
29200
30101
31017
31996
32998
33999
35025
36100
37202
38328
39443
40670
41929
43232
44558
45934
47282
48686
50212
51717
53284
54824
56480
58227
59971
61819
63774
65704
67699
69735
71779
73924
76243
78484
80778
83246
85869
88378
90998
93711
96550
99461
102378
105525
108707
111971
115227
118643
122326
126089
129873
133737
138016
142227
146538
151010
155556
160285
165149
170348
175545
180839
186451
192029
197963
204014
210225
216535
223115
229872
236979
244169
251607
259256
267140
275296
283522
292053
300834
309825
319220
329090
339082
349484
359952
370863
382068
393670
405687
417899
430595
443450
457038
470763
484862
499600
514700
530422
546595
563133
580218
597856
615817
634431
653672
673260
693734
714934
736845
759232
782259
806163
830602
855901
881741
908477
936132
964560
994013
1024100
1054978
1087024
1119947
1154212
1189458
1225409
1262827
1300775
1340328
1380998
1423080
1466326
1510754
1557019
1604436
1653225
1703423
1755194
1808315
1863475
1920202
1978243
2038526
21193
21804
22474
23117
23811
24530
25267
26054
26887
27725
28603
29475
30360
31286
32216
33215
34219
35238
36357
37405
38563
39746
40983
42198
43414
44749
46126
47534
48993
50491
52006
53608
55238
57004
58763
60565
62350
64294
66190
68205
70306
72421
74613
76924
79176
81619
84180
86707
89335
92003
94807
97771
100777
103929
107135
110441
113815
117234
120877
124569
128372
132089
136227
140316
144562
148972
153446
158041
162808
167871
173127
178420
183743
189471
195250
201216
207513
213802
220205
226942
233942
241230
248495
256005
263644
271639
280006
288425
297219
306161
315359
325031
334935
344987
355609
366477
377607
388966
400653
412591
425171
438286
451820
465525
479856
494458
509550
525195
540941
557369
574450
591924
609957
628448
647720
667710
688092
708732
730281
752466
775347
799199
823462
848441
874406
901247
928702
957164
986169
1016205
1047116
1078748
1111697
1145450
1180216
1216218
1253454
1291806
1331290
1371960
1413862
1457012
1501230
1547188
1593730
1642090
1692122
1743513
1796186
1851069
1907426
1965961
2025873
20896
21495
22148
22812
23522
24252
24924
25645
26456
27276
28083
28964
29877
30772
31733
32713
33756
34801
35765
36833
37939
39087
40319
41493
42739
44053
45330
46721
48105
49516
51047
52587
54224
55938
57646
59367
61091
62922
64859
66808
68846
70906
73101
75319
77605
79965
82410
84861
87494
90063
92822
95700
98620
101549
104615
107891
111240
114654
118233
121847
125554
129278
133241
137299
141457
145635
149968
154507
159231
164013
168955
174005
179229
184654
190250
196198
202187
208332
214752
221435
228165
235062
242261
249432
257042
264879
272871
281017
289679
298679
307649
316784
326459
336412
346677
357227
368197
379219
390720
402542
414897
427465
440540
454171
468033
482299
497019
512209
527491
543536
560003
577229
594902
613141
631816
650709
670612
690935
711950
733831
756207
779271
802892
827179
852245
878126
904851
932212
960668
989781
1020131
1051299
1083352
1116175
1150138
1185145
1221346
1258608
1296986
1336626
1377422
1419123
1462364
1507164
1553313
1600571
1649554
1699619
1751832
1805164
1859982
1916440
1974883
2034791
20903
21530
22173
22881
23565
24272
25017
25804
26577
27426
28277
29148
29975
30846
31714
32704
33685
34728
35801
36862
37973
39157
40360
41623
42913
44267
45615
47040
48461
49881
51455
52969
54590
56271
58024
59718
61503
63376
65289
67252
69226
71317
73472
75760
77994
80309
82718
85177
87841
90550
93372
96253
99223
102213
105334
108573
111894
115272
118919
122513
126198
130024
134084
138164
142346
146661
151088
155687
160344
165198
170208
175398
180822
186278
191989
197840
203904
210167
216526
223232
229946
236952
244229
251723
259250
267098
275276
283717
292432
301261
310424
319850
329516
339716
349988
360669
371695
383042
394718
406867
419198
431921
445223
458899
472913
487396
502175
517522
533295
549506
566193
583307
601276
619763
638773
658097
678351
699155
720502
742253
764866
788086
811991
836741
862013
888518
915733
943663
972554
1002256
1032766
1064400
1096921
1130137
1164855
1200292
1236521
1274033
1312929
1353152
1394445
1436927
1480990
1526542
1573297
1621228
1670701
1721932
1774509
1828295
1884048
1941589
2000391
20879
21515
22118
22733
23354
24047
24749
25513
26320
27152
28016
28866
29732
30654
31593
32593
33546
34563
35631
36735
37911
39023
40213
41410
42609
43913
45304
46616
48033
49554
51065
52621
54295
55949
57665
59449
61293
63206
65132
67145
69192
71262
73464
75726
78125
80558
83003
85533
88079
90712
93446
96323
99221
102148
105209
108358
111606
115056
118513
122042
125771
129584
133502
137512
141629
146027
150423
155061
159884
164747
169669
174820
180090
185653
191300
197047
203139
209475
215961
222482
229356
236473
243519
251016
258653
266706
274870
283176
291831
300812
310054
319541
329308
339327
349719
360417
371454
382859
394399
406509
418818
431718
444746
458321
472349
486696
501660
516734
532658
548957
565538
582746
600551
618704
637665
657221
677166
697604
718979
740841
763629
786933
810971
835726
861387
887722
914712
942536
971251
1000746
1031186
1062776
1094960
1128609
1163253
1198573
1234988
1272226
1311160
1351564
1392666
1435318
1478955
1523828
1570619
1618963
1668658
1719518
1771967
1826116
1881753
1938959
1998405
2059331
21466
22146
22841
23541
24277
25026
25768
26604
27440
28296
29199
30100
31024
31946
32895
33887
34879
35990
37087
38217
39366
40515
41709
42924
44276
45678
47003
48377
49829
51341
52914
54491
56140
57928
59686
61476
63323
65237
67230
69268
71440
73674
76039
78343
80659
83176
85691
88240
90955
93751
96595
99494
102547
105743
109004
112394
115914
119362
123053
126747
130597
134637
138764
143074
147448
151884
156487
161295
166290
171419
176604
181962
187534
193278
199088
205183
211418
217897
224645
231551
238769
246173
253656
261450
269478
277632
286262
295236
304182
313452
323186
332873
343229
353715
364506
375647
387183
398857
410923
423437
436394
449656
463445
477385
491962
507007
522437
538596
555262
572127
589391
607276
625968
645060
664659
684902
705938
727505
749637
772536
796057
820270
845302
871016
897662
925215
953296
982705
1012751
1043684
1075355
1108383
1141925
1176898
1212952
1249969
1288321
1327766
1368175
1409878
1452641
1496756
1542319
1589602
1638155
1687611
1739017
1791987
1846785
1903536
1961535
2021223
20591
21253
21931
22604
23336
24040
24806
25570
26317
27134
27981
28878
29755
30686
31627
32640
33599
34658
35721
36821
37950
39094
40309
41518
42777
44068
45405
46757
48150
49647
51131
52699
54325
56055
57782
59490
61312
63205
65136
67172
69248
71359
73445
75723
78043
80450
82907
85443
87993
90715
93525
96440
99310
102429
105510
108682
112038
115451
118988
122498
126190
129966
133913
138110
142373
146698
151158
155619
160212
165112
170017
175255
180597
186130
191836
197663
203715
209919
216253
222839
229653
236649
243829
251299
258968
266967
275191
283755
292284
301080
310171
319783
329519
339706
350190
361181
372246
383658
395274
407410
419825
432793
446052
459577
473605
488233
503163
518736
534535
550635
567351
584653
602746
621078
640034
659473
679476
700092
721505
743637
766506
789914
814002
838975
864765
891246
918443
946216
975096
1004693
1035647
1067306
1099692
1133500
1167895
1203988
1240624
1278472
1317638
1357752
1399277
1442227
1486368
1531885
1578619
1627117
1677032
1728227
1780961
1834972
1891063
1948788
2008692
20698
21306
21936
22586
23256
23960
24716
25503
26331
27130
27906
28790
29637
30535
31490
32419
33379
34451
35463
36584
37671
38775
39922
41138
42428
43728
45041
46368
47803
49215
50675
52209
53776
55470
57125
58897
60651
62445
64302
66332
68367
70457
72616
74857
77137
79516
81927
84439
86942
89610
92418
95272
98195
101165
104322
107415
110638
113970
117348
120978
124586
128352
132191
136322
140441
144828
149212
153813
158503
163237
168280
173490
178818
184340
190024
195782
201780
207964
214249
220696
227488
234418
241575
248903
256495
264530
272587
280912
289555
298371
307524
316875
326571
336350
346500
357227
367971
379237
390825
402745
415123
427774
440964
454427
468354
482854
497487
512805
528545
544794
561326
578130
595634
613973
632562
651734
671453
691988
713097
735231
757530
780732
804714
829425
854610
880719
907402
935029
963733
993268
1023661
1054971
1087311
1120501
1154732
1190216
1226758
1264272
1302926
1343136
1384257
1426856
1470686
1515506
1561867
1609530
1658534
1708891
1761190
1814863
1870680
1928016
1986820
2047340
21141
21807
22442
23156
23853
24610
25374
26190
26993
27838
28679
29545
30425
31402
32382
33322
34303
35342
36430
37608
38749
39894
41131
42407
43684
44989
46394
47804
49295
50811
52339
53920
55522
57249
58946
60739
62577
64493
66422
68478
