102567
105204
107950
110851
113848
116942
120097
123309
126664
130077
133668
137154
140728
144424
148461
152412
156633
160739
165178
169670
174182
178789
183615
188689
193805
198968
204388
209846
215391
221114
227054
233190
239426
245903
252518
259382
266581
273864
281161
288869
296760
304978
313203
321626
330338
339199
348432
357874
367622
377589
387661
398205
408947
420095
431488
443357
455491
467760
480713
493831
507148
520833
535089
549810
564897
580194
596171
612311
629067
646117
663676
681941
700771
720172
739992
760335
781189
802672
824769
847300
870849
894783
919275
944631
970731
997371
1024780
1052933
1081869
1111399
1141817
1173515
1205709
1238882
1273132
1308258
1344525
1381488
1419366
1458450
1498647
1539711
1582288
1626150
1671121
1717290
1764590
1813412
1863431
1914913
1967949
2022366
20663
21273
21838
22454
23063
23657
24308
24974
25683
26410
27130
27894
28664
29442
30333
31173
32066
32983
33871
34781
35757
36746
37787
38855
39937
41063
42220
43417
44647
45872
47169
48415
49784
51168
52609
54021
55612
57167
58761
60426
62141
63954
65773
67644
69548
71442
73457
75521
77699
79956
82219
84511
86923
89341
91886
94575
97285
100072
102931
105882
108847
111898
115169
118423
121814
125252
128731
132469
136183
140036
144013
148111
152273
156549
160975
165643
170255
174992
180012
185188
190583
196037
201755
207601
213490
219706
225999
232429
239089
245911
252941
260428
267729
275492
283468
291561
299825
308416
317266
326272
335752
345349
355328
365495
375847
386725
397922
409206
420971
433014
445421
458279
471529
485021
499145
513481
528152
543310
558856
575130
591491
608511
625998
643947
662641
681757
701585
722041
742947
764425
786343
808953
832268
856268
880939
906490
932659
959697
987669
1016626
1046012
1076826
1108294
1140381
1173746
1208119
1243099
1279268
1316382
1354457
1393804
1434365
1476353
1519477
1563826
1608982
1655955
1704296
1753767
1804749
1857409
1911684
1967346
2024842
20801
21385
22037
22667
23281
23942
24622
25359
26122
26871
27668
28449
29298
30155
31043
31927
32852
33820
34795
35870
36903
37983
39082
40289
41447
42719
43952
45189
46557
47898
49371
50829
52308
53851
55503
57155
58863
60615
62395
64257
66096
68051
70064
72104
74250
76502
78779
81121
83532
86014
88591
91197
93778
96512
99409
102324
105323
108415
111533
114899
118321
121888
125352
129109
132988
136979
141023
145202
149615
154131
158718
163431
168078
173084
178209
183465
188975
194484
200365
206324
212426
218747
225273
231940
238747
245795
253041
260656
268575
276694
284924
293524
302104
311153
320471
330104
339873
350135
360532
371358
382438
393831
405694
417816
430362
443156
456481
470004
483877
498683
513856
529212
545097
561292
577959
595350
613306
631735
650757
670465
690709
711397
732554
754336
777077
800369
824394
849593
875161
901404
928404
956376
985017
1014876
1045147
1076601
1108959
1142671
1177064
1212586
1249179
1286950
1325706
1365962
1407030
1449566
1493519
1538139
1584774
1632635
1682225
1733434
1786009
1840095
1895913
1953185
2012093
20635
21214
21865
22569
23262
23935
24646
25409
26205
26969
27786
28649
29492
30401
31302
32233
33239
34243
35256
36338
37406
38536
39738
40988
42211
43492
44843
46177
47567
49049
50535
52092
53642
55232
56930
58723
60462
62306
64167
66107
68088
70119
72230
74409
76643
78979
81379
83993
86506
89175
91879
94695
97440
100457
103509
106677
109925
113292
116747
120403
124151
127942
131870
135814
139973
144395
148837
153368
158123
163058
168106
173217
178655
184121
189704
195596
201560
207737
214037
220548
227179
234191
241266
248717
256375
264134
272216
280590
289193
297957
307114
316619
326318
336191
346591
357312
368254
379607
391296
403475
415768
428497
441565
455280
469319
483715
498647
513770
529684
546131
562901
580247
598084
616395
635141
654844
675011
695761
717311
739504
762255
785829
810119
835150
860940
887360
914668
942735
971878
1001707
1032694
1064699
1097527
1131586
1166730
1202637
1239630
1278152
1317856
1358708
1400465
1444109
1488487
1534508
1581849
1631022
1681639
1734094
1787805
1843581
1901034
1959917
2020502
20738
21373
22035
22733
23392
24174
24919
25697
26490
27296
28169
29049
29920
30923
31866
32836
33890
34953
36054
37191
38404
39556
40800
42027
43294
44649
46034
47464
48904
50413
51988
53564
55297
57030
58741
60530
62373
64310
66329
68340
70460
72539
74739
77149
79576
82071
84565
87133
89828
92655
95572
98560
101691
104879
108124
111489
114949
118514
122218
126005
130039
134076
138252
142670
147120
151650
156442
161240
166201
171610
176898
182299
187982
193925
199815
206106
212535
219062
225960
233045
240258
247794
255468
263379
271633
280300
289031
297954
307347
316865
326769
337060
347436
358406
369520
380968
392908
405433
418105
431086
444584
458539
473115
487867
503125
518737
535056
551816
569118
586907
605325
624342
643923
663888
684541
706285
728384
751284
774731
799255
824519
850209
876703
904267
932566
961825
992447
1023749
1055910
1088777
1123319
1158745
1195185
1232977
1271888
1311760
1353137
1395736
1439928
1485306
1532069
1579780
1629561
1681263
1734191
1788902
1845409
1903531
1963517
2025005
21016
21670
22325
23028
23764
24497
25286
26069
26874
27751
28653
29566
30481
31470
32489
33486
34622
35677
36820
37978
39172
40361
41643
42954
44306
45723
47138
48554
50068
51727
53318
55039
56793
58531
60417
62369
64335
66370
68482
70655
72876
75156
77546
79994
82581
85181
87789
90557
93524
96428
99503
102609
105797
109161
112602
116140
119752
123556
127444
131375
135529
139951
144425
148973
153812
158617
163681
168800
174194
179534
185064
190949
196957
203051
209462
216024
222817
229875
237119
244490
252264
260322
268539
277064
285634
294781
304222
313812
323779
334159
344790
355745
367182
378859
390932
403464
416300
429560
443089
457028
471608
486572
502094
518063
534400
551158
568651
586909
605551
625019
644924
665354
686488
708234
730758
754021
777931
802465
828124
854531
881863
909876
938786
968593
999562
1031491
1064414
1098449
1133466
1169487
1207010
1245802
1285378
1326012
1368435
1412261
1457609
1504563
1552278
1601649
1652712
1705536
1759610
1816082
1873816
1933479
1995380
2059059
21436
22118
22831
23546
24323
25110
25909
26739
27581
28429
29315
30271
31221
32170
33149
34195
35304
36433
37629
38816
40033
41330
42667
44020
45420
46916
48347
49846
51459
53111
54843
56591
58441
60376
62328
64291
66296
68449
70601
72920
75181
77662
80125
82809
85453
88151
91003
93951
97021
100168
103423
106796
110237
113640
117236
121063
124913
128738
132846
137126
141547
146000
150685
155581
160450
165464
170692
176196
181792
187634
193596
199860
206297
212968
219823
226863
234186
241730
249574
257547
265944
274436
283383
292546
301975
311639
321690
332042
342681
353686
364945
376808
388755
401130
414090
427331
441411
455570
470206
485422
500946
517064
533538
550483
568226
586611
605597
624635
644488
664979
686386
708690
731451
754983
779052
804068
829717
856605
884179
912916
942192
972523
1003686
1035548
1068947
1103283
1138624
1175217
1213124
1252043
1292138
1333673
1376713
1420993
1466931
1514004
1562859
1613390
1665609
1719102
1774638
1831776
1891417
1952356
2015482
20847
21563
22233
22950
23713
24483
25263
26063
26924
27793
28673
29506
30441
31423
32428
33458
34552
35685
36876
38140
39383
40637
41939
43281
44636
46048
47557
49129
50671
52299
54061
55724
57543
59386
61269
63237
65337
67479
69684
71953
74175
76543
78976
81626
84274
86992
89789
92703
95686
98798
101985
105282
108740
112367
116033
119860
123615
127516
131772
135948
140418
145076
149811
154593
159550
164693
169995
175479
181196
186966
193040
199354
205671
212105
218964
226005
233530
241150
248782
256844
265322
273655
282456
291469
300992
310531
320478
330850
341659
352602
363866
375710
387657
400365
413267
426759
440402
454745
469481
484716
500474
516530
533250
550387
568159
586593
605494
624967
645117
665626
687080
709456
732280
755968
780271
805384
831670
858747
886526
915127
944586
975177
1006853
1039480
1072964
1107652
1143590
1180819
1219046
1258650
1299472
1341413
1384715
1429610
1476304
1524387
1573892
1624817
1677981
1732355
1788541
1846881
1906665
1968646
2032445
21051
21813
22530
23275
24016
24769
25572
26376
27264
28120
29115
30024
30975
31965
32990
34118
35233
36349
37520
38750
40030
41301
42604
43939
45430
46847
48400
49996
51649
53368
55084
56858
58643
60549
62550
64637
66762
68810
71102
73320
75692
78116
80616
83246
85975
88803
91678
94655
97723
100984
104178
107488
110932
114551
118283
122148
126033
130120
134278
138606
143054
147704
152463
157504
162558
168043
173397
179003
184951
190886
197098
203595
210114
216839
223839
231030
238563
246382
254462
262580
271240
280093
289252
298611
308228
318304
328730
339249
350239
361603
373466
385585
398123
410979
424374
438151
452378
466867
482154
497717
513746
530553
547815
565705
584092
603113
623039
643324
664419
686091
708407
731593
755542
779947
805189
831100
858137
885894
914817
944584
975553
1007167
1039924
1073874
1108549
1144695
1181714
1219886
1259247
1300285
1342675
1386484
1431767
1478902
1526975
1576750
1628458
1681720
1736599
1793088
1851590
1912356
1974661
2038890
21027
21706
22388
23083
23805
24585
25389
26189
27070
27909
28799
29765
30765
31774
32757
33837
35023
36181
37343
38571
39818
41098
42489
43852
45302
46800
48292
49812
51480
53112
54825
56589
58496
60341
62347
64284
66391
68558
70844
73214
75654
78143
80704
83316
86005
88846
91704
94693
97764
100850
104138
107557
111110
114675
118407
122385
126442
130581
134864
139332
143808
148400
153110
158193
163352
168817
174316
179974
185707
191740
198166
204654
211410
218425
225517
233047
240725
248550
256652
264932
273459
282356
291593
301206
310957
321078
331626
342433
353651
365121
376874
389205
401889
414891
428442
442404
456644
471710
487121
503191
519683
536606
554153
572154
590693
609932
629657
650425
671818
693728
716429
739865
763878
789046
814655
841142
868445
896839
926032
956317
987755
1020094
1053238
1087402
1122820
1159315
1197376
1236904
1277092
1318840
1361938
1406388
1452344
1500142
1548851
1599506
1651600
1705761
1761728
1819483
1878999
1939776
2003307
20628
21322
22007
22732
23454
24213
24981
25761
26576
27428
28316
29238
30184
31163
32244
33277
34412
35541
36684
37857
39102
40353
41640
42987
44467
45882
47371
48914
50537
52206
53937
55709
57520
59367
61299
63354
65475
67617
69856
72106
74437
76792
79375
81980
84699
87561
90488
93541
96617
99666
102790
106131
109575
113215
116747
120602
124468
128551
132767
137020
141439
145985
150804
155663
160781
165968
171373
177131
182886
188873
195016
201499
208087
214976
221914
229091
236510
244226
252060
260374
268873
277564
286697
296155
305907
315903
326212
336793
347885
359283
370895
382991
395484
408421
421766
435448
449618
464413
479555
495193
511338
528139
545425
563207
581719
600677
620237
640635
661793
683308
705711
729062
752833
777579
803017
829173
856208
884254
913493
943555
974526
1006560
1039683
1073444
1108728
1144953
1182149
1220781
1260743
1301814
1344702
1388622
1433930
1480779
1529092
1579379
1631047
1684528
1739903
1796523
1855278
1915775
1978698
2043678
20979
21620
22294
23021
23730
24542
25322
26149
26967
27848
28785
29738
30712
31683
32726
33807
34923
36055
37252
38425
39698
41044
42411
43799
45238
46742
48259
49798
51428
53048
54830
56686
58563
60509
62510
64586
66666
68796
71047
73349
75832
78384
80985
83587
86257
89151
91997
95049
98224
101427
104841
108291
111831
115457
119321
123101
127062
131202
135463
139886
144624
149271
154229
159266
164503
169839
175445
181146
187083
193236
199601
206272
213141
220164
227256
234686
242421
250233
258361
266881
275544
284575
293998
303555
313458
323838
334514
345524
356965
368651
380661
393061
405960
419346
432950
447299
462164
477429
493118
509306
525836
542924
560808
579269
598294
617991
638129
659062
680663
702905
726003
749813
774405
799907
826167
853306
881328
910333
940129
971117
1002666
1035448
1069407
1104420
1140391
1177695
1216363
1256166
1297043
1339585
1383333
1428560
1475419
1523605
1573618
1625278
1679054
1734285
1791344
1850364
1911109
1973676
2038362
21119
21808
22573
23359
24159
24938
25741
26538
27442
28389
29300
30245
31229
32244
33315
34328
35554
36718
37890
39175
40498
41855
43202
44584
45961
47395
48934
50555
52224
53866
55761
57631
59545
61410
63462
65479
67638
69854
72172
74496
76942
79436
82017
84731
87599
90622
93563
96628
99771
102970
106330
109776
113285
117000
120711
124655
128728
132926
137352
141963
146719
151620
156653
161660
167000
172462
178066
183838
189871
196079
202464
208958
215753
222875
230198
237730
245602
253729
262165
270837
279793
288828
298239
308212
318404
328894
339785
351030
362713
374589
386807
399415
412518
426056
440122
454552
469433
484884
501035
517431
534331
552000
570362
589119
608595
628284
649064
670424
692206
715006
738413
762739
787724
813536
840205
868122
896833
926124
956344
988020
1020369
1053699
1088240
1124136
1161071
1199249
1238543
1279128
1321122
1364690
1409798
1456022
1503854
1553434
1604403
1657181
1712006
1768169
1825934
1885688
1947684
2011803
20927
21612
22314
23049
23793
24576
25400
26258
27059
27926
28881
29840
30806
31813
32883
33953
35069
36188
37348
38602
39868
41122
42469
43912
45374
46847
48410
50010
51679
53414
55243
57086
58962
60917
62823
64944
67156
69297
71549
73936
76311
78791
81429
84102
86923
89716
92740
95755
98850
102049
105409
108835
112380
116107
119860
123842
127871
132153
136472
140905
145519
150303
155299
160335
165758
171246
176965
182880
188798
195038
201468
208026
214826
221936
229235
236908
244952
253090
261447
270005
278796
287872
297314
307053
317283
327672
338294
349437
360723
372805
384939
397397
410350
423731
437744
452099
466879
482303
498078
514486
531424
548671
566486
585073
604233
624139
644469
665629
687531
710055
733372
757283
782058
807860
834411
861813
889983
919198
949628
980760
1012933
1046200
1080826
1116453
1153110
1191188
1229963
1270039
1311347
1354322
1398945
1444742
1491947
1541225
1592050
1644515
1699001
1754662
1811930
1871289
1932871
1996439
2061928
21302
22004
22743
23481
24268
25056
25897
26775
27620
28505
29404
30329
31285
32353
33451
34584
35738
36887
38110
39421
40724
42051
43479
44923
46384
47909
49464
51128
52837
54505
56282
58121
60082
62076
64114
66274
68473
70651
72983
75391
77888
80441
83002
85690
88470
91320
94505
97708
100951
104319
107641
111311
114976
118680
122520
126614
130698
135040
139370
143858
148710
153699
158771
164018
169416
174966
180676
186567
192746
198977
205394
212099
219061
226263
233785
241404
249428
257620
266148
274990
284105
293457
303018
312925
323312
333944
344931
356317
368165
380268
392632
405531
418959
432881
447303
461977
477219
492967
509172
525969
543334
561222
579782
598584
618240
638476
659417
681074
703334
726389
750280
775013
800580
826817
854245
882396
911526
941788
972661
1004481
1037399
1071536
1106748
1142887
1180339
1219522
1259638
1300989
1344217
1388449
1434210
1481042
1530077
1580644
1632580
1686264
1741748
1799015
1858295
1919134
1982154
2047549
21018
21707
22372
23135
23873
24708
25543
26356
27217
28097
29014
29960
30947
31939
32998
34088
35247
36386
37579
38761
40073
41391
42721
44115
45555
47014
48616
50187
51902
53579
55264
57084
58921
60865
62919
64949
67133
69349
71590
73882
76344
78829
81496
84257
87111
90020
92998
96028
99174
102523
105899
109436
113102
116854
120708
124697
128724
133091
137460
141907
146400
151237
156198
161492
166754
172332
178098
184046
190192
196570
203043
209759
216662
223774
231028
238635
246637
254674
262986
271694
280452
289644
299172
309048
319343
329991
340939
352137
363831
375717
388267
400834
414130
427607
441672
456113
471295
486741
502664
519350
536480
554185
572358
591487
610884
630966
651489
672800
694936
718025
741638
766062
791321
817562
844360
872093
900885
930777
961573
993063
1025561
1059410
1094054
1129989
1167178
1205942
1245656
1286682
1328690
1372256
1417387
1464173
1512299
1561921
1613650
1666643
1721262
1777843
1836426
1896597
1959162
2023372
20647
21285
21957
22648
23370
24107
24909
25745
26551
27433
28327
29220
30168
31180
32203
33249
34351
35474
36636
37798
39042
40366
41702
43138
44540
46046
47487
49072
50704
52362
54080
55944
57843
59767
61745
63824
65896
68020
70260
72525
74913
77399
79963
82553
85315
88142
90977
93884
97076
100315
103623
107010
110502
114233
117927
121809
125789
129971
134268
138707
143280
147990
152816
157985
163177
168523
174085
179911
185846
191960
198243
204843
211531
218433
225523
232894
240507
248461
256560
264880
273584
282599
291673
301290
311049
321379
332001
342811
354136
365810
377835
390185
403066
416461
430255
444496
458881
473959
489681
505992
522772
540201
557842
576213
595000
614584
634733
655698
677146
699305
722326
746110
770783
796078
822210
849443
877485
906006
935892
966764
998465
1031689
1065430
1100632
1136884
1174185
1212999
1252829
1293827
1336861
1380876
1426303
1472955
1521747
1572142
1623759
1677263
1732652
1789285
1848313
1909203
1972170
2037187
21019
21686
22373
23116
23829
24610
25355
26174
27040
27980
28873
29864
30817
31873
32960
34009
35151
36352
37524
38754
39942
41306
42664
44037
45448
46951
48467
50031
51665
53379
55101
56905
58783
60690
62690
64637
66800
69004
71259
73522
76031
78561
81123
83784
86535
89339
92377
95353
98419
101666
104892
108368
111963
115595
119387
123352
127342
131586
136007
140622
145243
149967
154829
159994
165229
170647
176234
182044
188034
194181
200620
207209
214165
221269
228661
236156
243960
251943
260290
268987
277865
287075
296606
306393
316466
326957
337854
348910
360252
372015
384410
397136
410213
423643
437549
451991
466822
482255
498076
514270
531100
548546
566458
585312
604617
624441
644783
665968
687865
710374
733767
757697
782409
808418
834930
862499
890875
920295
950306
981771
1014292
1047951
1082500
1118117
1154957
1193044
1232299
1272720
1314662
1357740
1402516
1448895
1496585
1545975
1597188
1649929
1704018
1760162
1818611
1878264
1940265
2003883
20576
21258
21972
22651
23431
24181
24964
25808
26669
27594
28517
29477
30502
31562
32585
33624
34756
35902
37084
38302
39490
40775
42121
43591
44996
46546
48075
49676
51371
53104
54823
56725
58615
60549
62503
64545
66587
68761
70895
73209
75698
78022
80515
83156
85862
88748
91631
94682
97877
101123
104447
107897
111450
115119
118948
122894
126795
131017
135236
139633
144164
148833
153818
159024
164357
169825
175478
181316
187277
193466
199926
206452
213294
220288
227567
235116
243044
251087
259226
267760
276565
285723
295150
304824
314821
325326
336048
347288
358850
370524
382796
395418
408537
421827
435764
450032
464913
480275
496170
512315
529274
546667
564659
583373
602642
622580
643053
664140
686088
708738
732212
756261
781127
806553
833212
860727
889022
918027
948294
979288
1011439
1044642
1079253
1114850
1151550
1189273
1228328
1269145
1310968
1354036
1398682
1444528
1491744
1540859
1591865
1644662
1698806
1754267
1811930
1871698
1933258
1996865
2062648
21510
22224
22991
23723
24514
25324
26156
27049
27916
28809
29712
30637
31611
32639
33761
34858
35989
37235
38460
39741
41049
42374
43803
45272
46794
48236
49841
51456
53161
54927
56745
58582
60476
62418
64473
66603
68787
71051
73336
75804
78311
80932
83681
86342
89241
92169
95277
98394
101567
104901
108300
111872
115666
119533
123392
127425
131548
135907
140503
145016
149851
154817
159971
165355
170945
176643
182409
188426
194693
201168
207785
214461
221461
228668
236161
243784
251795
260106
268860
277847
287103
296411
306323
316480
326991
337966
349201
360645
372516
384949
397640
410702
424233
438065
452474
467024
482598
498606
515123
531955
549268
567690
586276
605843
625640
646119
667537
689619
712307
735885
760306
785179
811060
837907
865371
894043
923846
954273
985488
1017921
1051754
1086393
1121839
1158862
1196827
1236295
1276682
1318581
1361828
1406618
1453163
1501197
1550672
1602027
1654790
1709605
1765622
1824237
1884222
1946508
2010739
20917
21625
22373
23111
23867
24651
25479
26295
27131
28026
28974
29893
30878
31921
33011
34098
35184
36304
37480
38721
39937
41210
42602
44022
45497
47004
48561
50169
51814
53452
55251
57065
58870
60818
62787
64834
67022
69237
71535
73993
76457
79029
81621
84434
87181
90079
92992
96023
99062
102333
105647
109039
112686
116395
120148
124160
128207
132419
136757
141423
146074
150891
155812
160880
166122
171697
177382
183311
189358
195575
202037
208869
215792
222832
230194
237808
245564
253766
262179
270914
279955
289065
298634
308407
318471
329148
339901
351191
362814
374653
386846
399688
412680
426321
440129
454527
469515
485064
501139
517683
534761
552475
570705
589612
608700
628854
649431
670688
692878
715743
739409
763983
789020
815114
