102455
104996
107479
110151
112817
115455
118218
121030
124052
127106
130216
133390
136572
139807
143193
146704
150346
154131
157926
161856
165746
169872
174078
178321
182700
187143
191769
196531
201325
206224
211302
216526
221847
227305
232975
238748
244713
250775
256905
263388
269822
276369
283137
290225
297299
304584
312064
319887
327895
336008
344213
352667
361307
370327
379620
388951
398573
408467
418523
428866
439627
450445
461772
473478
485153
497266
509652
522142
535193
548614
562288
576121
590551
605414
620540
636248
652196
668586
685210
702430
719847
737908
756459
775540
795003
814992
835434
856308
877759
899650
922080
945283
969075
993420
1018232
1043816
1070247
1097014
1124747
1153083
1182251
1211996
1242725
1274359
1306617
1339640
1373722
1408562
1444385
1480862
1518457
1557126
1596728
1637477
1678942
1721701
1765600
1810614
1856639
1903921
1952052
2002209
20458
20972
21516
22066
22645
23221
23864
24495
25112
25791
26415
27110
27794
28513
29273
30009
30797
31560
32368
33213
34085
35011
35939
36840
37786
38770
39740
40785
41815
42925
44082
45200
46336
47472
48785
50104
51402
52752
54079
55461
56898
58434
59967
61458
63095
64714
66466
68280
70008
71730
73583
75478
77429
79446
81507
83614
85760
87955
90291
92642
95015
97543
100063
102645
105361
108104
110951
113825
116793
119922
123093
126289
129646
133027
136506
140029
143769
147556
151479
155411
159557
163637
167951
172356
176903
181625
186405
191362
196329
201598
206901
212394
217854
223547
229580
235638
241891
248239
254831
261527
268381
275537
282866
290259
297896
305874
314001
322169
330764
339495
348432
357701
367302
377170
387280
397374
408052
418907
429804
441106
452903
464996
477344
490079
503123
516378
530052
544142
558652
573567
588861
604533
620844
637464
654434
671695
689649
708026
726722
746401
766443
786871
807659
829202
851427
874258
897769
921835
946492
971822
997798
1024388
1051880
1080067
1109030
1138761
1169535
1200655
1233104
1266087
1300459
1335269
1370991
1407916
1445928
1484719
1524517
1565725
1607930
1651021
1695855
1741226
1787968
1836046
1885513
1936493
1988914
2042548
20953
21517
22110
22741
23385
24005
24631
25298
25971
26650
27343
28087
28833
29606
30371
31202
32062
32953
33832
34726
35708
36681
37652
38672
39779
40842
41962
43073
44175
45361
46573
47907
49189
50522
51906
53341
54797
56277
57809
59383
61026
62725
64404
66137
67993
69750
71617
73642
75563
77557
79624
81792
83940
86194
88515
90854
93400
95946
98593
101266
103979
106848
109737
112788
115881
119134
122446
125912
129328
132992
136668
140514
144344
148343
152381
156581
160783
165108
169727
174444
179164
184183
189209
194310
199632
205224
210808
216613
222534
228749
235136
241478
248038
254887
261868
269107
276465
284253
292008
299857
308089
316600
325385
334363
343694
353246
363164
373128
383455
394117
404926
416102
427745
439442
451728
464347
477171
490245
503907
517867
532271
546987
561961
577625
593373
609696
626537
643947
662096
680584
699552
719177
739191
759487
780564
802202
824800
848033
871293
895664
920755
946506
972782
999811
1027662
1056155
1085533
1115795
1146769
1178869
1211183
1245013
1279784
1315567
1352253
1389850
1428959
1468614
1509569
1551664
1595098
1640270
1685803
1732807
1781425
1831178
1882632
1935589
1989805
2045232
20975
21571
22159
22835
23457
24133
24783
25460
26161
26849
27637
28404
29172
29970
30798
31685
32549
33469
34390
35356
36332
37395
38410
39476
40551
41693
42877
44091
45357
46642
47946
49335
50744
52164
53619
55149
56616
58195
59850
61556
63353
65113
67042
68956
70871
72829
74873
76958
79148
81332
83668
86078
88456
91029
93612
96268
98971
101784
104747
107764
110834
113939
117095
120382
123681
127226
130890
134653
138414
142236
146234
150347
154593
158958
163512
168212
172935
177904
182912
188048
193414
198919
204396
210131
216110
222366
228652
235270
241925
248799
255967
263219
270744
278514
286553
294799
303215
311614
320581
329714
338953
348541
358436
368635
379070
389849
400882
412250
424105
436133
448632
461306
474380
487950
502027
516098
530764
545774
561096
577107
593596
610233
627362
645345
663779
682612
702290
722298
742982
764254
785770
808202
831472
854996
879551
904679
930926
957460
985047
1013274
1042252
1072285
1102755
1134382
1166991
1200154
1234781
1270413
1306885
1344251
1382636
1422160
1462671
1504515
1547289
1591881
1637588
1684374
1732294
1782449
1833681
1886334
1940256
1995997
2053248
21160
21784
22451
23087
23734
24390
25080
25790
26537
27340
28089
28900
29725
30591
31493
32409
33379
34344
35301
36316
37347
38432
39484
40604
41744
42903
44132
45344
46663
48062
49451
50841
52299
53798
55340
56937
58582
60282
62025
63821
65644
67484
69432
71339
73415
75476
77710
80005
82375
84768
87277
89804
92401
95006
97834
100582
103490
106431
109497
112638
115805
119131
122562
126040
129688
133399
137183
141030
145126
149279
153580
157978
162451
167158
172049
176945
182055
187186
192659
198156
203881
209808
215947
222209
228637
235335
242274
249211
256356
263699
271356
279172
287193
295500
304163
312984
322125
331517
341157
351069
361116
371740
382471
393562
405090
416972
429122
441656
454404
467679
481358
495434
509989
524863
540161
555638
571672
588391
605534
622828
641078
659894
679123
698849
719064
739950
761451
783567
806464
829667
853770
878753
904338
930651
957810
985834
1014587
1043895
1074144
1105324
1137299
1170422
1204418
1239652
1275512
1312485
1350746
1389962
1430571
1472276
1515005
1559319
1604835
1651701
1699995
1749824
1801114
1853779
1908002
1962932
2020260
20626
21204
21789
22403
23065
23763
24452
25188
25975
26705
27438
28201
29061
29930
30793
31687
32615
33538
34555
35578
36592
37694
38818
39878
41070
42257
43498
44738
46017
47398
48812
50200
51685
53225
54806
56430
58096
59841
61579
63384
65210
67168
69115
71097
73158
75357
77491
79768
82133
84468
86940
89451
92160
94734
97469
100313
103242
106314
109367
112571
115770
119111
122662
126280
130012
133987
137853
141973
145976
150224
154615
159307
163818
168569
173578
178684
184004
189482
194996
200837
206791
212983
219314
225746
232234
238958
246068
253255
260612
268255
275962
284146
292377
300908
309794
318903
328421
338065
348027
358159
368722
379451
390677
402101
414077
426199
438678
451693
464955
478692
492834
507381
522186
537658
553578
569780
586814
604033
621795
640191
658927
678552
698595
719229
740386
762124
784816
807996
831449
856417
881842
907786
934534
962080
990287
1019523
1049819
1080838
1112905
1145776
1179632
1214434
1250253
1287304
1325087
1364062
1404515
1445813
1488504
1532550
1577803
1624492
1672216
1721635
1772280
1824510
1878907
1934099
1991413
2050436
21084
21730
22362
23006
23683
24363
25087
25876
26613
27386
28200
29037
29937
30804
31716
32645
33624
34584
35680
36738
37816
38891
39998
41156
42440
43700
45030
46373
47753
49216
50678
52108
53669
55302
56899
58588
60305
62137
64009
65917
67930
69901
71987
74138
76336
78571
80846
83256
85724
88346
90907
93603
96339
99181
102005
105110
108232
111412
114673
118045
121539
124998
128799
132643
136625
140674
144788
149156
153583
158275
162970
167769
172861
177965
183278
188642
194271
200117
206140
212264
218517
224940
231557
238437
245379
252805
260408
268124
276081
284275
292640
301356
310214
319470
328953
338898
349024
359284
369926
380972
392326
403873
415856
428200
441210
454327
468023
481964
496420
511013
526365
542080
558015
574636
592035
609599
627776
646518
665742
685639
705907
726843
748650
770892
793862
817599
841822
867011
892718
919223
946667
974808
1003990
1034186
1064985
1096367
1128968
1162676
1197229
1232432
1269148
1307045
1345674
1385830
1426852
1469607
1513538
1558900
1605386
1653521
1702888
1753733
1805976
1859536
1914897
1971898
2030710
20803
21435
22068
22702
23399
24125
24899
25648
26406
27212
28048
28875
29720
30605
31555
32523
33476
34449
35496
36552
37623
38777
39882
41054
42299
43523
44865
46252
47633
49054
50517
51980
53531
55140
56765
58373
60168
61947
63784
65665
67705
69693
71761
73852
76071
78284
80655
83079
85649
88212
90807
93559
96439
99248
102176
105262
108414
111708
115035
118450
122063
125766
129570
133464
137465
141447
145691
150112
154601
159126
163917
168795
173783
178903
184323
189923
195646
201535
207615
213777
220168
226713
233560
240451
247682
255097
262722
270528
278640
286964
295448
304474
313444
322790
332583
342538
352732
363303
374153
385354
397078
408972
421044
433533
446732
460138
473917
488303
502691
517880
533146
549012
565289
582055
599570
617542
635896
655006
674783
695210
715923
737294
759283
781871
805115
829244
854205
879988
906234
933465
961520
990411
1020384
1051285
1082852
1115290
1148451
1183018
1218295
1254632
1292309
1330887
1370685
1411853
1454517
1498159
1542937
1588970
1636691
1685592
1736196
1788358
1842083
1897430
1954165
2013133
20800
21415
22089
22776
23436
24189
24906
25638
26381
27146
27951
28820
29678
30554
31459
32375
33334
34343
35397
36456
37588
38690
39867
41002
42198
43396
44681
46064
47490
48896
50349
51908
53443
55012
56743
58478
60264
62027
63927
65826
67753
69780
71834
74070
76327
78595
80872
83296
85754
88350
90998
93702
96561
99536
102585
105653
108852
112176
115561
119102
122674
126284
130150
133998
138132
142289
146622
151051
155600
160302
165113
170041
175218
180523
185915
191488
197166
203123
209205
215536
222065
228873
235560
242713
249950
257562
265097
273079
281457
289985
298766
307639
316965
326541
336301
346499
356985
367754
378690
390105
401871
413999
426553
439247
452472
466167
480132
494448
509432
524656
540417
556703
573462
590962
608632
627183
645924
665506
685680
706570
727800
749772
772532
795611
819694
844446
869495
895782
922858
950449
979017
1008654
1039341
1070732
1102869
1136196
1170560
1205881
1242215
1280064
1318945
1358760
1399583
1441821
1485440
1530316
1576132
1623490
1672073
1722485
1774133
1827342
1882202
1938926
1997465
2057822
20889
21525
22168
22874
23585
24295
25030
25815
26544
27384
28194
29058
29901
30784
31658
32644
33620
34670
35722
36747
37872
38972
40133
41370
42669
43935
45289
46696
48118
49560
51021
52520
54133
55772
57452
59244
61097
62954
64897
66828
68809
70904
73076
75392
77689
80002
82394
84918
87420
90101
92780
95578
98439
101419
104535
107629
110919
114147
117659
121253
124928
128704
132695
136736
140865
145090
149415
153918
158621
163325
168297
173345
178523
183823
189466
195134
200954
206954
213045
219462
226124
233136
240129
247317
254740
262399
270462
278581
286942
295556
304501
313596
323072
332691
342735
353220
363919
374963
386261
398102
410182
422745
435711
448965
462654
476649
491169
506172
521461
537239
553652
570470
587538
605266
623490
642299
661722
681779
702560
724170
746035
768532
791720
815557
840176
865436
891451
918326
945881
974636
1003786
1034108
1065683
1098007
1131488
1165687
1201347
1237836
1275340
1313917
1353327
1394359
1436055
1479605
1524395
1570180
1617411
1666291
1716730
1768836
1822152
1877151
1933883
1992372
2052229
20969
21619
22265
22935
23612
24356
25089
25837
26598
27444
28320
29181
30093
31011
31937
32940
33912
34896
35934
37003
38138
39271
40486
41725
42975
44296
45691
47122
48549
50056
51568
53125
54733
56381
58028
59799
61638
63536
65441
67334
69381
71463
73599
75832
78074
80457
82906
85434
88049
90752
93574
96391
99230
102219
105284
108440
111738
115076
118546
122076
125822
129632
133492
137557
141632
146010
150462
155025
159700
164500
169467
174705
180185
185612
191204
196944
203131
209175
215510
221983
228744
235707
242888
250191
257878
265715
273859
282091
290568
299345
308321
317680
327277
337096
347286
357727
368622
379772
391309
403112
415109
427755
440567
453856
467588
481766
496402
511547
527216
543149
559600
576613
593984
612017
630552
649936
669682
689931
710523
731990
754367
777117
800542
824817
849799
875759
902149
929248
957403
986226
1016159
1046934
1078317
1110968
1144494
1179004
1215033
1251725
1289647
1328832
1369576
1411073
1453703
1498025
1543494
1589987
1638522
1688336
1739063
1791794
1845897
1901553
1959344
2018889
20955
21561
22198
22857
23513
24238
24990
25751
26575
27376
28206
29083
29976
30911
31866
32820
33850
34840
35887
37004
38165
39282
40504
41755
43117
44408
45715
47079
48534
49937
51463
53031
54674
56370
58072
59831
61522
63431
65354
67366
69462
71578
73786
76081
78371
80788
83247
85747
88393
91018
93753
96544
99559
102574
105539
108670
111946
115319
118706
122219
125890
129600
133517
137607
141875
146262
150667
155160
159729
164488
169432
174712
179972
185537
191204
197028
203058
209097
215429
221898
228584
235616
242900
250293
258022
265733
273593
282055
290462
299370
308473
317947
327725
337751
347937
358706
369522
380657
392472
404380
416796
429280
442369
455698
469492
483950
498701
513619
529141
544957
561562
578596
596133
614285
632943
652154
671693
692412
713176
734717
757139
779945
803515
828411
853489
879676
906655
933923
961983
990959
1021125
1052173
1084147
1117333
1151065
1185792
1221367
1258419
1296823
1336245
1376540
1418366
1461864
1506205
1551888
1599034
1647408
1697514
1749208
1802671
1857574
1914061
1972230
2031889
20741
21353
21986
22665
23364
24062
24822
25592
26395
27142
27986
28847
29726
30637
31554
32551
33559
34552
35630
36689
37790
38949
40182
41427
42678
44024
45403
46665
48060
49495
50985
52618
54254
55943
57625
59342
61043
62912
64835
66854
68914
70959
73148
75380
77682
80043
82612
85175
87821
90417
93196
95939
98838
101881
105087
108268
111453
114927
118401
122006
125663
129538
133545
137647
141833
146154
150624
155188
160012
164935
170136
175245
180674
186255
191913
197714
203800
209936
216261
222798
229387
236443
243526
250917
258521
266362
274439
282738
291323
300171
309210
318585
328244
338334
348525
359190
370152
381267
392898
404991
417253
429841
442805
456183
469940
484244
499007
514232
529684
546003
562596
579631
597100
615505
634525
653686
673690
694054
715142
737112
759529
782615
806479
830797
856069
882267
909133
936621
964956
994433
1024834
1056140
1088381
1121281
1155223
1190445
1226686
1264185
1302742
1342652
1382969
1425490
1469031
1513625
1559775
1606935
1655621
1705456
1757160
1810448
1865564
1921868
1980226
2040167
21270
21928
22615
23317
24033
24725
25474
26219
27009
27860
28742
29583
30467
31362
32313
33262
34243
35260
36362
37431
38567
39703
40951
42216
43500
44838
46183
47616
49079
50537
52069
53641
55300
56925
58711
60410
62152
64083
66069
68065
70204
72371
74572
76971
79320
81824
84296
86873
89529
92196
94983
97914
100989
104038
107242
110465
113867
117278
120815
124557
128364
132298
136313
140403
144573
148900
153441
158031
162908
167862
173003
178128
183534
189112
194704
200710
206759
213210
219574
226220
233157
240251
247424
255011
262905
270908
279225
287884
296581
305482
314805
324180
333969
343972
354383
365064
376115
387647
399320
411604
424280
437129
450332
464016
478064
492544
507623
523093
539133
555570
572674
589980
607699
626054
645095
664602
684942
705778
727177
749104
772063
795274
819515
844593
870265
896794
924016
952238
981213
1010910
1041420
1072939
1105408
1139125
1173811
1209670
1246731
1284851
1324081
1364595
1406220
1448704
1492519
1537902
1584715
1633120
1682917
1734395
1787667
1841710
1897793
1955694
2015199
20758
21415
22055
22756
23458
24169
24940
25708
26483
27252
28040
28840
29766
30685
31626
32613
33647
34685
35778
36861
38028
39244
40442
41657
43003
44354
45742
47190
48629
50134
51641
53191
54804
56451
58185
59928
61761
63680
65647
67650
69763
71881
74014
76281
78616
80993
83510
86057
88680
91428
94196
97110
99922
103030
106199
109392
112723
116215
119793
123383
127181
131052
134940
139104
143212
147462
152023
156684
161467
166484
171573
176868
182200
187788
193428
199247
205258
211546
217946
224707
231571
238652
245896
253330
261105
268971
277185
285612
294362
303371
312519
321922
331630
341660
352125
362612
373716
385138
396927
408930
421419
434212
447588
461151
475262
489723
504732
520250
536015
552316
568937
586331
604102
622363
641355
661116
681119
701777
722966
744953
767380
790485
814679
839199
864622
891023
918234
946274
975078
1004839
1035559
1067264
1099766
1133721
1168128
1203579
1240142
1278135
1316825
1356961
1398403
1440713
1484376
1529600
1576089
1623916
1672925
1723726
1776292
1830292
1886377
1944054
2003068
20694
21292
21933
22572
23230
23961
24686
25431
26211
27002
27816
28661
29566
30437
31389
32364
33347
34347
35391
36453
37603
38741
39941
41154
42414
43747
45047
46445
47944
49449
50978
52516
54124
55749
57432
59196
60949
62816
64748
66734
68714
70787
72988
75191
77442
79796
82204
84788
87370
90058
92805
95735
98646
101682
104752
107924
111155
114502
117995
121600
125363
129109
132979
136935
141248
145584
150008
154473
159082
163909
169033
174094
179423
184975
190611
196447
202441
208673
215144
221626
228458
235419
242616
249968
257561
265477
273468
281707
290483
299515
308626
317983
327878
337760
348100
358764
369727
381007
392440
404502
416822
429331
442398
455868
469590
483955
498882
514102
529876
546050
562874
579884
597330
615500
634399
653848
673611
694178
715317
737092
759740
782830
806717
831529
856995
882976
909894
937452
965970
995546
1025834
1057074
1089094
1122232
1156367
1191753
1228222
1265565
1304338
1343793
1384555
1426864
1470524
1515368
1561581
1609228
1658338
1708799
1760517
1814204
1869518
1926610
1985534
2046261
21197
21829
22455
23148
23837
24615
25376
26093
26900
27734
28660
29593
30507
31424
32367
33424
34504
35546
36621
37728
38885
40046
41274
42577
43921
45278
46713
48213
49661
51153
52714
54278
55932
57564
59319
61094
62946
64874
66797
68890
71016
73130
75362
77645
80002
82450
84932
87508
90113
92920
95806
98687
101701
104828
107932
111215
114542
118009
121608
125327
129108
133066
137222
141525
145918
150283
154883
159495
164433
169339
174430
179756
185292
190966
196914
203002
209141
215580
222223
229157
236127
243386
250909
258463
266356
274570
282799
291505
300362
309433
318790
328518
338285
348639
359296
370303
381526
393111
405020
417348
430122
443343
456840
470646
484928
499692
514921
530457
546531
562857
579829
597341
615334
634174
653321
673129
693672
714734
736526
758899
782156
806603
831211
856490
882488
909296
937125
965568
995249
1025787
1057244
1089363
1122325
1156649
1191832
1228335
1265842
1304164
1343666
1384553
1426583
1470575
1515593
1561514
1608858
1658018
1708716
1760365
1813863
1869160
1925905
1984462
2044688
20997
21607
22283
22973
23628
24365
25151
25915
26675
27490
28297
29121
30044
30962
31998
32993
33983
35005
36059
37210
38372
39604
40834
42103
43425
44692
46030
47464
48965
50462
52055
53649
55256
56937
58696
60419
62175
64100
66072
68151
70222
72328
74593
76908
79261
81647
84113
86722
89327
91967
94715
97638
100720
103791
107014
110214
113454
116942
120564
124191
128020
131960
136107
140266
144516
148889
153453
158031
162851
167863
173060
178168
183591
189117
194788
200817
206806
213352
219801
226547
233393
240386
247541
255113
263021
271020
279273
287833
296792
305835
315256
324864
334835
345217
355749
366467
377643
389067
400836
413115
425798
438824
452119
465784
480180
494761
509764
525423
541523
558152
575276
592830
611086
629518
648718
668226
688673
709469
731279
753541
776580
800225
824501
849615
875636
902510
929927
958462
987640
1017974
1049052
1081086
1113839
1147836
1182814
1218448
1255808
1293957
1333477
1373953
1415514
1459083
1503808
1549639
1596894
1645477
1695565
1747196
1800454
1855578
1912172
1970572
2031254
20820
21450
22099
22797
23524
24264
24995
25732
26537
27356
28159
28965
29840
30740
31682
32639
33610
34668
35701
36808
37901
39084
40293
41513
42840
44201
45529
46928
48448
49937
51460
53026
54637
56269
58019
59773
61602
63537
65509
67535
69601
71768
73952
76263
78639
81094
83555
86178
88804
91638
94299
97253
100174
103244
106363
109647
112940
116355
119892
123475
127301
131169
135159
139286
143603
148064
152500
157153
161894
166817
171978
177247
182656
188310
194049
199945
206031
212270
218654
225358
232330
239377
246599
254123
261815
269718
277966
286524
295251
304441
313580
323071
332796
343084
353576
364332
375581
387184
398964
411132
423612
436404
449713
463443
477580
492154
506936
522527
538373
554814
571824
589561
607629
625973
645123
665076
685369
706296
727950
750030
772870
796447
820818
845773
871508
898042
925636
953978
982903
1012611
1043581
1075369
1108042
1141867
1176592
1212305
1249436
1288153
1327437
1367987
1409537
1452419
1496534
1542353
1589254
1637941
1688146
1740073
1793031
1847764
1904007
1962211
2021642
20800
21414
22037
22666
23331
24059
24797
25532
26317
27112
27943
28798
29638
30550
31494
32525
33507
34464
35478
36539
37718
38878
40036
41279
42511
43822
45236
46623
48074
49574
51036
52535
54099
55704
57405
59114
60961
62828
64721
