102433
104853
107428
110043
112745
115466
118244
121042
123964
126997
130079
133327
136516
139861
143260
146669
150156
153887
157636
161652
165651
169589
173677
177939
182235
186763
191265
196102
200923
205909
210910
216094
221425
226818
232383
238018
243959
250085
256241
262435
268875
275486
282193
289082
296302
303595
311213
318931
326844
334808
343107
351596
360436
369407
378463
387964
397717
407781
417875
428250
438874
449947
461227
472545
484237
496240
508520
521195
534126
547460
561186
575316
589550
604132
619133
634769
650432
666734
683551
700790
718273
736218
754528
773287
792657
812512
832896
853681
875201
897164
919765
943286
966957
991208
1016151
1041412
1067899
1094703
1122539
1150696
1179785
1209808
1240422
1271827
1303933
1336850
1370872
1405633
1441229
1477662
1515199
1553621
1592851
1633108
1674760
1717525
1760720
1806049
1852085
1898808
1946917
1996209
2047277
20954
21504
22038
22563
23135
23698
24291
24905
25547
26218
26856
27549
28276
28964
29722
30521
31299
32092
32932
33735
34630
35463
36410
37386
38398
39436
40478
41526
42630
43759
44932
46072
47261
48498
49728
51044
52347
53697
55089
56557
58011
59544
61026
62604
64211
65936
67609
69278
71072
72877
74769
76648
78689
80783
82923
85043
87255
89503
91799
94169
96549
99003
101593
104127
106774
109509
112361
115281
118423
121608
124799
127999
131435
134850
138383
141935
145677
149593
153616
157614
161710
165875
170246
174922
179561
184285
189148
194179
199294
204512
209852
215415
221132
226823
232791
239041
245420
251940
258602
265483
272502
279602
286953
294540
302263
310185
318359
326785
335498
344405
353576
363079
372669
382467
392704
403109
413779
424839
436177
447650
459630
471789
484196
497117
510265
523776
537541
551756
566568
581564
597147
612975
629598
646326
663601
681312
699409
718157
737481
756847
777046
797552
818947
840772
863075
886168
909931
934133
959204
984946
1011265
1038277
1066050
1094602
1123922
1154167
1185132
1217130
1249639
1283176
1317552
1352860
1389352
1426907
1465160
1504649
1545012
1586845
1629751
1673719
1718600
1764794
1812054
1861129
1911371
1962970
2016038
20488
21101
21667
22255
22841
23463
24094
24762
25454
26129
26869
27600
28403
29143
29933
30783
31643
32506
33427
34349
35282
36209
37196
38156
39169
40213
41347
42458
43617
44783
45976
47232
48482
49784
51145
52578
53967
55414
56918
58457
60013
61701
63379
65134
66892
68740
70538
72484
74552
76556
78666
80818
82937
85197
87485
89797
92157
94708
97295
99856
102568
105351
108201
111216
114151
117326
120557
123947
127296
130697
134396
138135
141890
145853
149930
153981
158333
162745
167249
171892
176648
181601
186759
191885
197061
202482
208030
213902
219603
225564
231783
238103
244699
251452
258365
265463
272687
280237
287921
295976
304160
312668
321388
330183
339332
348710
358405
368189
378331
388696
399308
410319
421661
433558
445443
457773
470380
483282
496619
510647
524938
539577
554686
569987
585871
602131
618629
635752
653315
671603
690317
709438
729235
749489
770162
791730
813738
836395
859578
883615
908146
933558
959679
986261
1013669
1041975
1071116
1101041
1131776
1163426
1195976
1229310
1263495
1298697
1334773
1372070
1410457
1449737
1490445
1532133
1574962
1618812
1663766
1710319
1757954
1807302
1858225
1910212
1963576
2018372
20391
20969
21584
22209
22833
23498
24165
24847
25516
26196
26949
27693
28469
29275
30106
30979
31866
32740
33616
34597
35559
36545
37623
38687
39788
40892
41993
43075
44319
45511
46775
48140
49481
50831
52291
53793
55377
56888
58471
60142
61815
63529
65306
67129
69002
70967
72980
75110
77300
79432
81658
83952
86369
88824
91304
93951
96581
99358
102107
105088
107999
111021
114280
117437
120757
124138
127713
131357
135128
139002
142914
146892
151093
155399
159810
164317
168925
173638
178517
183645
188850
194179
199816
205540
211360
217251
223381
229747
236101
242870
249692
256870
264087
271553
279316
287151
295326
303645
312443
321337
330481
340026
349722
359686
370044
380580
391490
402673
414205
425918
438061
450736
463586
476932
490480
504609
518988
533829
549072
564640
580473
597211
614263
631735
649713
668283
687211
707048
727336
748229
769507
791448
814215
837557
861566
886400
911645
938019
964820
992322
1020925
1050287
1080140
1111148
1142985
1176042
1209916
1244666
1280343
1316962
1355130
1394234
1434173
1475179
1517154
1560507
1605148
1651266
1698803
1747625
1797592
1848816
1901966
1956452
2012827
20666
21294
21933
22531
23198
23840
24530
25230
25963
26697
27459
28288
29133
29936
30777
31683
32592
33517
34521
35581
36624
37664
38800
39856
40962
42090
43300
44462
45740
47061
48333
49719
51196
52663
54148
55711
57354
59042
60688
62349
64152
66028
67941
69863
71871
74011
76044
78196
80425
82803
85266
87756
90353
93018
95693
98456
101359
104276
107301
110402
113618
116886
120315
123858
127517
131300
134951
138917
142997
147115
151377
155835
160224
164787
169584
174509
179489
184768
190107
195635
201331
207162
213237
219498
225911
232458
239063
245914
252981
260169
267640
275437
283386
291579
299941
308696
317493
326780
336427
346424
356384
366807
377616
388394
399520
411242
423219
435382
448046
461055
474578
488544
502595
517349
532526
548074
563985
580326
597425
614702
632624
650998
670053
689369
709381
729970
751085
772902
795507
819085
842722
867106
892574
918337
945230
972904
1001235
1030591
1060593
1091685
1123900
1156546
1190535
1225329
1261162
1297982
1335871
1375163
1415506
1456713
1499428
1543028
1588074
1634122
1681673
1730508
1781411
1833374
1886856
1942100
1999064
2057709
21019
21651
22300
22960
23615
24261
24984
25733
26476
27235
28090
28887
29704
30591
31541
32440
33442
34421
35381
36397
37407
38549
39623
40808
41937
43207
44469
45758
47099
48532
49961
51368
52966
54633
56194
57881
59597
61345
63200
65044
67002
69032
71046
73066
75223
77473
79715
81994
84475
86922
89596
92218
94967
97795
100734
103701
106835
109950
113160
116547
119997
123492
127099
130772
134609
138611
142732
146934
151316
155736
160382
165115
169952
174869
180081
185509
190929
196589
202437
208364
214487
220897
227218
233906
240673
247631
254947
262583
270424
278209
286475
294829
303395
312533
321868
331331
341256
351313
361617
372242
383293
394680
406520
418570
430826
443596
456532
470090
484014
498262
512911
528115
543700
559708
576360
593542
611170
629150
648143
667360
687210
707614
728489
750148
772507
795363
818678
842807
867875
893466
920028
947414
975108
1003990
1034095
1064572
1096026
1128701
1162002
1196381
1231756
1267810
1305698
1343986
1384272
1425055
1467319
1510578
1555491
1601403
1648653
1697394
1747626
1799492
1852839
1907659
1964182
2022335
20774
21357
22016
22678
23327
23999
24714
25419
26161
26910
27730
28521
29335
30205
31116
31999
32933
33843
34768
35821
36865
37910
38997
40177
41405
42616
43933
45216
46538
47978
49390
50816
52350
53954
55501
57179
58898
60677
62504
64396
66225
68139
70133
72257
74365
76570
78793
81125
83496
86007
88540
91108
93832
96532
99422
102386
105384
108567
111696
115058
118575
121985
125666
129393
133335
137301
141368
145528
149764
154203
158823
163647
168548
173512
178732
184123
189668
195280
201091
207082
213165
219566
226032
232800
239946
247027
254466
262096
269905
277874
286133
294744
303666
312829
322189
331705
341652
351886
362430
373254
384423
395856
407694
419770
432264
445208
458411
472076
486185
500708
515622
531029
546957
563391
580319
597939
615737
633958
653366
672924
693319
713976
735124
757157
779536
802738
826511
851424
876785
903108
929863
957659
986321
1015898
1046481
1077782
1109944
1143184
1177469
1212723
1248681
1285969
1324558
1364118
1404671
1446625
1489880
1534283
1580464
1627649
1676168
1726280
1778259
1831158
1886317
1942504
2000478
20668
21291
21906
22539
23205
23902
24587
25314
26050
26856
27626
28438
29289
30199
31090
32067
33017
33969
34993
36059
37147
38253
39415
40662
41894
43128
44437
45753
47121
48506
49935
51371
52928
54470
56177
57871
59595
61413
63210
65166
67159
69213
71263
73400
75561
77778
80119
82461
84954
87547
90115
92805
95577
98490
101502
104498
107552
110716
114018
117461
121015
124630
128394
132247
136117
140179
144331
148737
153170
157784
162348
167262
172329
177569
182954
188593
194281
200040
206042
212313
218625
225202
231895
238733
245840
253287
260954
268703
276721
285032
293673
302397
311448
320864
330512
340577
350888
361505
372416
383615
395275
407188
419248
431769
444563
458051
472068
486275
500803
515857
531217
547315
563561
580415
597772
615650
634365
653221
672909
693091
713862
735296
757668
780395
803830
827837
852861
878241
904568
931758
959509
988051
1017687
1048163
1079684
1112255
1145460
1179951
1215711
1252175
1289935
1328633
1368348
1409876
1452143
1495706
1540480
1586662
1634209
1683164
1733767
1786186
1840007
1895246
1952017
2011026
20844
21476
22127
22801
23534
24219
24941
25658
26439
27209
27999
28824
29664
30550
31413
32320
33306
34286
35377
36444
37545
38699
39868
41118
42322
43632
45007
46329
47713
49204
50681
52213
53842
55460
57102
58848
60622
62386
64225
66142
68119
70259
72360
74568
76792
79150
81513
84044
86571
89253
92036
94817
97705
100778
103814
106897
110118
113469
116834
120334
123971
127696
131447
135375
139452
143658
147908
152402
157015
161769
166675
171702
176915
182304
187758
193343
199204
205262
211416
217773
224410
231105
238019
245172
252440
259906
267692
275662
283984
292615
301477
310653
319911
329655
339622
349724
360323
371102
382346
394026
405958
418349
431154
444036
457553
471352
485502
500134
515063
530808
546766
563442
580618
597987
615981
634455
653516
673320
693576
714528
736217
758081
780849
804488
828691
853544
879570
906283
933524
961678
990570
1020007
1050696
1082404
1114823
1148478
1183130
1218844
1255344
1293193
1331837
1372174
1413896
1456153
1499855
1545135
1591776
1639841
1689483
1740730
1793150
1847344
1903470
1960948
2020107
20676
21326
21935
22581
23266
24015
24770
25535
26350
27195
28001
28813
29677
30579
31496
32467
33472
34513
35535
36644
37818
38968
40164
41324
42602
43879
45220
46659
48075
49503
50993
52560
54142
55729
57349
59151
60828
62692
64637
66556
68634
70635
72822
75017
77256
79614
82074
84526
87096
89715
92464
95224
98125
101083
104032
107233
110526
113817
117189
120701
124308
128019
131938
135967
140054
144226
148693
153226
157787
162485
167483
172557
177827
183167
188693
194274
200061
206164
212387
218887
225525
232379
239485
246662
254225
261931
270054
278295
286751
295420
304480
313723
323268
333080
343111
353268
363814
374784
386159
397894
409749
422211
434992
448177
461774
475850
490316
505246
520384
535932
552180
568812
585978
603685
622152
640902
660172
679958
700616
721605
743546
766120
789518
813011
837479
862947
889108
916066
943768
972461
1002046
1032285
1063647
1095724
1129165
1163421
1198450
1235068
1272199
1310666
1350260
1391429
1433446
1477157
1521772
1567910
1615541
1664658
1715244
1767145
1821002
1876256
1933226
1991830
2051857
21421
22060
22712
23449
24212
24903
25674
26484
27276
28112
28941
29798
30709
31649
32647
33613
34648
35704
36793
37869
38950
40112
41350
42648
43987
45321
46780
48183
49607
51110
52758
54355
56007
57605
59343
61123
62940
64805
66903
68985
71121
73314
75589
77914
80302
82796
85306
87872
90615
93373
96206
99029
102072
105050
108301
111653
115035
118396
122033
125733
129554
133516
137654
141853
146069
150582
155124
159815
164744
169689
174813
180032
185450
191210
197002
203010
209233
215624
222166
229060
236050
243206
250589
258116
265920
274130
282290
291004
299793
308707
318195
327622
337601
347866
358512
369406
380529
392085
403827
415920
428628
441643
455148
468962
483236
498005
513065
528803
544939
561518
578397
596003
614053
632687
651751
671492
691758
712845
734514
756728
779588
803181
827542
852730
878726
905368
932980
961441
990827
1020966
1052026
1083827
1116629
1150333
1185279
1221376
1258603
1296650
1335882
1376498
1418248
1461068
1505359
1551139
1598358
1647444
1697487
1748981
1801969
1856538
1912821
1970860
2030849
21029
21658
22330
23034
23741
24451
25181
25971
26779
27569
28434
29314
30221
31150
32136
33112
34098
35138
36190
37259
38333
39535
40777
41963
43222
44519
45920
47320
48713
50196
51732
53299
54925
56558
58263
60080
61919
63792
65709
67714
69824
71997
74211
76516
78990
81375
83798
86304
88894
91628
94443
97265
100233
103379
106497
109801
113074
116556
120138
123737
127572
131550
135645
139758
144017
148460
153009
157647
162432
167347
172469
177836
183159
188686
194369
200253
206302
212617
219053
225783
232623
239615
246898
254408
262271
270339
278686
287246
296005
305093
314426
323834
333857
343972
354399
365229
376305
387595
399272
411510
423966
436622
450065
463585
477516
491921
506896
522394
537987
554242
571253
588763
606606
625220
644093
663957
684068
704863
726289
748235
770862
794145
818030
842712
868309
894679
921895
949768
978847
1008627
1039235
1070731
1103449
1136954
1171490
1206983
1243810
1281515
1320465
1360589
1401957
1444134
1488268
1533516
1580454
1628152
1677697
1728667
1781203
1835535
1891673
1948983
2008586
20904
21515
22114
22807
23480
24217
24977
25724
26510
27260
28100
28949
29856
30782
31697
32626
33620
34672
35729
36753
37905
39077
40278
41542
42794
44152
45537
46930
48335
49810
51331
52955
54572
56161
57951
59691
61573
63445
65314
67397
69472
71575
73656
75915
78250
80604
83118
85676
88196
90882
93586
96404
99271
102341
105725
109011
112376
115828
119394
123067
126716
130442
134470
138650
142937
147319
151791
156404
161077
165941
171132
176283
181593
187052
192709
198601
204554
210717
217114
223668
230483
237428
244677
252108
259669
267561
275614
283928
292518
301594
310811
320225
329977
339830
350253
360977
371875
383196
394865
406819
419224
431896
444996
458717
472802
486988
501705
516777
532586
548784
565396
582560
600299
618528
637387
656883
676748
697192
718466
740412
762598
785871
809976
834631
860378
886641
913344
940899
969851
999398
1029433
1060787
1092774
1125974
1160070
1195410
1231719
1269304
1307933
1347695
1388868
1431452
1474981
1520034
1566371
1614041
1663089
1713692
1765482
1819368
1874877
1932108
1990406
2050862
21128
21765
22425
23095
23814
24542
25286
26108
26892
27727
28604
29453
30337
31246
32199
33156
34103
35148
36214
37349
38502
39633
40813
42017
43343
44687
46029
47417
48944
50445
51955
53495
55131
56813
58487
60300
62138
64086
65965
67910
69980
72103
74269
76488
78749
81174
83715
86198
88841
91579
94373
97239
100199
103227
106372
109661
112980
116366
119876
123574
127400
131352
135408
139459
143629
148022
152574
157321
162042
166972
172042
177269
182685
188253
194003
199937
206142
212401
218743
225522
232434
239412
246766
254252
262011
269833
278081
286640
295419
304655
313852
323418
333217
343519
353930
364685
375651
387131
398824
410829
423269
436222
449471
463274
477512
492161
507368
522690
538581
554924
571763
589317
607388
625691
644887
664522
684654
705605
726999
748898
771905
795403
819662
844628
870515
896925
924211
952211
981201
1011055
1041571
1073292
1106259
1139780
1174678
1210462
1247737
1285716
1325079
1365390
1406570
1449186
1493258
1538849
1585577
1634029
1683884
1735190
1788366
1842688
1898842
1956547
2015819
20617
21316
21944
22655
23393
24111
24866
25649
26428
27194
28026
28928
29781
30747
31713
32672
33642
34726
35737
36821
37902
39051
40290
41464
42726
43968
45343
46770
48187
49605
51124
52685
54317
55992
57711
59466
61265
63242
65133
67064
69070
71133
73284
75435
77609
79964
82332
84816
87396
90009
92604
95437
98328
101338
104513
107706
110911
114314
117797
121252
124885
128657
132587
136606
140786
145164
149477
154105
158698
163510
168466
173719
179085
184543
190209
196136
202104
208299
214713
221222
227961
234878
241965
249281
256952
264821
272991
281356
289942
298725
307826
317396
327116
337171
347327
357926
368887
380134
391888
404019
416378
429303
442410
456140
470086
484226
499082
514367
529881
546086
562935
580032
597798
616008
634588
653893
673760
694239
715611
737453
760088
783241
807220
831951
857402
883580
910494
938047
966716
996252
1026591
1057824
1089959
1123139
1157406
1192705
1229024
1266659
1305358
1345397
1385931
1428161
1471673
1516372
1562152
1609601
1658668
1709259
1761695
1815492
1871312
1928233
1986893
2047506
21144
21800
22507
23244
23972
24654
25362
26173
26976
27796
28612
29498
30425
31391
32426
33443
34484
35530
36594
37677
38820
40043
41227
42460
43748
45104
46545
47915
49287
50856
52402
54009
55670
57340
59004
60864
62712
64641
66605
68609
70707
72901
75192
77422
79813
82282
84743
87270
89896
92578
95249
98045
101004
104087
107191
110551
113876
117354
120876
124521
128416
132256
136265
140506
144762
149112
153696
158370
163215
168137
173103
178438
183856
189328
195127
201013
207199
213463
219992
226747
233644
240729
248167
255742
263578
271482
279707
288274
297044
306055
315279
324984
334882
345011
355570
366362
377459
388933
400630
412993
425438
438354
451787
465636
479932
494502
509736
525338
541588
557946
574823
592413
610267
628870
648345
668297
688683
709958
731409
753750
776594
800156
824639
849704
875410
901851
929541
957937
986974
1016883
1047740
1079638
1112601
1146644
1181827
1218033
1254991
1293313
1332851
1373699
1415475
1458616
1502854
1548722
1596452
1645270
1695694
1747220
1800346
1855102
1911678
1970268
2030180
20930
21590
22251
22918
23623
24358
25102
25861
26641
27453
28310
29166
30068
30959
31981
32971
33989
35013
36132
37249
38382
39539
40766
41988
43250
44563
45951
47364
48810
50337
51872
53423
55054
56733
58515
60278
62062
63983
65978
68033
70071
72201
74422
76740
78991
81488
83949
86553
89257
91953
94831
97744
100625
103641
106790
110095
113450
116893
120474
124015
127777
131786
135760
139906
144182
148629
153142
157884
162615
167572
172703
177913
183385
189015
194864
200788
206767
213012
219474
225989
232867
240008
247242
254825
262623
270497
278729
287288
296102
305072
314455
324089
333923
344217
354845
365668
376815
388125
399912
412211
424745
437467
450692
464366
478678
493402
508367
523846
539749
556397
573352
590660
608690
627263
646325
665970
686210
706933
728355
750631
773446
796927
821210
846166
872003
898134
925424
953926
983173
1012949
1043842
1075859
1108510
1142454
1177179
1213125
1250226
1288173
1327612
1368441
1410439
1453849
1498487
1544193
1591289
1639805
1689955
1741574
1794890
1849800
1906135
1963934
2023795
20731
21356
21971
22656
23383
24137
24849
25636
26441
27192
27976
28784
29644
30589
31507
32467
33435
34460
35531
36582
37759
38883
40082
41261
42445
43651
45011
46340
47702
49155
50587
52142
53726
55386
57078
58817
60574
62454
64376
66334
68343
70475
72644
74923
77190
79555
81936
84457
87083
89735
92477
95340
98231
101302
104366
107516
110714
114075
117545
121199
124916
128715
132606
136607
140728
145040
149481
154068
158813
163622
168674
173782
179025
184478
190052
195777
201792
207871
214321
220947
227884
234873
242161
249581
257208
265122
273148
281408
289971
298881
307801
317398
326970
336775
346952
357449
368502
379633
391105
403033
415356
428171
441163
454683
468748
483017
497697
513041
528725
544930
561551
578550
596188
614390
633189
652507
672501
693021
714220
735794
758030
781237
804846
829251
854623
880763
907608
935104
963392
992711
1023011
1054144
1086555
1119638
1153772
1189325
1225632
1262616
1301102
1340917
1382065
1424271
1467775
1512530
1558463
1606257
1655004
1705429
1757583
1810876
1866015
1923440
1982044
2042885
20926
21562
22232
22920
23651
24364
25137
25889
26648
27393
28195
29072
30058
31006
31908
32862
33855
34830
35892
36987
38111
39283
40503
41781
43152
44527
45855
47193
48619
50113
51596
53116
54735
56418
58070
59811
61660
63550
65452
67421
69573
71694
73940
76181
78623
81048
83508
86018
88706
91415
94195
97029
99984
103053
106119
109328
112564
115962
119374
123027
126775
130628
134660
138708
142966
147381
151776
156325
161116
166117
171215
176327
181801
187342
193159
198985
204989
211309
217681
224345
231171
238238
245570
253079
260839
268789
277030
285482
294057
302978
312177
321663
331538
341481
351708
362403
373404
384680
396385
408537
421249
434105
447408
460978
474945
489365
504260
519544
535416
551960
568618
585965
604075
622511
641472
661081
681095
701810
723190
745374
768354
791485
815763
840728
866704
892981
920519
948570
977658
1007571
1038320
1070217
1102907
1136655
1171414
1207126
1243655
1281734
1320821
1361358
1402934
1445621
1489482
1534980
1581919
1629848
1679455
1731122
1784183
1838734
1894368
1952150
2012014
20842
21491
22138
22842
23489
24213
24945
25677
26392
27219
28059
28926
29792
30671
31566
32498
33501
34546
35656
36713
37873
39029
40161
41399
42608
43867
45203
46639
48025
49489
50969
52526
54098
55801
57497
59274
61069
62927
64908
66911
68976
71144
