102452
105067
107598
110245
112913
115698
118475
121342
124337
127365
130489
133680
136997
140349
143740
147253
150842
154541
158260
162202
166076
170100
174216
178468
182860
187257
191934
196685
201488
206359
211375
216475
221853
227405
233110
238890
244693
250697
256883
263123
269600
276248
283220
290206
297171
304611
312049
319613
327447
335693
344057
352584
361478
370370
379568
388899
398358
408215
418367
428783
439530
450500
461665
473179
485067
496844
509280
521949
534891
548317
562016
575994
590399
605138
620255
635790
651479
667859
684647
701633
719268
737314
755698
774442
794001
813911
834295
855599
876938
898907
921576
944901
968778
992871
1017631
1043560
1069969
1097287
1125132
1153957
1183296
1213257
1244140
1275309
1307259
1340613
1374592
1409416
1445048
1481771
1519073
1557677
1597438
1637920
1679239
1721968
1765649
1810774
1856833
1904137
1952722
2002467
20611
21133
21680
22228
22807
23376
23952
24572
25166
25795
26502
27243
27945
28637
29334
30076
30824
31630
32403
33238
34114
34956
35892
36816
37724
38648
39648
40652
41738
42774
43878
44997
46189
47326
48530
49779
51042
52309
53643
55032
56489
57864
59386
60950
62508
64162
65803
67492
69308
71035
72849
74714
76650
78622
80705
82875
84970
87192
89490
91820
94246
96738
99212
101795
104420
107150
109946
112882
115805
118859
121901
125046
128208
131492
135030
138480
142238
146086
149817
153745
157703
161788
166043
170426
174767
179314
184055
188927
193898
199011
204253
209655
215324
221046
226926
232790
238816
245238
251577
258023
264865
271883
279121
286512
294096
301910
309876
318107
326424
335085
343977
353195
362544
372283
382073
392321
402654
413397
424315
435371
446834
458836
470841
483437
496215
509484
523210
537009
551251
565910
581018
596355
612383
628766
645384
662460
680047
698434
717050
736155
755899
776230
797241
818558
840498
862972
885978
909593
934129
958969
984713
1010976
1037989
1065679
1094256
1123403
1153409
1184501
1216159
1248576
1281863
1316266
1351794
1388038
1425412
1463547
1502968
1543219
1584842
1627560
1671674
1716937
1762918
1810249
1859205
1909261
1960742
2013205
20746
21332
21912
22516
23123
23760
24375
24993
25674
26374
27126
27824
28564
29265
30076
30834
31678
32571
33454
34364
35287
36262
37284
38269
39292
40396
41462
42567
43639
44870
46134
47306
48580
49971
51290
52645
54112
55584
57099
58626
60184
61870
63528
65272
67037
68787
70714
72685
74617
76699
78827
80958
83203
85472
87728
90262
92689
95196
97754
100399
103095
106014
108920
111976
115061
118259
121440
124669
128078
131442
134983
138629
142512
146431
150371
154523
158805
163071
167556
172150
176921
181739
186864
192061
197363
202783
208329
214093
219893
226008
232194
238540
245211
251975
258941
265919
273277
280729
288348
296268
304406
312752
321405
330347
339250
348486
358265
368126
378306
388873
399494
410596
421927
433741
445817
458033
470674
483788
497164
510878
524912
539635
554434
569691
585465
601692
618293
635364
653039
671435
689847
708883
728619
748832
769724
791336
813410
835796
859032
883244
907392
932589
959022
985861
1013479
1041805
1070990
1100870
1131538
1162899
1195203
1228420
1262671
1297912
1334405
1371551
1409789
1448950
1489271
1530979
1573534
1617548
1662590
1709151
1756900
1806157
1855914
1907679
1961141
2016183
20489
21058
21680
22272
22917
23587
24261
24963
25656
26385
27120
27875
28659
29474
30316
31170
32076
32935
33824
34778
35758
36703
37757
38879
39965
41070
42275
43462
44698
45952
47238
48530
49897
51248
52638
54090
55651
57250
58881
60562
62333
63994
65802
67651
69574
71558
73533
75644
77817
80061
82345
84655
87024
89474
91984
94554
97220
99916
102747
105558
108441
111533
114735
117985
121360
124771
128343
131987
135793
139696
143725
147689
151866
156156
160549
165136
169859
174695
179613
184756
189966
195496
201014
206580
212534
218578
224725
231082
237679
244572
251501
258687
266074
273578
281287
289367
297557
305941
314573
323440
332762
342287
352137
362175
372475
383016
394052
405429
416911
428884
441088
453731
466711
480123
493799
507655
521925
536906
552324
568051
584410
601100
618169
635977
654211
673047
692323
712334
732657
753775
775129
797205
820031
843355
867499
892279
917834
943991
970928
998667
1027283
1056841
1087321
1118375
1149922
1183003
1217193
1252179
1288316
1325420
1363355
1402320
1442724
1483963
1526583
1570222
1615396
1661621
1709495
1758784
1809299
1861211
1914594
1969434
2025876
20778
21386
22016
22672
23312
23992
24662
25357
26103
26848
27621
28435
29284
30118
30932
31799
32692
33693
34718
35687
36704
37762
38912
40027
41169
42314
43495
44758
46094
47442
48825
50300
51758
53248
54847
56411
58070
59714
61429
63232
65081
66939
68891
70876
72971
75114
77245
79408
81739
84066
86458
88916
91413
93971
96675
99525
102517
105418
108474
111588
114914
118223
121665
125204
128820
132487
136273
140134
144138
148284
152612
157041
161732
166466
171164
176041
181122
186264
191765
197271
202890
208823
214843
221093
227493
234066
240768
247816
255103
262647
270153
278058
286324
294637
303274
312071
321052
330373
339939
349836
360149
370702
381403
392282
403774
415325
427394
439970
452852
465897
479583
493470
507862
522869
537962
553683
569801
586370
603139
620707
638704
657259
676517
696161
716541
737466
758979
781287
804036
827401
851708
876601
902036
928346
955429
983505
1012170
1041882
1072412
1103729
1135908
1169297
1203665
1238830
1274994
1312225
1350650
1389910
1429956
1471652
1514944
1559340
1604831
1651891
1699791
1749130
1800311
1853074
1907745
1963240
2020756
20841
21464
22071
22685
23367
24025
24705
25390
26096
26860
27688
28492
29326
30185
31018
31989
32959
33933
34887
36022
37073
38109
39219
40399
41567
42780
44022
45311
46583
47941
49405
50862
52343
53920
55566
57249
58940
60661
62402
64225
66094
68065
70051
72097
74273
76443
78649
80980
83372
85779
88253
90869
93567
96416
99292
102245
105178
108282
111491
114758
118292
121735
125294
128968
132833
136633
140709
144867
149214
153563
158073
162727
167379
172266
177304
182569
187893
193439
199074
205125
211211
217422
223739
230279
237108
244185
251261
258684
266267
274057
282064
290315
298734
307542
316648
325967
335622
345632
355737
365982
376758
388154
399442
411269
423415
435969
448730
462018
475581
489569
504018
518978
534183
549953
566103
582805
599820
617391
635419
654231
673653
693411
714057
735211
756898
779273
802074
825831
850056
875137
900993
927502
955511
983445
1012791
1042843
1073642
1105102
1137736
1171445
1206086
1241883
1278253
1316054
1355186
1394963
1436067
1478475
1522488
1567947
1614480
1662267
1710952
1761514
1813616
1867102
1922709
1979654
2038427
21007
21617
22241
22826
23552
24229
24952
25693
26454
27258
28106
28939
29748
30654
31540
32492
33480
34482
35538
36618
37702
38834
39968
41131
42406
43615
44909
46233
47601
49030
50402
51903
53404
54996
56603
58266
60111
61886
63708
65689
67643
69607
71755
73855
76027
78301
80456
82879
85338
87893
90531
93255
96024
98904
101815
104885
108019
111245
114338
117742
121131
124749
128501
132313
136321
140369
144495
148852
153337
157949
162643
167457
172457
177755
183138
188525
194067
199794
205783
211885
218154
224713
231454
238280
245511
252931
260631
268504
276597
284832
293241
302002
310947
320168
329630
339320
349450
359948
370799
381970
393193
404845
417017
429686
442418
455562
469025
483151
497600
512402
527761
543492
559631
576171
593327
611174
629411
648376
667780
687892
708657
729895
751389
774067
797181
820898
845500
870724
896603
923165
950551
978766
1008060
1038311
1069294
1101313
1134109
1168622
1203685
1239892
1277192
1315459
1354927
1395479
1437424
1480368
1524519
1570438
1617329
1665298
1715337
1766571
1819585
1874012
1930288
1987864
2047064
21181
21823
22469
23126
23818
24494
25199
25974
26777
27594
28440
29284
30117
31006
31958
32932
33933
34935
35998
37074
38185
39360
40553
41741
42916
44198
45579
46888
48316
49834
51286
52916
54487
56091
57801
59477
61249
63079
64914
66887
68879
70895
73088
75313
77577
79847
82155
84644
87223
89905
92696
95569
98351
101318
104351
107519
110667
113959
117279
120745
124319
128060
131883
135903
139992
144089
148336
152781
157302
162012
166871
171921
177150
182334
187776
193522
199345
205349
211426
217726
224224
230890
237826
244878
252224
259772
267510
275454
283774
292212
300862
309920
319190
328857
338707
348858
359518
370240
381545
393180
405062
417259
429671
442538
455816
469613
483829
498042
513053
528385
544251
560400
577307
594623
612490
630978
649754
669348
689455
709987
731343
753423
775993
799308
823176
848069
873591
899604
926572
954470
983112
1012541
1042909
1074350
1106661
1139953
1174577
1209834
1245919
1283318
1321768
1361912
1402890
1445214
1488892
1533343
1579402
1627294
1676584
1726612
1778779
1832066
1886872
1943618
2002316
20440
21046
21617
22245
22941
23613
24326
25050
25829
26620
27375
28213
29028
29902
30813
31709
32663
33657
34718
35776
36857
37933
39076
40294
41478
42694
43983
45314
46673
48037
49472
50961
52463
54027
55612
57345
59056
60813
62589
64475
66394
68474
70531
72572
74827
77073
79377
81688
84121
86705
89201
91846
94667
97483
100448
103525
106685
109872
113156
116508
120055
123605
127295
131161
135076
139149
143277
147418
151852
156531
161107
165979
171129
176317
181706
187144
192793
198566
204622
210887
217350
223814
230462
237589
244740
251929
259334
267115
274959
283154
291841
300714
309760
319164
328850
338800
349044
359680
370576
381694
393197
405203
417496
430085
443071
456287
469986
484004
498535
513439
528921
544853
561196
578329
595766
613785
632488
651611
671324
691461
712444
733944
756066
778988
802679
826967
851919
877888
904106
931405
959322
988306
1018032
1048767
1080334
1113093
1147050
1181720
1217837
1254734
1292642
1331929
1371857
1413254
1456006
1500296
1545695
1592803
1640740
1690107
1741154
1794300
1848430
1904493
1961767
2020846
20808
21469
22117
22781
23484
24219
24973
25778
26579
27429
28307
29164
30047
30939
31840
32779
33768
34786
35834
36935
38067
39205
40409
41603
42940
44198
45497
46890
48271
49710
51136
52644
54187
55758
57512
59344
61125
62980
64841
66839
68904
71030
73177
75381
77692
79985
82420
84848
87466
90064
92835
95672
98602
101565
104561
107668
111013
114287
117840
121484
125242
129121
132982
136947
141136
145343
149706
154248
159075
163873
168796
173843
179164
184525
190136
196005
201979
208209
214552
221030
227752
234701
241935
249259
256876
264714
272883
281280
289825
298731
307660
316939
326460
336286
346580
356835
367798
378965
390651
402232
414523
427148
440165
453290
466814
480922
495505
510522
525893
541557
558100
574943
592512
610299
628892
648111
667958
688184
709025
730518
752561
775178
798558
822691
847771
873416
899897
927037
955326
984289
1014233
1044954
1076696
1108906
1142486
1177171
1212694
1249451
1287239
1326119
1365824
1407466
1449930
1494325
1539617
1586219
1634317
1683844
1735345
1787655
1842081
1897746
1955130
2014621
20757
21404
22066
22784
23443
24171
24873
25635
26432
27289
28146
29010
29867
30790
31742
32721
33721
34773
35859
36953
38035
39184
40368
41627
42870
44199
45571
46952
48376
49863
51416
52943
54575
56234
57978
59725
61531
63381
65328
67249
69407
71439
73608
75846
78161
80507
82862
85312
87896
90609
93350
96261
99133
102086
105169
108431
111650
114993
118391
121916
125626
129371
133292
137229
141417
145726
150123
154760
159362
164251
169287
174471
179715
185203
190831
196666
202780
208845
215138
221572
228284
235250
242343
249949
257647
265375
273506
281870
290484
299414
308350
317667
327277
337212
347461
357914
368835
380027
391490
403063
415205
427625
440760
454157
467959
482167
496829
511879
527498
543651
560069
577110
594638
612630
631227
650428
670156
690269
711155
732727
754910
777567
801190
825498
850578
876323
903068
930849
958775
987927
1017885
1049038
1080634
1113655
1147582
1182294
1218034
1254986
1293300
1332379
1372762
1414377
1457493
1501758
1547013
1594106
1642704
1692727
1743961
1796815
1850946
1907127
1965064
2024526
21010
21585
22168
22826
23501
24203
25008
25800
26563
27371
28235
29142
29997
30901
31808
32737
33725
34720
35776
36916
38018
39128
40396
41632
42875
44124
45443
46786
48294
49749
51214
52766
54387
56048
57742
59484
61358
63263
65201
67154
69212
71371
73565
75839
78121
80492
82806
85340
87900
90505
93332
96150
99067
102004
105061
108315
111544
114910
118448
122049
125730
129436
133414
137452
141608
145850
150204
154670
159322
164013
168950
174213
179470
185037
190711
196548
202468
208699
215017
221507
228351
235265
242535
249855
257491
265256
273517
281771
290293
299123
308235
317560
327182
337233
347516
358118
369197
380432
392012
404132
416567
429222
442191
455629
469450
483669
498380
513364
528962
545052
561812
578635
596101
614172
632839
652322
671859
692259
713246
734846
757071
779806
803643
828160
853331
879327
905815
933205
961603
990795
1020564
1051529
1083463
1116275
1150200
1185400
1221031
1258081
1296285
1335632
1376290
1418014
1460994
1505445
1551129
1598292
1647216
1697117
1748551
1801585
1855906
1912279
1970270
2029687
21073
21721
22367
23055
23737
24453
25175
25948
26731
27556
28349
29212
30089
31076
31988
32967
33966
34978
36055
37077
38216
39373
40580
41859
43134
44489
45782
47124
48563
50032
51589
53158
54786
56468
58174
59904
61726
63608
65515
67533
69615
71850
74018
76402
78736
81217
83663
86305
88906
91607
94362
97251
100279
103374
106544
109821
113078
116530
120018
123721
127416
131247
135330
139418
143597
148005
152400
157037
161815
166707
171760
176991
182304
187967
193611
199424
205537
211857
218343
224996
231805
238856
246142
253618
261214
269211
277440
286030
294875
303940
313186
322773
332541
342779
353292
364142
375105
386709
398624
410582
423026
435949
449293
462956
477011
491792
506828
522058
538002
554391
571455
588709
606568
624778
643697
663137
683302
704177
725447
747496
770135
793855
817725
842551
868106
894645
921817
950280
979347
1009035
1039788
1071580
1104272
1138056
1172788
1208415
1245247
1283368
1322607
1363155
1404418
1447070
1490919
1535977
1582593
1630797
1680485
1731118
1783795
1838047
1893789
1952315
2011274
20758
21348
21989
22638
23348
24047
24758
25510
26304
27083
27907
28733
29534
30479
31441
32364
33407
34423
35430
36523
37644
38826
39995
41173
42396
43679
45019
46369
47793
49253
50798
52351
53935
55538
57232
58918
60719
62506
64399
66393
68404
70433
72577
74887
77140
79471
81925
84312
86837
89434
92146
94937
97901
100887
103962
107160
110472
113834
117374
120962
124679
128499
132385
136372
140571
144792
149099
153647
158333
163146
168065
173141
178243
183600
189331
195049
200882
206988
213350
219934
226502
233399
240621
248064
255670
263518
271558
280001
288421
297196
306167
315525
325038
335148
345303
355882
366859
377824
389437
401431
413656
426384
439306
452680
466442
480466
494946
510173
525685
541838
558441
575298
592896
611054
629536
648600
668174
688360
709473
731245
753572
776627
800784
825209
850625
876594
903226
930678
958827
987980
1018123
1049204
1080919
1113828
1147709
1183162
1218569
1255699
1293874
1333323
1374290
1416138
1459229
1503616
1549470
1596664
1645418
1695610
1747609
1800818
1855567
1912026
1970262
2029922
21117
21783
22467
23145
23848
24622
25380
26181
26972
27815
28658
29533
30479
31435
32371
33342
34347
35407
36481
37620
38767
39965
41170
42450
43788
45121
46462
47942
49398
50891
52451
54137
55766
57496
59259
61016
62949
64915
66879
68933
70997
73084
75293
77632
79958
82417
84913
87555
90280
93009
95825
98678
101713
104714
107844
111079
114502
118121
121754
125493
129342
133316
137345
141527
145961
150388
154957
159691
164411
169395
174465
179753
185357
191022
196883
202860
209004
215457
222220
229019
236092
243234
250723
258246
266087
274116
282559
291238
300192
309316
318656
328473
338582
348887
359569
370439
381597
393195
405190
417337
430055
443019
456377
470196
484498
499348
514595
530456
546666
563254
580278
597933
615933
634634
654067
674049
694833
715744
737696
760042
783075
807109
831743
857145
883305
910376
938364
966699
996159
1026288
1057476
1089812
1123153
1157428
1192775
1229057
1266408
1305150
1344682
1386002
1428183
1471702
1516848
1563092
1611050
1659968
1710482
1762886
1816366
1871701
1928685
1987507
2048164
21177
21868
22507
23177
23899
24643
25409
26147
26978
27774
28590
29411
30234
31191
32139
33154
34132
35182
36240
37367
38513
39741
40957
42237
43527
44813
46115
47494
48961
50495
52014
53575
55255
56958
58738
60466
62255
64184
66116
68052
70135
72243
74516
76801
79162
81485
83981
86547
89154
91850
94616
97589
100547
103534
106722
110080
113397
116857
120465
124129
127989
131842
135883
140121
144287
148737
153218
157883
162689
167589
172620
177834
183184
188891
194793
200868
207072
213340
219861
226508
233386
240472
247731
255405
263091
270934
279464
287928
296556
305615
315042
324693
334598
344781
355372
366118
377275
388781
400661
412873
425703
438512
451904
465724
479912
494418
509493
525085
541107
557364
574292
591864
609679
628366
647419
667291
687616
708731
730285
752385
775224
798643
823175
847958
873865
900305
927647
956024
984997
1015011
1045633
1077734
1110685
1144568
1179258
1215291
1252576
1290649
1330048
1370807
1412401
1455519
1499777
1545537
1592836
1641480
1691431
1743116
1796488
1851298
1907747
1965869
2026215
21133
21787
22448
23154
23877
24633
25331
26084
26870
27659
28498
29380
30271
31182
32118
33092
34143
35216
36317
37395
38523
39690
40859
42112
43394
44655
46014
47408
48865
50360
51851
53432
55083
56690
58403
60186
62070
63961
65899
67878
70017
72142
74421
76641
78853
81223
83707
86259
88944
91646
94492
97403
100368
103450
106733
110040
113337
116646
120160
123867
127681
131514
135506
139695
144113
148499
152911
157586
162383
167264
172424
177698
183159
188696
194368
200475
206495
212806
219365
226054
233010
240262
247669
255224
263142
270966
279257
287770
296469
305400
314576
324297
334062
344115
354421
365359
376533
388050
400023
412418
424969
437858
451348
465230
479429
494053
509106
524595
540598
556974
574035
591453
609342
627913
647038
666785
687120
708188
729841
751976
774603
798461
822917
848283
874291
900597
927952
956287
985421
1015749
1046949
1078855
1112100
1146215
1181060
1217051
1254108
1292417
1331628
1372083
1413917
1456978
1501378
1547186
1594302
1642762
1692557
1744790
1797745
1852649
1909248
1967390
2027200
21140
21773
22436
23143
23841
24580
25362
26163
26966
27786
28647
29549
30469
31331
32261
33243
34230
35225
36279
37387
38555
39742
40929
42194
43435
44774
46147
47576
49031
50496
52063
53647
55260
56941
58684
60544
62346
64232
66239
68300
70401
72498
74745
77007
79336
81732
84183
86701
89343
92026
94815
97701
100682
103703
106877
110147
113471
117042
120698
124354
128131
132084
135939
140076
144383
148840
153469
158092
162913
167853
172983
178220
183631
189154
194875
200789
206994
213330
219808
226619
233492
240670
247924
255537
263298
271150
279304
287781
296555
305561
314823
324438
334478
344875
355613
366450
377567
389014
400985
413135
425615
438535
452068
465795
480069
494790
509884
525409
541379
558038
575127
592561
610727
629229
648574
668464
688822
710103
731890
754075
777207
800762
825140
850418
876429
903121
930643
959142
988745
1018686
1049486
1081385
1114282
1148317
1183183
1219307
1256356
1294902
1334449
1375239
1416899
1459768
1504393
1550211
1597687
1646420
1696723
1748243
1801746
1856910
1912889
1971518
2031355
20838
21466
22095
22780
23472
24176
24910
25669
26456
27296
28094
28964
29871
30757
31664
32613
33608
34627
35661
36731
37858
39015
40234
41464
42784
44076
45451
46866
48313
49799
51353
52849
54414
56097
57852
59578
61359
63262
65157
67172
69260
71483
73660
75982
78325
80685
83162
85686
88247
90962
93817
96744
99723
102769
105982
109304
112738
116118
119697
123363
127129
130967
134994
139182
143496
147872
152398
157080
161880
166895
171883
177009
182524
188229
193917
199982
206097
212533
218933
225593
232513
239577
246839
254345
262181
270182
278425
286890
295544
304593
313824
323346
333127
343251
353708
364519
375761
387447
399382
411521
424242
437342
450847
464616
479179
493905
509057
524511
540565
557128
574019
591643
609751
628348
647489
667323
687905
709087
731065
753283
776269
800196
824280
849641
875571
902443
930121
958620
988047
1018361
1049302
1081565
1114629
1149067
1184105
1220063
1257474
1296085
1335648
1376482
1418236
1461722
1506445
1552389
1599865
1648533
1699033
1750899
1804208
1859409
1916105
1974562
2035122
21039
21690
22342
23002
23743
24502
25275
26055
26837
27682
28516
29393
30298
31213
32192
33174
34199
35218
36284
37397
38497
39658
40884
42095
43430
44753
46187
47623
49083
50662
52257
53823
55487
57189
58928
60730
62625
64556
66489
68566
70685
72831
75095
