102401
104835
107468
110101
112735
115425
118268
121102
124066
127051
130174
133289
136502
139786
143220
146722
150285
153957
157693
161529
165519
169563
173648
177907
182251
186790
191354
196084
200876
205706
210804
215863
221073
226617
232125
237685
243607
249565
255709
261918
268374
274978
281811
288929
295941
303296
310981
318532
326417
334341
342769
351249
359912
368949
378268
387754
397472
407465
417618
428104
438745
449581
460742
472120
483784
495647
507890
520545
533417
546812
560584
574448
588884
603768
618725
634110
649969
666281
683109
700432
717950
735885
754192
773090
792653
812633
833090
854118
875461
897771
920265
943250
967126
991238
1016516
1042108
1068382
1095595
1123369
1151662
1181084
1211409
1241931
1273581
1306190
1339218
1373150
1407731
1443660
1480378
1517826
1556309
1595555
1635995
1677617
1720423
1763935
1808658
1854387
1901427
1949407
1998997
2049751
21013
21573
22100
22660
23206
23777
24406
25036
25677
26320
27029
27744
28416
29136
29872
30636
31399
32242
33045
33926
34769
35709
36636
37598
38554
39534
40606
41631
42755
43834
44961
46112
47277
48474
49627
50900
52276
53614
54983
56424
57863
59370
60864
62412
63994
65566
67214
68905
70698
72612
74497
76509
78488
80562
82678
84841
87047
89341
91599
93915
96348
98860
101482
104102
106767
109548
112447
115363
118457
121621
124796
128013
131457
134849
138336
141892
145554
149375
153331
157210
161373
165613
169984
174369
178899
183578
188354
193239
198291
203487
208896
214496
220190
225898
231957
238039
244449
250724
257120
263846
270910
278106
285374
292936
300547
308593
316583
324979
333616
342512
351605
360912
370669
380420
390400
400832
411436
422306
433527
445067
456727
468883
481489
494215
507349
520892
534807
549011
563662
578769
593820
609463
625557
642333
659420
676903
694925
713285
732191
751913
771703
792542
813416
835177
857761
880824
904689
928703
953148
978736
1004584
1030962
1058505
1087154
1115970
1146104
1176770
1208271
1240716
1273996
1308022
1342913
1379027
1416202
1453967
1492745
1532538
1573595
1615615
1658735
1702877
1748736
1795913
1844223
1893938
1944916
1997451
2051065
21123
21682
22276
22904
23491
24098
24757
25418
26096
26772
27465
28220
28968
29742
30524
31383
32207
33049
33940
34858
35839
36800
37823
38760
39790
40848
41929
43067
44240
45422
46609
47924
49166
50533
51908
53341
54811
56244
57736
59280
60933
62585
64289
66026
67778
69616
71477
73436
75407
77433
79553
81851
84007
86227
88517
90914
93365
95914
98541
101288
104064
106903
109854
112819
115991
119164
122429
125826
129220
132741
136401
140164
144049
147988
152093
156183
160482
165010
169629
174314
179043
183958
188982
194108
199476
205018
210656
216396
222413
228430
234802
241315
247936
254892
261871
269064
276654
284210
292083
300119
308279
316936
325517
334311
343636
353154
362968
372939
383270
393771
404611
415734
427296
439153
451458
463966
476759
490071
503631
517663
531821
546549
561430
576960
592988
609396
626127
643306
661140
679499
698303
717672
737343
757720
778739
800597
822814
845568
869091
893204
918059
943800
970292
997285
1025274
1053614
1083042
1113062
1144405
1176265
1208986
1242634
1277192
1312981
1349950
1387723
1426586
1466360
1507416
1549417
1592747
1637485
1683601
1730392
1778850
1829022
1880356
1932992
1987412
2043514
20787
21311
21919
22497
23175
23818
24468
25174
25843
26518
27228
27983
28804
29636
30499
31331
32167
33072
33918
34871
35862
36865
37883
38957
40081
41193
42338
43519
44773
46050
47323
48754
50115
51481
52893
54372
55935
57518
59222
60845
62573
64370
66151
67976
69928
71924
73918
76005
78190
80480
82735
85078
87529
90072
92546
95191
97909
100673
103508
106436
109400
112465
115674
118863
122139
125525
129169
132877
136675
140514
144364
148422
152662
156821
161270
165775
170432
175352
180296
185416
190620
196144
201719
207397
213307
219295
225382
231850
238351
245099
252084
259311
266686
274310
282035
290213
298609
307246
315919
325017
334160
343720
353415
363576
373840
384339
395319
406485
418215
430221
442550
455329
468418
481760
495417
509790
524428
539393
554432
570161
586232
602853
620377
638103
656321
674848
694088
713762
734205
755361
776950
798993
821705
845537
869878
894909
920537
946890
973759
1001818
1030305
1059781
1090379
1121320
1153721
1186927
1221047
1256180
1291966
1328993
1366917
1406087
1446291
1488039
1530581
1574294
1619743
1666481
1714363
1763588
1814316
1866366
1919963
1975138
2031989
21346
21987
22578
23196
23866
24583
25296
26003
26810
27567
28377
29190
29994
30885
31859
32816
33764
34723
35762
36778
37797
38910
39988
41112
42305
43518
44790
46058
47416
48801
50166
51630
53056
54568
56145
57784
59510
61198
62967
64807
66669
68570
70619
72688
74771
76853
79045
81312
83605
86063
88487
90978
93606
96380
99228
102096
105112
108189
111361
114673
117991
121497
125021
128536
132270
136075
140055
144169
148253
152536
156997
161446
166133
170822
175679
180746
186094
191437
196970
202634
208547
214627
220877
227360
233849
240636
247429
254470
261766
269333
277177
285206
293509
302233
310901
319832
329058
338596
348676
358851
369248
380006
390995
402282
413927
425932
438536
451424
464601
478060
492001
506462
521265
536425
552115
568192
584634
601574
619052
636903
655424
674466
694068
714218
734924
756414
778166
800584
824129
848353
873102
898660
924716
951537
979424
1008017
1037551
1067804
1098982
1131197
1164257
1198190
1233078
1269055
1306122
1344022
1383390
1423626
1465062
1507901
1552358
1597060
1643879
1692108
1741112
1791870
1844252
1898070
1953509
2010484
20436
21033
21631
22240
22918
23550
24203
24902
25599
26363
27154
27960
28787
29639
30497
31398
32307
33258
34177
35187
36173
37224
38302
39407
40522
41702
42977
44214
45478
46882
48331
49726
51129
52612
54152
55739
57303
59028
60689
62508
64376
66162
68069
70035
72088
74183
76386
78605
80827
83156
85598
88043
90585
93300
96086
98832
101712
104682
107763
110957
114194
117531
121029
124586
128296
132140
136053
140060
144174
148493
152953
157583
162260
166963
171827
177035
182197
187543
193119
198862
204807
210940
216995
223558
230240
237037
243953
251117
258607
266196
274075
282004
290374
298909
307807
317061
326291
335991
345779
356050
366566
377401
388670
400219
412132
424319
436902
449870
463140
476544
490620
505313
520484
535874
551510
567825
584858
602297
620243
638651
657474
677279
697377
718288
739396
761257
783737
806709
830757
855624
881064
907062
933915
961519
989993
1019212
1049634
1080425
1112740
1145609
1179473
1214083
1250106
1287001
1325190
1364971
1405755
1447189
1489970
1533906
1579397
1625970
1673679
1723507
1774301
1826729
1881036
1937186
1994362
2053893
21232
21816
22485
23151
23856
24582
25260
26056
26844
27635
28437
29270
30134
31010
31938
32879
33884
34857
35877
36899
37970
39059
40239
41387
42616
43851
45176
46498
47881
49289
50754
52245
53755
55318
57059
58784
60455
62334
64219
66153
68112
70127
72140
74259
76415
78690
80964
83394
85896
88542
91090
93843
96626
99542
102551
105537
108690
111951
115249
118648
122133
125662
129393
133249
137119
141173
145419
149738
154220
158928
163692
168495
173522
178602
183964
189451
194970
200710
206725
212841
219218
225737
232365
239409
246394
253634
261204
268997
277177
285275
293821
302257
311301
320511
330009
339557
349650
360182
370988
381942
393130
405072
417232
429782
442724
455873
469579
483595
498102
512958
528448
544142
560252
577298
594390
612080
630220
648859
668211
688184
708648
729942
751788
774149
796799
820450
845147
870163
896243
922711
950525
978864
1008097
1038383
1069129
1100953
1133995
1168020
1202867
1238880
1275551
1313559
1352626
1392661
1434829
1477346
1521500
1567156
1613913
1661995
1712068
1763287
1815933
1870138
1926001
1983604
2043040
21059
21701
22334
22994
23644
24354
25072
25813
26610
27382
28205
29085
29955
30817
31785
32751
33732
34726
35757
36830
37926
39101
40302
41495
42712
44037
45368
46680
48109
49543
51011
52553
54133
55817
57534
59256
61029
62788
64663
66709
68731
70833
72909
75113
77431
79752
82179
84612
87183
89771
92489
95319
98255
101195
104215
107279
110407
113650
117092
120560
124076
127796
131600
135490
139481
143742
147968
152439
157045
161822
166798
171770
177059
182338
187830
193393
199129
205158
211106
217407
223867
230562
237438
244508
251842
259388
267176
275350
283596
292161
300727
309832
319209
328693
338616
348813
359125
369926
381160
392487
404294
416415
428803
441677
455055
468759
482908
497395
512458
527749
543861
560165
576915
594049
611883
630209
649152
668532
688396
709058
730258
752270
774513
797789
821840
846736
872097
898477
925627
953584
982349
1011998
1042307
1073690
1105872
1139588
1173851
1209255
1245508
1283038
1321438
1361340
1402266
1444228
1487897
1532568
1578491
1625666
1674817
1725315
1777088
1830510
1885121
1941573
1999702
2059848
21137
21804
22484
23193
23883
24517
25221
26011
26797
27621
28454
29305
30146
31006
31938
32895
33891
34936
35944
36977
38116
39304
40502
41737
43060
44315
45702
47011
48452
49924
51478
53043
54632
56286
57955
59616
61499
63314
65239
67146
69168
71235
73292
75553
77856
80139
82537
85057
87625
90299
92979
95795
98665
101647
104685
107907
111182
114491
118011
121648
125264
129036
132989
136972
141201
145436
149764
154289
158803
163589
168490
173604
178820
184202
189720
195397
201328
207428
213711
220112
226812
233685
240886
248189
255517
263186
271087
279330
287767
296538
305523
314853
324482
334273
344408
354673
365470
376503
387762
399389
411399
423794
436540
449761
463542
477673
492126
507138
522463
538079
554042
570690
587893
605804
623991
642734
661973
682044
702434
723378
745405
767901
791271
815134
839709
864976
891115
917805
945188
973738
1003000
1033419
1064641
1096621
1129364
1163329
1198612
1234975
1272098
1310219
1349781
1390515
1432440
1475560
1520389
1566538
1613925
1662505
1713013
1764700
1818307
1873685
1930412
1988587
2048646
21223
21874
22578
23282
24007
24738
25526
26269
27111
27956
28733
29579
30510
31453
32404
33379
34409
35457
36510
37644
38757
39919
41118
42339
43646
44964
46308
47622
49108
50566
52130
53637
55244
56938
58651
60431
62271
64117
66024
68056
70202
72349
74537
76783
79107
81552
84052
86626
89161
91923
94659
97515
100361
103369
106430
109604
112897
116328
119810
123563
127296
131057
135063
139147
143455
147749
152158
156775
161402
166347
171343
176423
181733
187344
193053
198901
205014
211177
217453
224195
230781
237890
245096
252313
259978
267739
275750
284140
292655
301543
310664
320014
329549
339486
349630
360201
371141
382306
393880
405726
417932
430336
443205
456509
470385
484868
499369
514628
530061
545983
562442
579484
596970
614799
633208
652333
672156
692566
713432
735152
757322
780171
803811
828208
853295
878641
905437
932814
961022
990197
1019831
1050641
1082165
1114834
1148773
1183465
1219305
1256335
1293913
1333043
1373444
1415208
1457941
1501834
1547248
1593778
1642171
1691692
1742679
1795329
1850053
1906446
1964342
2024165
21073
21745
22454
23149
23827
24551
25267
26048
26841
27654
28475
29324
30243
31155
32140
33064
34085
35088
36186
37312
38389
39565
40748
41923
43118
44368
45781
47168
48582
50073
51540
53097
54699
56397
58141
59927
61786
63585
65464
67469
69478
71561
73719
75911
78268
80700
83194
85745
88392
90983
93757
96645
99492
102594
105626
108915
112248
115646
119110
122707
126351
130234
134047
138169
142319
146753
151174
155768
160470
165283
170401
175718
180902
186420
192028
197965
203981
210063
216478
223046
229842
236889
244004
251571
259271
267093
275184
283522
292109
300918
310049
319372
329094
339020
349304
359848
370689
381926
393666
405406
417721
430275
443104
456598
470404
484651
499493
514482
529954
546294
562881
580158
597706
616090
634624
654019
673768
694086
715034
736606
758978
782212
805960
830570
855281
880988
907841
935498
963750
992881
1023007
1054132
1086440
1119348
1153029
1188207
1224721
1262072
1300295
1339752
1380141
1422148
1465554
1509671
1555466
1603106
1651911
1701878
1753460
1806573
1861057
1917565
1975820
2035802
21181
21814
22413
23102
23802
24524
25289
26074
26827
27639
28489
29346
30220
31119
32074
33060
34125
35135
36185
37352
38462
39628
40802
42066
43376
44661
46013
47419
48815
50286
51817
53457
55006
56722
58443
60235
62040
63903
65808
67817
69876
71921
74115
76376
78636
81032
83368
86064
88658
91392
94153
97039
99979
103045
106126
109259
112619
116100
119579
123273
126995
130957
134880
138933
143054
147317
151830
156399
161092
166007
170984
176152
181444
186968
192757
198537
204557
210740
217174
223844
230626
237562
244852
252311
259866
267755
275844
284298
292878
301787
310902
320453
330133
339926
350339
360890
371858
383168
394600
406580
418809
431236
444245
457627
471536
485760
500607
515616
531218
547604
564085
581166
598708
616853
635970
655243
674842
695406
716458
738419
760580
783529
807377
831890
857039
883110
909741
937239
965837
995294
1025260
1056623
1088692
1121629
1155667
1190498
1226457
1263487
1301941
1341381
1382289
1424280
1468070
1512622
1558298
1605853
1654652
1704529
1756053
1809444
1864216
1920634
1979160
2038963
20908
21587
22265
22929
23608
24335
25070
25824
26598
27405
28291
29132
30041
30948
31892
32892
33856
34831
35885
36928
38074
39264
40452
41705
42948
44251
45575
47015
48451
49901
51347
52915
54501
56225
57913
59738
61590
63450
65406
67369
69440
71571
73756
76091
78315
80704
83175
85675
88229
90839
93570
96471
99405
102355
105479
108682
111929
115270
118787
122459
126093
129919
133807
137860
141982
146317
150785
155380
160131
165026
170164
175197
180593
186124
191831
197687
203677
209990
216456
223046
229745
236607
243744
251157
258989
266912
274894
283245
291980
300901
310025
319538
329323
339374
349477
360224
371221
382422
393930
405747
418097
430891
443880
457245
470897
485106
499741
514694
530294
546370
563010
580277
597780
615865
634374
653364
673199
693692
714877
736706
758915
781966
805382
829891
854954
880810
907934
935434
963996
993023
1023206
1054307
1086411
1119552
1153629
1188659
1224769
1262250
1300530
1339820
1380792
1422834
1465781
1510366
1555923
1603322
1652071
1702113
1753866
1807290
1862701
1919248
1977487
2037330
20902
21528
22184
22860
23569
24243
24948
25662
26412
27220
27993
28825
29736
30591
31480
32350
33323
34318
35368
36455
37526
38657
39880
41126
42357
43654
44928
46280
47633
49074
50612
52108
53711
55309
57030
58849
60673
62549
64378
66274
68309
70378
72460
74600
76857
79143
81523
83940
86547
89237
91921
94810
97680
100596
103712
106871
110113
113428
116964
120446
124095
127780
131646
135635
139774
143997
148412
152838
157530
162335
167282
172330
177562
182798
188505
194138
200110
206320
212631
219125
225804
232536
239462
246659
254178
261755
269799
278035
286599
295451
304590
313947
323671
333611
343762
354147
364931
375942
387475
399239
411389
423828
436705
449975
463524
477655
492103
507138
522478
538315
554613
571527
588859
606761
625450
644189
663876
683923
704873
726470
748556
771396
794909
819221
844340
869985
896153
923458
951598
980675
1010856
1041673
1073592
1106192
1140016
1175009
1210462
1247623
1285559
1324458
1364948
1406382
1449299
1493296
1538937
1585781
1634234
1684296
1735176
1787953
1842589
1898355
1956357
2015829
20481
21103
21730
22361
23073
23757
24463
25198
25994
26752
27578
28387
29230
30124
31036
32027
32983
34034
35080
36136
37239
38463
39568
40760
42029
43257
44536
45944
47310
48677
50119
51628
53166
54761
56428
58098
59862
61678
63587
65523
67543
69577
71672
73941
76178
78550
80911
83335
85923
88580
91275
94027
97036
99914
103042
106130
109364
112760
116222
119719
123293
127100
131059
135084
139065
143291
147676
152226
156886
161690
166484
171360
176699
182102
187673
193327
199224
205323
211357
217920
224647
231471
238516
245581
253201
260898
268848
277067
285489
294118
303144
312375
321887
331794
341782
352179
362951
374172
385592
397420
409436
421814
434860
448042
461568
475585
490114
504729
520101
536097
552349
569095
586320
604420
622710
641522
660903
680998
701850
723318
745284
767756
790943
814905
839988
865462
891921
919192
946928
975859
1005544
1036060
1067649
1100346
1133996
1168507
1204217
1240821
1278532
1317892
1358032
1399597
1442004
1485843
1531453
1578428
1626058
1675308
1726362
1779140
1833663
1889416
1946815
2006238
20558
21158
21827
22504
23179
23885
24588
25331
26080
26905
27756
28558
29413
30328
31257
32260
33293
34314
35358
36439
37543
38662
39808
41026
42290
43625
44974
46353
47816
49260
50788
52324
53939
55602
57250
59005
60843
62639
64489
66515
68549
70633
72705
74970
77243
79550
81975
84475
87009
89659
92298
95132
98100
101089
104128
107312
110688
114077
117626
121213
124920
128704
132645
136745
140895
145111
149440
154080
158809
163635
168777
173898
179261
184819
190513
196355
202429
208764
215013
221584
228369
235223
242428
249697
257146
265132
273250
281442
290032
298933
308174
317592
327337
337260
347474
358087
369133
380472
391986
403850
416065
428589
441694
455101
469033
483389
498175
513542
529021
545227
561790
578747
596573
614536
633645
653185
673215
693730
714938
736518
758977
782146
806131
830578
855970
881873
908765
936279
964807
994062
1024365
1055573
1087574
1120503
1154960
1190506
1226495
1263704
1302322
1341983
1382856
1425467
1468570
1513298
1559474
1607075
1656028
1706577
1758363
1812192
1867855
1925059
1984005
2044092
21284
21940
22608
23330
23999
24789
25525
26286
27102
27942
28801
29638
30544
31439
32329
33333
34342
35390
36492
37648
38795
39971
41175
42393
43706
45012
46329
47712
49156
50609
52199
53742
55423
57081
58799
60594
62369
64191
66176
68178
70265
72485
74798
77055
79378
81775
84224
86798
89421
92182
95001
97878
100815
104006
107200
110410
113796
117234
120923
124644
128417
132371
136342
140667
144899
149339
153841
158557
163346
168289
173425
178685
184126
189749
195628
201549
207737
214085
220649
227365
234308
241433
248835
256375
264222
272279
280438
288931
297967
307096
316391
326069
336053
346164
356858
367607
378997
390425
402232
414547
427210
440329
453676
467543
481725
496542
511857
527361
543317
559886
576961
594704
612627
631143
650571
670043
690669
711887
733701
756209
779161
802751
827133
852448
878701
905720
933366
961786
990961
1021236
1052327
1084501
1117279
1151210
1186338
1223008
1260342
1299313
1338774
1379660
1421829
1465163
1510133
1555869
1603206
1652319
1702754
1755071
1808659
1864017
1920637
1979663
2039789
21133
21738
22404
23067
23769
24530
25240
25990
26810
27645
28439
29298
30157
31042
31945
32930
33898
34977
36061
37209
38362
39519
40670
41910
43197
44476
45831
47256
48718
50215
51721
53283
54896
56535
58248
60023
61815
63674
65638
67620
69772
71921
74170
76429
78730
81206
83757
86363
89079
91807
94486
97358
100333
103431
106540
109733
113126
116561
120177
123880
127625
131479
135527
139620
143837
148178
152652
157257
162033
166937
172135
177332
182671
188254
194035
199821
205952
212222
218693
225406
232178
239373
246698
254199
261775
269718
277983
286565
295201
304231
313635
323244
333233
343401
353895
364741
375891
387307
398921
411243
424079
437006
450341
464154
478346
493107
508283
523684
539952
556308
573593
591460
609638
628505
647637
667596
688082
709129
731131
753534
776554
800025
824309
849258
875099
901934
929774
958051
987414
1017563
1048544
1080370
1113138
1147388
1182445
1218516
1255584
1294100
1333541
1374101
1416001
1459119
1503628
1549779
1597564
1646016
1696259
1747859
1801077
1856401
1913575
1971818
2032130
20943
21573
22240
22923
23622
24294
25035
25781
26574
27434
28232
29101
29989
30864
31829
32787
33781
34786
35840
36966
38073
39259
40403
41600
42907
44187
45520
46917
48441
49910
51450
53031
54597
56218
57944
59786
61555
63372
65292
67297
69358
71464
73640
75814
78119
80522
83061
85621
88247
90993
93785
96724
99591
102678
105836
109124
112314
115772
119307
122823
126480
130385
134459
138618
142871
147195
151708
156256
161024
165846
170945
176148
181549
187014
192690
198562
204528
210837
217091
223645
230485
237488
244605
252024
259629
267531
275608
283959
292600
301396
310611
320062
329751
339963
350476
361136
372106
383346
394935
407065
419484
432385
445562
459168
473161
487655
502596
518050
533812
550081
566919
584319
602192
620469
639209
658483
678461
699446
720797
742898
765592
788983
813266
838408
864258
890533
917710
945612
974446
1004411
1035372
1066855
1099479
1132803
1167460
1203005
1239688
1277496
1316417
1356523
1397583
1440353
1484029
1528906
1575577
1624067
1673371
1724198
1776663
1830812
1886677
1944694
2004151
20662
21346
22035
22651
23373
24058
24755
25478
26268
27061
27805
28644
29530
30449
31372
32326
33321
34322
35412
36490
37623
38786
39959
41189
42435
43735
45065
46513
47887
49352
50862
52511
54109
55773
57475
59184
61030
62894
64760
