102684
105373
108119
111049
114029
117104
120223
123329
126582
129946
133467
136943
140728
144459
148316
152237
156301
160591
164965
169460
174023
178693
183438
188420
193505
198753
204172
209662
215261
221083
227061
233021
239302
245796
252396
259074
266053
273244
280653
288219
296120
304165
312463
320891
329679
338530
347658
357169
366841
376800
386944
397561
408343
419258
430715
442568
454643
467053
479561
492649
506217
520010
534237
548731
563709
579192
594992
611445
628276
645578
663475
681673
700377
719513
739179
759422
780111
801476
823324
845939
868980
892956
917327
942372
968101
994896
1022181
1050148
1079200
1109067
1139489
1170774
1203037
1236453
1270416
1305565
1341441
1378591
1417003
1456254
1496451
1537849
1580409
1624071
1669034
1715155
1763120
1811999
1862223
1913736
1966867
2021432
20627
21192
21769
22354
22952
23583
24299
25005
25680
26395
27127
27930
28696
29545
30374
31188
32057
32981
33943
34889
35872
36869
37909
38924
40006
41175
42282
43460
44712
45995
47262
48580
49905
51264
52731
54225
55785
57320
58936
60679
62418
64231
66066
67962
69855
71834
73821
75915
77985
80105
82416
84788
87208
89711
92272
94943
97630
100456
103368
106345
109464
112593
115841
119200
122523
126013
129673
133396
137245
141018
145070
149228
153505
157926
162422
167033
171809
176628
181697
186899
192278
197892
203550
209272
215306
221433
227649
233981
240604
247524
254471
261619
269180
276798
284727
292917
301308
310153
319088
328386
337765
347559
357465
367750
378360
389280
400541
412175
424108
436271
448848
461668
475053
488610
502545
517202
532248
547497
563412
579714
596362
613504
631127
649425
668268
687533
707524
728121
749263
770826
793120
816248
839794
864370
889222
915046
941926
969340
997427
1026016
1055914
1086636
1118122
1150725
1183898
1218355
1253901
1289815
1327402
1365898
1405576
1446290
1488191
1531403
1575990
1622541
1670014
1718971
1768945
1820637
1873768
1928058
1984562
2042899
20987
21575
22186
22791
23485
24183
24866
25623
26369
27162
27948
28746
29585
30464
31357
32322
33296
34253
35261
36285
37302
38349
39452
40595
41812
43067
44311
45543
46882
48236
49712
51144
52697
54246
55791
57470
59156
60898
62622
64470
66428
68392
70421
72566
74694
76878
79149
81478
83938
86411
89000
91557
94198
97000
99784
102703
105745
108852
112029
115297
118675
122115
125776
129523
133420
137401
141346
145602
149944
154315
158908
163560
168414
173448
178672
184102
189486
195222
201087
207094
213201
219539
226046
232894
239846
246991
254425
262027
269771
277704
286014
294641
303371
312425
321933
331430
341321
351578
362214
373050
384261
395792
407758
420225
432921
445814
459337
473167
487349
502054
516947
532666
548486
565011
581957
599290
617438
635903
655050
674799
694966
715785
737269
759364
782238
806176
830479
855664
881418
908286
935700
964140
993578
1023500
1054258
1085721
1118504
1152331
1187085
1222967
1259866
1298121
1337397
1377878
1419394
1462036
1506247
1551677
1598499
1646690
1696413
1747468
1800171
1854719
1911080
1968996
2028754
21140
21799
22426
23080
23834
24512
25262
26022
26786
27596
28424
29303
30190
31093
32063
32996
34055
35078
36106
37250
38384
39550
40782
42088
43332
44666
46030
47385
48879
50349
51974
53513
55093
56768
58393
60226
62124
63988
65965
68023
70055
72179
74465
76699
78987
81398
83819
86345
88947
91714
94378
97326
100375
103434
106570
109737
113136
116565
120226
123885
127792
131659
135746
139888
144215
148722
153203
157984
162824
167854
172928
178129
183561
189258
195198
201059
207183
213582
220186
226943
233856
241135
248725
256360
264077
272173
280422
289123
298085
307319
316806
326619
336644
346885
357540
368595
380132
391657
403887
416292
428848
442024
455749
469636
484213
499099
514600
530278
546734
563584
580746
598607
616927
635867
655761
675782
696631
718124
740202
762975
786513
810604
835490
861346
887807
915235
943539
972791
1003089
1034081
1065878
1098996
1132733
1167738
1203473
1240611
1278898
1318414
1359533
1401426
1444824
1489677
1535347
1583103
1632056
1682761
1734544
1787822
1842941
1899810
1958721
2019539
20804
21473
22112
22776
23470
24156
24888
25664
26453
27295
28174
28986
29906
30864
31850
32817
33820
34871
35929
37017
38201
39411
40582
41782
43062
44410
45684
47100
48580
50069
51532
53153
54801
56547
58335
60128
61901
63815
65856
67955
70101
72238
74426
76738
79122
81529
84090
86754
89491
92351
95290
98267
101207
104400
107641
111094
114601
118087
121832
125623
129606
133563
137684
141988
146520
151040
155754
160639
165610
170903
176377
181930
187647
193582
199601
205819
212232
218917
225903
232930
240257
247885
255569
263529
271718
280174
288922
297959
307420
317076
327065
337274
347752
358804
369953
381347
393190
405642
418428
431545
445172
459153
473748
488634
504077
520034
536375
553238
570706
588613
607009
625911
645347
665546
686308
707882
730157
753151
776879
801174
826280
852529
879224
906850
935374
964682
994962
1026433
1058767
1092304
1126570
1162377
1199002
1236737
1275547
1315644
1356840
1399562
1443626
1489328
1536393
1584504
1634105
1685581
1739113
1794043
1850428
1908488
1968681
2031007
20919
21548
22238
22917
23658
24385
25123
25989
26812
27644
28492
29412
30352
31304
32314
33314
34402
35478
36564
37624
38808
40001
41307
42669
44039
45449
46883
48368
49850
51392
53026
54633
56346
58152
59966
61938
63937
65957
68057
70251
72443
74719
77128
79583
82036
84583
87248
89978
92736
95704
98770
101762
105054
108398
111907
115486
119011
122781
126651
130712
134908
139159
143520
148071
152759
157460
162579
167703
172993
178474
184147
189959
196056
202343
208755
215374
222220
229197
236533
244033
251902
259942
268187
276905
285757
294858
304095
313768
323784
334000
344601
355415
366790
378555
390787
403186
416002
429262
443038
457205
471786
486881
502563
518268
534785
551817
569523
587757
606486
625861
645745
666356
687587
709486
731806
754992
778951
803693
829551
856056
883571
911746
940853
970798
1001340
1033435
1066537
1100389
1135689
1171720
1209189
1247582
1287113
1328447
1370858
1414544
1459825
1506491
1554672
1604383
1655396
1708063
1762868
1819260
1877540
1937217
1998794
2062588
21482
22162
22901
23656
24434
25218
26011
26875
27698
28579
29513
30388
31357
32359
33359
34334
35421
36504
37664
38903
40123
41446
42799
44249
45700
47107
48584
50211
51860
53538
55201
57091
58948
60804
62765
64796
66909
68980
71199
73509
75915
78284
80828
83472
86168
88978
91852
94817
97818
100939
104226
107496
111016
114487
118154
121926
125870
129833
133986
138392
142806
147354
152027
156926
162042
167276
172669
178225
183913
189976
195929
202136
208556
215220
222302
229445
236861
244497
252183
260374
268679
277499
286454
295663
305107
314980
325011
335326
346035
357152
368485
380223
392229
404866
417944
431246
444997
459302
473960
489360
505018
521327
538261
555656
573572
592085
611238
630470
650963
672038
693727
716051
739048
762729
787635
812951
839149
866096
893978
922836
952547
983132
1014931
1047808
1081511
1116282
1152320
1189147
1227288
1266724
1307575
1349823
1393475
1438058
1484310
1532254
1581194
1632090
1684562
1738896
1794926
1853021
1912603
1974432
2037935
21133
21818
22536
23266
23996
24772
25566
26410
27240
28105
29056
30050
31009
32061
33082
34180
35278
36468
37622
38826
40115
41416
42720
44097
45554
47062
48643
50258
51914
53580
55334
57098
58942
60867
62893
64949
67094
69260
71386
73675
75984
78460
81054
83708
86396
89195
92059
95101
98209
101344
104629
107975
111406
114981
118622
122411
126349
130468
134644
138781
143283
147915
152693
157595
162641
167732
173113
178718
184490
190356
196541
202992
209589
216471
223338
230514
238120
245923
253730
261937
270406
279028
288100
297448
307042
316914
327213
337991
348765
359871
371785
383944
396410
409121
422310
436010
450095
464775
479791
495487
511384
527981
545128
562819
580968
599814
618983
638785
659597
681079
702973
725703
748963
773022
798028
823804
850708
878376
906549
935948
966198
997177
1029428
1062641
1096986
1132650
1169713
1207688
1246761
1286677
1328376
1371371
1415649
1461799
1509163
1558319
1608781
1660764
1714434
1770366
1827977
1887087
1948495
2011637
20682
21371
22054
22798
23544
24259
24992
25819
26681
27591
28502
29403
30396
31325
32322
33379
34438
35558
36673
37863
39116
40359
41617
42938
44350
45758
47221
48716
50343
51937
53605
55323
57178
59023
60920
62923
65013
67092
69250
71538
73881
76320
78791
81308
83931
86699
89492
92433
95496
98554
101786
105185
108698
112174
115805
119543
123387
127349
131643
135931
140395
145073
149839
154767
159782
164993
170247
175781
181537
187518
193520
199711
206208
213076
220033
227015
234412
242048
249778
257803
266190
274990
284053
293194
302630
312451
322508
333080
343968
355301
366803
378679
390981
403698
416802
430436
444322
458800
473783
489186
505139
521423
538315
555644
573573
592499
611712
631699
652306
673501
695508
717807
740757
764706
789485
814990
841481
869217
897743
926879
957118
988064
1020330
1053779
1088122
1123444
1160353
1197955
1237041
1277380
1319396
1362290
1406846
1453078
1500239
1548886
1599393
1650988
1704263
1760007
1817052
1876396
1937982
2001203
20622
21271
21948
22628
23384
24146
24875
25697
26548
27413
28363
29291
30222
31241
32295
33346
34490
35595
36804
38026
39218
40499
41854
43220
44633
46078
47539
49095
50670
52320
54010
55723
57568
59329
61292
63251
65277
67355
69535
71850
74266
76716
79287
81864
84498
87232
89983
92971
96047
99163
102403
105774
109155
112732
116358
120136
124009
128121
132401
136666
141082
145709
150432
155340
160329
165575
171001
176564
182336
188158
194296
200635
207095
213867
220842
228244
235761
243493
251423
259746
268317
277042
286179
295350
305119
315139
325172
335738
346553
357992
369693
381642
394086
406936
420325
434053
448112
462732
477905
493471
509627
526098
543286
560872
579187
597957
617562
637890
658707
680676
702855
725832
749548
773904
798998
825116
852274
879853
908578
938094
968633
1000119
1032947
1066386
1101323
1137208
1174187
1212583
1252075
1293069
1335484
1379582
1424320
1470876
1519143
1568691
1620230
1673459
1728194
1784402
1843273
1903266
1965327
2029579
20769
21419
22084
22764
23488
24297
25110
25942
26760
27626
28510
29464
30349
31352
32361
33360
34413
35498
36598
37773
39056
40383
41760
43117
44586
46026
47553
49037
50567
52236
53919
55694
57461
59380
61353
63360
65431
67541
69724
71969
74301
76736
79205
81710
84374
87219
90055
93024
96134
99119
102277
105683
109329
112938
116694
120479
124514
128571
132761
137166
141623
146070
150841
155751
160896
166121
171639
177282
183165
189233
195541
202027
208549
215482
222588
229834
237244
244955
253060
261380
269848
278558
287596
297045
306839
316837
327102
337830
348725
360157
371903
383955
396480
409514
422803
436740
451000
465828
480862
496489
512596
529289
546578
564685
583132
602285
622138
642367
663448
684997
707336
730773
754890
779725
805348
831584
858741
886821
915824
945874
976626
1008407
1041357
1075502
1110795
1147210
1184416
1223160
1263087
1304412
1346921
1391098
1436838
1483984
1532885
1583206
1635295
1688723
1744036
1801162
1859616
1920472
1983516
2048377
21316
22040
22764
23535
24306
25087
25895
26744
27651
28567
29509
30500
31510
32482
33575
34674
35814
36999
38225
39463
40743
42048
43372
44806
46300
47839
49330
50894
52611
54295
56062
57905
59787
61794
63815
65989
68250
70510
72873
75354
77847
80433
83077
85818
88685
91513
94451
97473
100662
104019
107348
110929
114587
118324
122290
126220
130401
134728
139082
143688
148421
153341
158409
163519
168885
174323
179896
185799
191903
198151
204571
211262
218021
225087
232649
240237
248079
256319
264710
273282
282292
291605
301112
311253
321328
331694
342612
353762
365431
377588
390056
402799
415984
429681
443791
458513
473550
489096
505161
521665
538826
556471
574601
593245
612761
632904
653673
675349
697595
720432
744208
768723
793729
819557
846472
874184
902679
932350
963177
994693
1027366
1061227
1096149
1132034
1169073
1207096
1246675
1287839
1330253
1373564
1418921
1465581
1513802
1563512
1614963
1668044
1722937
1779023
1837400
1897513
1960098
2024230
20953
21630
22341
23070
23849
24601
25370
26190
27079
27931
28887
29831
30814
31798
32899
33978
35131
36347
37489
38695
40016
41345
42730
44162
45621
47074
48586
50189
51819
53454
55165
56962
58856
60839
62857
64831
66977
69161
71454
73792
76173
78697
81241
83867
86676
89504
92436
95401
98571
101763
105103
108429
111947
115732
119519
123296
127346
131387
135704
140228
144944
149577
154518
159640
164911
170340
175940
181726
187718
193828
200219
206911
213860
220853
228165
235824
243354
251327
259619
268032
276726
285693
295146
304798
314718
325103
335740
346849
358239
370072
382115
394648
407616
421042
434827
449146
463817
479238
494926
511179
527987
545521
563608
582139
601392
621258
641656
662507
683985
706544
729820
753810
778863
804453
830765
857854
885901
914997
944773
976128
1008139
1041315
1075593
1111129
1147598
1185127
1223786
1263981
1305337
1348565
1393127
1438904
1486105
1535111
1585376
1637818
1691720
1747672
1804868
1863800
1925217
1988798
2054130
21182
21882
22590
23337
24084
24863
25653
26455
27272
28171
29109
30017
31025
32064
33104
34182
35311
36489
37674
38953
40216
41534
42871
44320
45821
47345
48960
50605
52301
54089
55876
57704
59566
61582
63650
65730
67832
70102
72419
74821
77302
79908
82534
85179
88003
90916
93897
96973
100180
103408
106886
110476
114134
117868
121692
125594
129753
133892
138232
142803
147511
152351
157346
162467
167738
173246
178848
184569
190671
196948
203463
210012
216968
224180
231551
239154
247006
255038
263418
272060
281131
290336
300024
309799
320029
330577
341522
352769
364289
376417
388802
401676
414752
428370
442311
456899
471952
487725
503566
520095
537088
554753
573074
591837
611317
631254
652107
673602
695846
718820
742559
767071
792013
818178
845073
873038
901617
931324
961814
993065
1025403
1058812
1093491
1129715
1166665
1204698
1244155
1285192
1327253
1370962
1415954
1462381
1510272
1559928
1611273
1664214
1718965
1775842
1834203
1894580
1956757
2021103
20868
21538
22224
22921
23662
24487
25297
26133
27013
27876
28759
29651
30637
31682
32700
33800
34924
36065
37203
38387
39669
40938
42280
43675
45060
46549
48067
49619
51231
52849
54551
56373
58285
60211
62204
64223
66283
68384
70582
72907
75291
77706
80253
82855
85575
88390
91218
94301
97327
100418
103705
107079
110479
114173
117931
121769
125872
129930
134144
138575
143212
147944
152769
157705
162851
168130
173693
179411
185335
191406
197806
204269
211090
218110
225203
232641
240211
248152
256326
264815
273575
282551
291814
301427
311412
321697
332462
343414
354806
366562
378558
390868
404141
417283
430999
445157
459747
474938
490452
506629
523530
540642
558256
576627
595715
615183
635603
656211
677794
700090
722975
746911
771355
796956
823123
850463
878339
907272
937231
967851
999660
1032520
1066454
1101436
1137923
1175194
1213853
1253823
1294945
1337432
1381572
1427117
1473944
1522544
1573021
1624782
1677910
1733248
1790114
1848968
1909518
1971969
2036468
21247
21951
22677
23430
24222
25023
25873
26771
27631
28590
29581
30559
31578
32589
33649
34820
35926
37148
38390
39653
40930
42180
43558
44982
46518
48093
49684
51355
53037
54800
56556
58464
60368
62341
64347
66407
68596
70778
73150
75497
78072
80645
83381
86069
88935
91910
94956
98125
101326
104721
108157
111685
115323
119162
123133
127230
131484
135824
140366
144980
149612
154520
159594
164821
170211
175768
181530
187482
193671
200220
206973
213744
220773
228060
235620
243336
251429
259675
268156
277053
286249
295625
305389
315377
325762
336596
347752
359134
370934
383355
395999
409159
422640
436570
450922
465756
481239
497073
513446
530243
547906
565875
584476
603579
623632
644035
665223
687218
710090
733466
757638
782890
808779
835472
862928
891354
920727
951237
982720
1015183
1048477
1082851
1118682
1155575
1193725
1233066
1273703
1315376
1358608
1403216
1449320
1497086
1546354
1597026
1649583
1703653
1759609
1817555
1877411
1939573
2003513
20581
21251
21969
22679
23411
24185
25000
25856
26742
27600
28502
29468
30434
31453
32488
33559
34717
35876
37107
38379
39624
40950
42250
43530
44995
46461
47958
49532
51099
52781
54571
56298
58251
60139
62131
64196
66296
68537
70715
72993
75356
77924
80478
83092
85824
88562
91444
94406
97514
100741
104046
107572
111216
115006
118807
122797
126869
131075
135363
139825
144493
149117
154105
159216
164494
169946
175461
181121
186934
193037
199360
205894
212522
219641
226778
234331
242030
250228
258265
266747
275477
284528
293858
303590
313516
323802
334467
345527
357056
368807
380841
393225
406156
419653
433382
447684
462509
477882
493506
509737
526517
543857
561684
580081
599230
619030
639403
660331
682037
704467
727855
751903
776639
801956
828656
855799
883775
912838
942821
974270
1006271
1039310
1073488
1108762
1145472
1182989
1222382
1262597
1303851
1346879
1391053
1436528
1484045
1532858
1582917
1634967
1688728
1744237
1801223
1860078
1921487
1985216
2050712
21139
21863
22565
23341
24131
24901
25688
26468
27353
28265
29196
30140
31111
32046
33136
34167
35340
36478
37609
38855
40154
41523
42861
44296
45734
47257
48815
50471
52125
53896
55632
57469
59398
61367
63415
65464
67563
69680
72012
74313
76712
79194
81891
84484
87255
90157
93063
96129
99284
102607
106022
109591
113143
116902
120605
124554
128779
133099
137481
141949
146622
151360
156460
161695
167077
172532
178214
184165
190314
196610
203142
209884
216861
223842
231198
238819
246728
254880
263427
272094
280922
290306
299981
309842
320147
330677
341555
352649
364246
376542
388999
401972
415061
428682
442607
457125
472129
487779
503905
520714
537853
555449
573761
592623
612138
632352
653137
674645
696850
719658
743190
767567
792691
818832
845829
873635
902518
932321
962850
994651
1027128
1061064
1095718
1131798
1168970
1207590
1247231
1288533
1330412
1373968
1419209
1465947
1514296
1564388
1616089
1669232
1723939
1780843
1839315
1899172
1961652
2025867
21014
21681
22366
23119
23882
24703
25529
26376
27238
28125
29025
29946
30959
31968
33016
34084
35211
36344
37533
38764
40055
41353
42661
44083
45497
46966
48510
50125
51772
53484
55165
57074
58956
60805
62867
64938
67012
69246
71488
73858
76257
78762
81392
84118
86895
89875
92800
95848
99094
102345
105667
109153
112719
116457
120306
124254
128343
132383
136687
141336
146035
150808
155715
160754
165962
171441
177058
182826
188933
194929
201299
207959
214784
221833
229276
236885
244688
252842
261249
269907
278783
287856
297354
307059
317310
327764
338617
349639
361214
372927
385206
397893
410914
424469
438397
452805
467803
483292
499260
515540
532687
550234
568323
587066
606367
626503
647191
668880
690965
713775
737374
761371
786607
812591
839498
867162
895724
925199
955447
986761
1019196
1053089
1088037
1124127
1161034
1199377
1238773
1279652
1321993
1365463
1410291
1456678
1504530
1554321
1605945
1658862
1713489
1770072
1828210
1888060
1950301
2014204
20815
21481
22249
22955
23725
24517
25334
26171
27068
28014
28944
29877
30890
31896
32912
34039
35173
36343
37446
38643
39964
41272
42597
43972
45514
47043
48668
50239
51806
53620
55279
57015
58904
60839
62840
64957
67075
69384
71663
74036
76561
79003
81608
84375
87125
89946
92978
95983
99080
102380
105723
109296
112810
116523
120358
124333
128383
132554
136882
141285
145920
150916
155879
160979
166327
171871
177394
183278
189318
195679
202141
208730
215609
222639
229982
237691
245677
253808
262201
270791
279792
289003
298659
308454
318575
329148
340178
351500
363115
375233
387679
400405
413704
427619
441569
456132
471197
486588
502605
519212
536479
553997
572110
590746
610170
630367
650815
672111
694103
716929
740600
765053
790046
816118
843086
870752
899605
929281
960197
991855
1024860
1058776
1093572
1129289
1166567
1204814
1244627
1285734
1327926
1371604
1417115
1463817
1512127
1562264
1613946
1667458
1722717
1779161
1838379
1898951
1961539
2026498
21030
21759
22510
23250
23998
24791
25612
26458
27321
28188
29155
30106
31092
32139
33174
34337
35490
36666
37872
39077
40407
41721
43099
44514
45987
47578
49138
50709
52397
54072
55932
57706
59581
61577
63568
65722
67831
70019
72400
74749
77153
79701
82352
84962
87827
90758
93697
96802
99966
103252
106580
110113
113762
117462
121280
125354
129367
133679
138074
142612
147229
152149
157193
162267
167562
173129
178953
184996
191089
197503
203999
210687
217704
224867
232300
239831
247773
255917
264441
273376
282478
291634
301216
311215
321453
331826
342819
354064
365616
377670
390162
402888
416297
429865
444385
459025
474140
489452
505640
522492
539633
557300
575844
594967
614843
634756
655828
677288
699656
722720
746215
770949
796407
822524
849906
878040
