102689
105466
108261
111159
114189
117249
120407
123558
126861
130313
133779
137256
140883
144634
148502
152376
156455
160657
164833
169415
173939
178625
183404
188099
192979
198171
203445
208884
214280
220071
225970
232063
238367
244844
251335
258089
264993
272184
279399
286760
294492
302386
310485
318875
327665
336574
345920
355355
365008
374979
385215
395709
406700
417496
428905
440642
452816
465053
477730
490775
504042
517930
532061
546538
561590
576818
592406
608688
625312
642429
660274
678289
696800
715910
735525
755702
776391
797349
819149
841557
864613
888441
912903
938051
963867
990383
1017468
1045223
1073859
1103596
1133853
1164970
1197037
1230074
1263782
1298504
1334128
1370757
1408689
1447702
1487603
1528740
1570931
1614158
1658809
1704687
1751810
1800360
1850433
1902040
1954827
2008754
20618
21194
21743
22328
22968
23637
24279
24916
25597
26309
27033
27824
28577
29341
30170
31036
31903
32768
33644
34577
35486
36482
37496
38563
39668
40766
41894
43032
44205
45456
46656
47940
49319
50662
52054
53456
55001
56515
58123
59834
61526
63289
65105
66881
68751
70677
72653
74670
76743
78920
81087
83367
85733
88152
90699
93256
95867
98642
101413
104178
107057
110119
113247
116376
119660
123081
126642
130255
133873
137669
141571
145515
149650
153939
158342
162812
167518
172335
177314
182281
187523
192689
198157
203889
209689
215640
221828
228173
234661
241401
248376
255408
262692
270106
277803
285658
293808
302214
310815
319546
328534
337938
347633
357408
367769
378337
389168
400415
411867
423774
435910
448368
461301
474378
488060
502170
516504
531625
546806
562543
578984
595655
612876
630584
648694
667470
686668
706318
726771
747608
769297
791450
814313
838090
862587
887392
913184
939659
967193
995104
1023706
1053223
1083844
1114952
1147432
1180583
1215068
1250110
1286091
1323498
1361827
1401423
1442440
1484547
1527621
1572166
1617945
1664674
1713041
1762905
1814141
1866868
1921260
1977279
2034863
20922
21524
22187
22826
23492
24198
24890
25620
26385
27151
27925
28730
29541
30391
31309
32194
33145
34060
34993
36011
37025
38067
39233
40343
41554
42759
43955
45221
46543
47873
49352
50741
52195
53706
55288
56903
58590
60320
62086
63932
65839
67892
69958
72017
74179
76367
78601
80920
83343
85863
88341
90885
93531
96315
99040
101924
104975
108183
111217
114584
118009
121474
124954
128599
132517
136476
140464
144545
148894
153283
157729
162434
167283
172234
177371
182664
188105
193623
199429
205219
211226
217474
223914
230605
237566
244798
252076
259567
267223
275261
283635
292169
300954
309946
319089
328706
338452
348714
359117
369664
380733
391809
403643
415792
428297
441085
454181
467772
481784
496212
511168
526444
542182
558214
574786
591936
609771
627949
646806
665997
685880
706458
727562
749409
772210
795162
818988
843628
868852
894986
921917
949718
978245
1007888
1038237
1069811
1101857
1134782
1168829
1204048
1240188
1277465
1316076
1355790
1397028
1438784
1482073
1526710
1573327
1620799
1670065
1720611
1772590
1825895
1881040
1937730
1996460
2056956
21215
21849
22505
23193
23927
24638
25350
26091
26890
27705
28516
29381
30235
31132
32060
33061
34084
35178
36309
37428
38552
39681
40882
42099
43364
44654
45986
47424
48822
50320
51849
53467
55136
56801
58570
60303
62137
63964
65941
67896
70037
72175
74356
76642
78942
81383
83854
86340
88969
91720
94505
97423
100446
103489
106652
109898
113180
116549
120056
123730
127465
131403
135441
139559
143803
148142
152666
157339
162129
167060
172150
177439
182929
188428
194199
200075
206148
212514
219004
225838
232768
240132
247611
255125
262969
270872
279048
287639
296468
305505
314914
324576
334596
344857
355427
366277
377377
389242
400946
413252
426031
438915
452478
466415
480705
495467
510827
526404
542824
559726
576888
594486
612755
631617
651224
671257
691940
713351
735214
757777
781184
805367
830146
855865
882110
909284
937206
966066
995926
1026836
1058452
1090949
1124800
1159311
1195154
1232489
1270758
1310241
1350680
1392532
1435677
1479931
1525892
1573403
1622067
1671911
1723842
1777232
1832456
1889409
1948418
2008563
20572
21241
21896
22571
23203
23888
24629
25417
26175
26986
27800
28716
29559
30453
31414
32351
33418
34486
35580
36694
37814
39015
40210
41410
42684
44057
45446
46902
48338
49831
51380
52952
54573
56284
58052
59820
61677
63619
65503
67586
69672
71791
74069
76338
78677
81058
83570
86170
88790
91579
94473
97440
100368
103493
106661
109955
113287
116780
120383
124111
127845
131709
135849
140166
144587
149126
153815
158655
163638
168878
174166
179573
185161
191104
196984
203129
209482
215892
222677
229567
236720
244256
252002
259877
267948
276326
284945
293982
302999
312365
322183
332253
342506
353277
364284
375517
387252
399324
411732
424628
438093
451738
465885
480259
495332
511177
527226
543903
561047
578645
596631
615468
634546
654136
674596
695740
717503
740070
763121
786997
811795
837062
863124
890270
918338
947029
976355
1006836
1038731
1071618
1105513
1140203
1175709
1213061
1251248
1290627
1331376
1373399
1416344
1460992
1507181
1554723
1603107
1653665
1705738
1759756
1815199
1872483
1931625
1992723
2055294
21215
21824
22531
23275
23977
24734
25503
26290
27122
28022
28939
29815
30777
31734
32734
33777
34761
35919
37086
38223
39498
40736
42032
43345
44677
46111
47573
49024
50592
52259
53965
55635
57372
59222
61127
63070
65112
67199
69257
71411
73629
75973
78338
80873
83437
86162
88872
91730
94555
97556
100672
103888
107141
110620
114112
117803
121557
125450
129508
133668
137867
142152
146528
151245
156077
160982
166104
171358
176738
182260
188069
193945
200068
206551
213039
219756
226777
233987
241408
249181
256992
265149
273414
282085
291192
300302
309845
319474
329573
340049
350899
362045
373676
385600
397714
410237
423385
436957
450808
464942
479651
494900
510539
526753
543644
560802
578526
597067
616010
635709
655887
676722
698164
720192
743177
766758
791329
816489
842424
869115
896712
925251
954747
985210
1016634
1048646
1081843
1116543
1152147
1189097
1226706
1266002
1306264
1348104
1390942
1435282
1481339
1528636
1577863
1628189
1680082
1733613
1788865
1846253
1905160
1965719
2028573
20600
21237
21872
22577
23262
24015
24778
25580
26382
27220
28117
28980
29935
30916
31869
32880
33889
35030
36126
37274
38445
39672
40927
42256
43605
44976
46442
47930
49511
51188
52837
54577
56278
58136
60011
62081
64146
66247
68416
70573
72837
75124
77516
80003
82563
85347
88119
91027
93959
96949
100164
103385
106717
110089
113640
117170
120926
124757
128762
132907
137242
141711
146223
150875
155626
160657
165881
171189
176798
182667
188535
194444
200664
207018
213562
220380
227381
234524
242019
249714
257764
266185
274746
283573
292754
302153
311870
321917
332157
342714
353529
364851
376644
388671
400946
414005
427308
440920
455423
470084
485429
500849
516924
533577
550807
568365
586620
605318
624869
644747
665445
687019
709024
731806
755411
779628
804829
830888
857501
885048
913284
942865
972964
1003936
1036327
1069756
1104252
1139488
1176158
1214396
1253565
1293969
1335320
1378037
1422432
1468337
1515756
1564752
1615463
1667455
1721526
1777139
1834464
1893294
1954285
2017540
20778
21424
22101
22851
23567
24304
25107
25928
26770
27620
28495
29419
30396
31414
32370
33425
34481
35623
36738
38013
39229
40464
41756
43081
44566
46061
47610
49134
50711
52359
53952
55747
57513
59443
61340
63326
65347
67543
69621
71917
74240
76644
79132
81586
84324
87042
89870
92805
95815
98921
102141
105466
108789
112280
115970
119726
123488
127482
131630
135866
140298
144737
149327
154114
159082
164300
169666
175273
180895
186673
192742
199073
205409
212032
218711
225723
233255
240776
248458
256462
264761
273329
282016
291111
300282
309953
319874
330171
340705
351601
362786
374713
386845
399474
412386
425661
439548
453811
468318
483438
499063
515322
531955
549197
567035
585418
604580
624038
644129
664888
686434
708682
731780
755636
779961
805131
831251
858068
885856
914702
944251
974848
1006419
1038963
1072821
1107456
1143550
1180229
1218784
1258560
1299366
1341007
1384428
1429364
1475503
1523437
1572578
1623599
1676294
1730559
1786467
1844685
1904551
1966801
2030453
20896
21550
22319
23051
23787
24580
25369
26132
26999
27814
28689
29605
30537
31483
32545
33585
34726
35871
37036
38253
39507
40784
42138
43515
44931
46370
47841
49480
51033
52679
54373
56123
57864
59761
61658
63702
65785
67944
70180
72405
74772
77188
79617
82207
84895
87719
90507
93436
96370
99439
102666
106003
109410
112949
116619
120410
124386
128455
132558
136876
141258
145928
150695
155637
160654
165820
171235
176843
182653
188536
194537
200848
207473
214201
221044
228232
235683
243436
251450
259586
268002
276564
285396
294723
304331
314245
324540
334913
345872
357056
368691
380876
393185
405811
419111
432730
446725
461147
476098
491621
507659
524182
541278
558944
576971
595529
614869
635088
655847
677166
699021
721661
745164
769448
794291
820465
847313
874968
903666
932845
963144
994463
1026623
1059968
1094222
1129556
1166150
1203694
1242999
1284003
1325611
1368651
1413129
1458761
1506046
1555205
1605749
1657636
1711456
1767130
1824016
1882788
1944006
2007593
20614
21251
21903
22619
23358
24100
24866
25667
26520
27416
28332
29250
30179
31136
32231
33247
34380
35494
36677
37826
39028
40271
41645
43031
44465
45931
47417
48923
50520
52219
53875
55662
57504
59401
61296
63313
65350
67427
69686
71969
74324
76780
79349
81972
84562
87376
90193
93191
96171
99328
102573
105938
109437
112984
116608
120339
124213
128195
132443
136714
141187
145779
150483
155390
160471
165780
171211
176796
182510
188444
194619
200954
207368
214140
221198
228430
235837
243563
251362
259495
268044
276822
285889
295142
304652
314722
324852
335280
346267
357694
369608
381453
393823
406876
420015
433672
447962
462416
477449
492899
508857
525615
542640
560341
578516
597349
616961
637172
658260
679645
701802
724508
748179
772557
797535
823467
850483
878359
906853
936559
967084
998640
1031378
1065236
1100412
1136356
1173159
1211576
1251029
1292126
1334158
1377754
1422705
1469346
1517215
1566619
1617824
1670678
1725445
1781599
1839855
1899872
1962245
2026324
21019
21700
22398
23170
23966
24750
25548
26375
27242
28091
29062
30011
31005
32009
33010
34058
35215
36366
37597
38784
40089
41404
42811
44272
45687
47244
48770
50299
51952
53655
55493
57314
59198
61147
63143
65177
67246
69462
71770
74181
76578
79116
81729
84406
87214
90112
93053
95991
99210
102316
105707
109248
112837
116526
120318
124267
128233
132368
136730
141337
146139
150955
155927
161091
166339
171710
177241
182953
188924
195051
201541
208232
215119
222153
229501
236909
244597
252584
260897
269522
278336
287373
296733
306458
316434
326640
337439
348344
359848
371588
383841
396293
409091
422550
436468
450830
465621
480919
496556
512572
529486
546722
564712
582915
601681
621483
641993
663007
684680
707170
730322
754336
778993
804313
830597
857825
885837
914969
944939
975944
1008016
1040922
1074844
1110055
1146458
1184047
1222959
1262794
1304314
1346846
1390936
1436577
1483732
1531824
1582039
1633959
1687224
1742511
1799501
1858587
1919240
1982603
2047766
21326
22034
22737
23469
24249
25072
25912
26813
27669
28568
29547
30495
31470
32502
33566
34670
35843
37091
38288
39568
40869
42236
43587
45079
46538
48016
49558
51131
52775
54417
56141
58016
59916
61876
63936
65993
68190
70495
72760
75197
77651
80200
82802
85408
88297
91145
94121
97106
100234
103507
106911
110348
113947
117749
121694
125690
129742
134122
138548
143098
147790
152624
157641
162807
168186
173711
179348
185328
191487
197857
204342
210877
217836
225061
232460
240061
247905
256229
264663
273394
282264
291500
301181
310996
321269
331763
342805
354007
365762
377915
390307
403112
416269
429986
444324
459030
474050
489687
505523
522346
539538
557415
575587
594457
613975
634184
655028
676435
698429
721330
745076
769440
794496
820500
847481
875249
904008
933505
964261
995905
1028419
1061809
1096753
1132612
1169710
1207757
1247405
1288239
1330759
1374646
1419780
1466382
1514244
1563603
1615145
1667797
1722531
1778712
1836966
1897290
1959766
2024047
20814
21484
22200
22947
23653
24447
25270
26131
26996
27825
28751
29716
30686
31763
32768
33840
34973
36106
37294
38526
39795
41100
42425
43860
45312
46741
48315
49920
51543
53263
55000
56820
58724
60592
62531
64558
66700
68913
71158
73447
75854
78384
80938
83662
86378
89172
92129
95212
98289
101451
104723
108177
111668
115272
118952
122915
126937
130980
135248
139820
144356
149074
154009
159023
164433
169680
175274
180999
186867
193035
199378
205867
212543
219524
226716
234063
241794
249685
257811
266218
274934
283922
293172
302720
312615
322884
333479
344567
355870
367614
379767
392286
405334
418561
432455
446684
461439
476516
492083
508308
525038
542398
560333
578498
597437
616986
637172
658344
680046
702429
725353
749340
774024
799328
825486
852360
880604
909517
939422
970262
1002260
1035049
1069095
1104453
1140729
1178039
1216329
1256224
1297371
1339921
1383805
1429604
1476464
1524902
1575076
1626951
1680420
1735709
1792718
1851591
1913153
1975962
2040795
20688
21365
22071
22795
23525
24264
25068
25879
26781
27657
28581
29489
30455
31428
32493
33550
34627
35757
36969
38172
39450
40770
42091
43469
44884
46352
47918
49485
51048
52756
54468
56288
58063
60014
62013
64060
66085
68217
70451
72755
75082
77506
80052
82525
85234
88048
90916
93892
97083
100287
103538
106943
110481
114106
117852
121791
125771
129926
134208
138660
143275
148062
152805
157846
163204
168644
174215
180001
186006
192053
198340
204804
211574
218521
225690
233017
240753
248580
256846
265230
274031
283123
292283
302053
311916
322314
333001
343954
355337
366697
378749
391296
404145
417421
431332
445612
460333
475492
491023
507205
523713
541019
558767
577021
596043
615805
636183
657145
678834
701069
724348
748069
772667
798026
823995
850941
879276
908055
938024
968842
1000659
1033651
1067467
1102688
1138934
1176506
1214984
1255101
1296421
1339343
1383239
1428779
1475773
1523843
1573909
1625841
1679251
1734492
1791298
1850122
1910930
1973931
2039090
21212
21937
22658
23386
24168
24959
25808
26634
27526
28451
29434
30426
31434
32418
33518
34662
35788
36984
38198
39464
40695
42056
43426
44894
46347
47890
49479
51141
52766
54511
56328
58219
60171
62217
64222
66371
68575
70839
73219
75509
77980
80611
83299
86057
88909
91865
94877
97987
101276
104690
108065
111650
115297
119228
123140
127271
131420
135727
140236
144796
149663
154656
159763
165010
170452
176016
181803
187864
193997
200414
206851
213648
220655
227871
235352
243074
251173
259531
268019
276789
285617
295006
304636
314520
324838
335498
346619
358223
370122
382299
395058
407863
421483
435361
449692
464388
479597
495350
511809
528593
546038
564178
582466
601735
621719
641922
663130
684838
707726
730939
755281
780225
805913
832397
859934
888507
917917
948060
979222
1011339
1044493
1079080
1114580
1151683
1189480
1228670
1269262
1310617
1354013
1398383
1444486
1492484
1541576
1592320
1644595
1698173
1754117
1812031
1871585
1932840
1996602
2062261
20922
21596
22270
23000
23738
24513
25319
26112
26938
27823
28753
29716
30740
31741
32787
33834
34947
36102
37291
38518
39824
41131
42446
43823
45274
46723
48257
49856
51572
53215
54957
56732
58585
60576
62489
64527
66583
68777
71044
73387
75826
78219
80813
83494
86300
89140
92028
95108
98113
101391
104627
108020
111488
115082
118956
122914
126920
131056
135349
139832
144488
149295
154308
159469
164692
170188
175676
181409
187372
193557
199740
206442
213225
220303
227470
234976
242692
250726
258902
267447
276139
285102
294439
303979
313891
324101
334592
345702
357082
368858
381085
393720
406501
420079
433969
448303
463264
478424
494183
510520
527244
544654
562605
581182
600207
619801
640106
661025
682780
705380
728611
752569
777077
802491
828900
856075
884264
913828
944345
975457
1007683
1041007
1075491
1111097
1147827
1185435
1224252
1264802
1306551
1349125
1393598
1439389
1486930
1535613
1586315
1638532
1692778
1748845
1806179
1865739
1927133
1990790
2056160
21494
22197
22934
23688
24463
25253
26115
26983
27896
28816
29824
30779
31841
32907
33930
35048
36239
37416
38618
39937
41266
42656
44113
45547
46959
48543
50211
51846
53560
55297
57114
58928
60870
62954
65093
67243
69457
71669
74078
76507
78963
81564
84236
86990
89756
92787
95879
99031
102284
105716
109146
112762
116617
120405
124337
128306
132531
136848
141446
146153
151084
155974
161188
166672
172077
177786
183544
189585
195773
202220
208927
215943
223145
230528
237990
245884
253904
262516
271153
280026
289170
298672
308487
318485
328808
339765
350991
362665
374501
387023
399857
413020
426421
440366
454743
469561
485259
501286
517739
534782
552554
570777
589474
608965
629072
649919
671331
693208
715960
739344
763466
788645
814550
841264
868831
897468
927086
957657
989017
1021653
1055423
1090256
1126290
1163442
1201739
1241078
1281988
1324294
1367793
1412711
1459071
1507147
1557187
1608469
1661540
1716527
1773241
1831504
1892081
1954006
2018442
20976
21639
22343
23053
23807
24629
25460
26312
27160
28011
28942
29882
30912
31974
33016
34133
35262
36416
37627
38891
40162
41418
42812
44166
45696
47222
48759
50361
52018
53672
55434
57279
59167
61114
63091
65202
67350
69530
71768
74178
76547
79035
81604
84307
87179
89967
92908
96004
99187
102440
105788
109291
112857
116571
120386
124401
128554
132821
137220
141685
146390
151120
156214
161320
166693
172302
178082
184191
190264
196601
203036
209782
216779
223884
231305
238868
246674
254777
263108
271808
280822
289943
299704
309537
319761
330198
341093
352096
363510
375555
388182
401046
414290
427947
442113
456646
471752
487077
503167
519727
536793
554334
572607
591554
611217
631397
652184
673613
695778
718743
742457
767096
792104
818382
845549
873354
901949
931529
962271
994203
1027033
1061001
1095799
1132027
1169075
1207370
1246974
1288172
1330604
1374554
1420092
1466907
1515345
1565076
1616460
1669411
1724494
1781935
1840297
1900923
1963986
2028712
20996
21682
22383
23097
23868
24634
25437
26271
27123
27965
28864
29845
30759
31778
32853
34000
35114
36275
37464
38702
39958
41338
42689
44082
45583
47131
48671
50275
51972
53680
55398
57208
59022
60864
62868
64887
67053
69278
71470
73868
76280
78779
81387
84113
86811
89683
92697
95733
98869
102138
105482
109048
112659
116412
120203
124246
128305
132519
136946
141480
146219
150967
155953
161171
166515
171910
177692
183534
189628
195733
202349
208885
215707
222695
230001
237581
245378
253591
262077
270603
279715
288872
298324
308180
318263
328750
339638
350716
362302
374498
386738
399254
412360
425985
439871
454483
469569
484913
500952
517343
534383
552137
570297
589148
608495
628499
649151
670655
692815
715641
739215
763579
788518
814480
841496
869091
897745
927196
958246
990140
1022795
1056584
1091227
1127628
1164510
1203004
1242721
1283688
1326034
1369699
1414927
1461851
1509953
1559861
1611610
1664825
1719924
1776197
1835153
1895677
1958143
2022545
20704
21399
22129
22877
23576
24356
25213
26046
26910
27785
28715
29672
30621
31684
32748
33839
34991
36108
37302
38518
39715
40970
42271
43708
45134
46572
48075
49675
51318
52996
54699
56473
58368
60273
62278
64308
66406
68624
70944
73386
75908
78420
80953
83545
86339
89209
92225
95361
98469
101793
105189
108615
112340
116128
119958
123824
127931
132131
136452
141059
145689
150295
155184
160447
165792
171252
176910
182677
188566
194789
200977
207665
214351
221357
228851
236343
244152
252094
260334
268983
277675
286653
296157
306010
316070
326455
337097
348137
359361
371096
383194
395964
409030
422579
436472
450708
465448
480496
496089
512503
529213
546699
564787
583525
602781
622425
642899
664255
686208
708758
732196
756214
781219
806880
833663
861011
889131
918653
949133
980122
1012632
1046145
1080585
1116273
1153256
1191012
1230403
1271081
1312823
1356088
1400844
1447307
1494532
1544188
1594940
1647558
1702082
1758419
1816100
1876279
1937900
2001650
20553
21272
21981
22715
23517
24326
25096
25918
26775
27610
28529
29459
30381
31417
32478
33611
34734
35897
37070
38324
39591
40869
42183
43576
44983
46486
48009
49583
51187
52808
54526
56383
58263
60175
62077
64170
66292
68529
70766
73089
75567
77989
80616
83273
85967
88731
91645
94701
97719
100916
104197
107724
111300
114872
118683
122485
126600
130799
135137
139633
144261
148928
153877
159013
164327
169691
175200
180988
187001
193219
199483
205954
212631
219553
226742
234218
241858
249869
258127
266652
275471
284622
293891
303568
313499
324074
334807
345892
357475
369404
381583
394068
407379
420827
434750
449193
464031
479744
495596
511748
528631
546070
564085
582746
601776
621548
641845
662907
684786
707225
730347
754451
779299
