102540
105160
107813
110553
113280
116139
119095
122153
125249
128385
131678
134985
138358
141887
145539
149190
152921
156915
160859
164892
169079
173428
177694
182197
186827
191544
196319
201113
206182
211470
216947
222399
228177
234022
239767
245856
252073
258504
264987
271710
278799
285821
293162
300441
308154
316194
324385
332609
341114
350004
358922
368095
377505
387137
396973
407095
417595
428354
439293
450618
462298
474244
486508
498640
511572
524926
538429
552163
566235
580685
595695
610792
626907
642861
659641
676541
693738
711749
730445
749183
768456
788269
808448
829145
850506
872295
894943
917873
941662
966118
991109
1016649
1043073
1070184
1098181
1126690
1156047
1186111
1216963
1248650
1281213
1314513
1348854
1384159
1419918
1456975
1494977
1534020
1573920
1614994
1657351
1700910
1745569
1791310
1838683
1886931
1936206
1987247
2039414
20868
21442
21989
22568
23227
23778
24375
25009
25636
26289
27013
27748
28476
29235
30036
30782
31578
32399
33224
34082
35042
35956
36928
37963
38962
39935
41018
42138
43244
44398
45560
46735
48021
49324
50657
52065
53461
54924
56366
57885
59415
60926
62532
64172
65942
67744
69564
71398
73290
75299
77357
79389
81546
83834
85993
88301
90773
93146
95596
98189
100921
103626
106390
109250
112178
115201
118270
121416
124590
127991
131457
135071
138756
142516
146420
150479
154502
158613
162884
167437
172058
176700
181529
186531
191671
196888
202219
207845
213338
219146
224916
230973
237205
243713
250354
257281
264271
271510
278762
286376
294260
302192
310411
318814
327688
336509
345753
355246
364760
374776
385150
395770
406654
417741
429153
440978
452923
465175
477938
490825
504234
517950
532003
546483
561497
576689
592456
608660
625357
642652
660420
678458
696933
716292
736019
756377
777082
798353
820173
842791
865982
889753
914390
939463
965404
992065
1019761
1047804
1076576
1106235
1136489
1167744
1199859
1232671
1266731
1301440
1337306
1373883
1411662
1451132
1491048
1531980
1574399
1617783
1662420
1708270
1755469
1804269
1854206
1905349
1957906
2011817
20925
21501
22067
22664
23344
23962
24636
25311
26040
26728
27464
28283
29071
29866
30651
31492
32319
33190
34126
35078
36056
37078
38086
39165
40205
41322
42535
43727
44925
46123
47466
48802
50140
51488
52951
54436
55996
57513
59140
60847
62553
64320
66117
67928
69858
71792
73812
75737
77882
80043
82287
84595
86910
89333
91753
94270
96863
99593
102340
105307
108337
111393
114479
117703
121021
124441
128034
131455
135074
138922
142789
146816
150929
155112
159528
164126
168822
173576
178424
183453
188563
193878
199261
204963
210772
216783
223062
229299
235741
242440
249186
256272
263631
271183
278834
286897
294913
303203
312007
320814
329949
339348
349020
358922
368908
379337
390184
401145
412635
424254
436282
448531
461434
474456
487935
501973
516056
530826
545990
561568
577738
594176
611047
628307
646024
664667
683609
703014
722998
743553
764840
786790
809005
831952
855753
880347
905407
931096
957711
984854
1012833
1041667
1071347
1101958
1133641
1165877
1199290
1233079
1268108
1304048
1341218
1379838
1419323
1459769
1501358
1544400
1588586
1634026
1680435
1728664
1778029
1828789
1881414
1935526
1991011
2047850
21199
21829
22435
23077
23732
24420
25174
25923
26670
27461
28205
29004
29832
30693
31570
32446
33366
34361
35321
36330
37320
38332
39508
40666
41843
43071
44287
45540
46828
48196
49556
50998
52451
53985
55565
57111
58750
60463
62241
64019
65829
67809
69750
71776
73777
75907
78086
80275
82579
85032
87467
89952
92553
95203
97994
100824
103754
106805
109925
113069
116403
119833
123379
126927
130610
134413
138306
142290
146350
150565
154980
159449
164012
168733
173557
178575
183755
189088
194629
200284
206120
212079
218189
224577
231079
237977
244919
252071
259390
267010
274729
282769
290952
299385
307998
317080
326292
335809
345610
355662
366168
376924
387813
399149
410938
422905
435271
447971
461046
474422
488311
502470
517187
532304
547889
564002
580362
597342
614887
632743
651072
669973
689597
709823
730704
752268
774186
796853
820217
844251
868987
894502
920779
947764
975774
1004436
1033832
1064181
1095224
1127183
1160288
1194085
1229160
1265080
1302238
1340547
1379851
1420437
1462107
1505180
1549570
1594878
1641575
1689615
1739216
1790008
1842732
1897139
1952844
2010349
20620
21218
21784
22430
23057
23743
24441
25149
25923
26661
27438
28237
29069
29892
30748
31618
32528
33530
34575
35585
36646
37764
38906
40114
41259
42493
43762
45099
46366
47755
49160
50548
52058
53603
55205
56813
58491
60219
62015
63827
65629
67508
69415
71476
73654
75816
77966
80213
82653
84980
87559
90160
92820
95682
98537
101492
104527
107610
110786
114120
117439
120915
124488
128233
131944
135870
139951
144046
148314
152797
157362
161979
166816
171819
176951
182219
187590
193189
198865
204858
211028
217247
223611
230235
237232
244372
251790
259169
266931
274900
283103
291634
300384
309294
318548
327997
337768
347752
358098
368869
380027
391209
402961
414983
427415
440176
453534
467187
481067
495864
510605
525787
541611
557507
574180
591282
609157
627209
645804
665066
685045
705368
726343
748200
770604
793656
817440
842127
867374
893731
920586
948402
977021
1006446
1036777
1068166
1100176
1133060
1167213
1202298
1238513
1275850
1314101
1353417
1394207
1435804
1478852
1523545
1569600
1616951
1665446
1715655
1767289
1820239
1875517
1932109
1990706
2050592
21118
21831
22498
23164
23856
24594
25315
26058
26852
27652
28509
29376
30267
31158
32142
33122
34095
35125
36152
37222
38308
39428
40647
41950
43244
44600
45910
47258
48719
50166
51690
53259
54815
56513
58296
60026
61828
63727
65594
67586
69707
71839
74029
76299
78593
80993
83450
85907
88546
91183
93968
96834
99772
102762
105897
109120
112526
116022
119549
123161
126867
130688
134588
138714
143089
147556
152010
156643
161299
166223
171376
176680
182054
187554
193342
199293
205329
211757
218264
225067
232042
239234
246507
253932
261716
269740
277942
286519
295316
304101
313429
323251
333109
343188
353690
364467
375698
387057
398930
411288
423844
436857
450316
463882
478176
492960
508208
523420
539524
555788
572830
590297
608294
626759
645922
665747
686178
707135
728921
750988
773966
797530
822039
847113
873162
900073
927719
956284
985598
1015625
1046684
1078762
1111971
1145988
1181236
1217866
1255673
1294113
1333859
1375063
1417389
1460910
1505914
1552332
1600223
1649504
1700278
1753029
1807042
1862906
1920302
1979645
2040672
21001
21641
22311
22997
23683
24411
25160
25955
26757
27593
28408
29277
30221
31184
32141
33132
34131
35238
36390
37542
38682
39890
41045
42224
43553
44849
46263
47679
49166
50691
52259
53829
55429
57202
58940
60740
62603
64558
66545
68683
70852
73004
75211
77662
80025
82459
85125
87708
90330
93135
96090
99122
102108
105390
108742
112077
115520
119106
122859
126664
130464
134545
138734
143089
147524
152054
156766
161586
166604
171807
177116
182732
188427
194193
200214
206406
212822
219409
226161
233063
240213
247640
255332
263251
271380
279643
288369
297356
306547
316083
325890
336061
346552
357228
368324
379645
391368
403648
416246
429254
442733
456438
470833
485452
500750
516489
532782
549490
566613
584553
602917
621706
641211
661528
682174
703511
725447
748148
771659
795785
820893
846468
872978
900170
928461
957431
987350
1018459
1050631
1083633
1117657
1152802
1188919
1226211
1264331
1303801
1344831
1387410
1430738
1475429
1521929
1569590
1618953
1669893
1722342
1776258
1831837
1889462
1948629
2009606
20754
21399
22054
22745
23470
24206
24961
25788
26631
27485
28376
29264
30191
31127
32083
33083
34174
35278
36387
37506
38789
40020
41272
42603
43946
45337
46724
48303
49812
51377
52965
54642
56356
58073
59873
61675
63560
65560
67626
69937
72147
74353
76714
79076
81598
84218
86853
89570
92352
95287
98286
101403
104740
108059
111493
114976
118621
122486
126255
130270
134333
138603
142907
147410
152036
156821
161702
166743
171994
177397
183106
188903
194893
201176
207520
214129
220898
227864
234807
242126
249828
257666
265832
274182
282834
291853
300934
310451
320130
330267
340642
351407
362381
373740
385472
397632
410213
423307
436565
450276
464503
479216
494536
510383
526456
542902
560270
578052
596254
615055
634553
654643
675278
696539
718388
741079
764446
788638
813605
839581
866235
893694
922339
951637
981901
1012891
1045070
1078131
1112017
1147209
1183932
1221305
1260512
1300418
1341761
1384138
1428169
1473221
1519880
1567580
1617285
1668670
1721756
1776753
1832997
1890808
1950563
2012311
20761
21390
22056
22796
23476
24240
25026
25818
26618
27483
28338
29264
30161
31105
32072
33056
34101
35205
36295
37409
38561
39787
41093
42378
43692
45044
46439
47903
49385
50964
52614
54320
56098
57919
59815
61696
63647
65615
67689
69873
72142
74469
76785
79211
81720
84348
87152
89873
92643
95553
98554
101681
104898
108361
111825
115516
119311
123193
127124
131275
135494
139862
144256
148894
153515
158486
163770
169056
174426
179840
185638
191630
197746
204053
210531
217234
224159
231262
238571
246177
254021
262130
270479
279270
288364
297415
306706
316464
326475
336756
347396
358383
369762
381497
393626
406100
419128
432426
446220
460321
475174
490459
506100
522374
539110
556405
574273
592623
611570
631210
651507
672236
693790
716106
738847
762477
787080
812192
837999
864787
892326
920789
950140
980493
1011892
1044556
1078438
1113018
1148421
1185319
1223471
1262278
1302805
1344681
1387745
1431994
1477361
1524695
1573266
1623696
1675795
1729211
1784128
1840975
1899503
1960049
2023124
20724
21383
22077
22760
23499
24254
25028
25814
26646
27481
28341
29247
30164
31131
32142
33166
34231
35280
36459
37622
38802
39988
41338
42661
43955
45383
46844
48374
49917
51484
53129
54894
56640
58400
60234
62127
64170
66222
68423
70593
72893
75223
77644
80128
82660
85293
88064
90910
93804
96805
99991
103228
106446
109851
113315
116947
120771
124569
128580
132770
137060
141496
145966
150676
155495
160473
165613
171002
176569
182158
187969
194018
200273
206751
213288
220326
227302
234333
241862
249542
257581
265889
274387
283174
292099
301574
311276
321251
331722
342201
353069
364406
376029
388103
400704
413456
426711
440422
454680
469280
484249
499837
515906
532159
549249
566974
585076
604153
623292
643325
663978
685426
707185
729999
753571
777577
802734
828607
855150
882404
910957
940011
970158
1001319
1033573
1066945
1101310
1136736
1173014
1210468
1249378
1289464
1331005
1373530
1417450
1463186
1510188
1558415
1608605
1660375
1713824
1768926
1825908
1884544
1944842
2006951
20953
21647
22342
23045
23781
24560
25370
26157
26993
27857
28736
29630
30554
31543
32559
33568
34608
35666
36808
37979
39255
40548
41884
43236
44617
46045
47543
49093
50687
52297
54065
55757
57540
59447
61386
63376
65431
67566
69744
71986
74336
76771
79213
81826
84630
87329
90159
93082
96074
99166
102412
105649
108963
112463
116058
119957
123824
127843
132058
136434
140756
145236
149832
154652
159640
164832
170047
175510
181170
187145
193175
199286
205760
212323
219220
226253
233631
241126
248880
256964
265229
273582
282649
291669
301285
310971
321109
331415
342158
353068
364577
376314
388463
400870
413744
426989
440679
455097
469882
485045
500678
516871
533711
550699
568322
586540
605466
625095
645304
666209
687659
709974
732733
756336
780976
806296
832072
859088
886685
915162
944667
975117
1006615
1039050
1072666
1107173
1142805
1179854
1218077
1257270
1298017
1339792
1382777
1426891
1473227
1520379
1569342
1619731
1671876
1725604
1781078
1838513
1897584
1958667
2021580
21078
21705
22361
23044
23778
24481
25251
26086
26902
27740
28690
29622
30543
31503
32549
33589
34702
35842
37016
38225
39443
40741
42056
43455
44903
46327
47803
49336
50904
52555
54294
56001
57811
59607
61491
63502
65588
67673
69846
72174
74557
76999
79463
82067
84705
87393
90305
93238
96204
99324
102546
105802
109197
112710
116336
120074
124056
128162
132350
136664
141065
145445
150137
154930
159909
165073
170456
175928
181725
187662
193683
199956
206395
213089
219827
226922
234314
241902
249728
257747
266229
274877
283710
292805
302096
312050
322004
332442
343033
354090
365719
377522
389637
402094
415304
428667
442472
456539
471354
486468
502158
518301
534986
552081
570000
588347
607306
626990
647031
667963
689795
712068
734994
758692
782996
808378
834489
861422
889115
917774
947274
977900
1009311
1041722
1075414
1110065
1145962
1182945
1221038
1260634
1301350
1343428
1386759
1431658
1477960
1525791
1575057
1626057
1678587
1732515
1788628
1846305
1906363
1967977
2031407
20789
21470
22188
22902
23640
24399
25201
26009
26800
27687
28620
29539
30460
31451
32526
33621
34711
35863
37012
38246
39489
40748
42074
43433
44833
46281
47748
49236
50845
52512
54188
55893
57686
59575
61468
63451
65517
67655
69741
71941
74324
76719
79146
81655
84317
86955
89797
92726
95796
98776
102017
105343
108767
112270
115980
119679
123697
127647
131917
136168
140492
144999
149625
154428
159542
164756
170100
175636
181340
187172
193184
199449
205901
212514
219336
226526
233756
241342
249111
257136
265514
274240
283270
292293
301880
311527
321411
331789
342369
353545
364950
376760
389089
401728
414919
428372
442171
456424
471396
486575
502376
518862
535419
552752
570722
588929
608109
627432
647701
668777
690397
712655
735585
759290
783850
808974
835299
862156
890213
919144
948741
979444
1011065
1044014
1078043
1112960
1148808
1185992
1224462
1264062
1305204
1347734
1391223
1435894
1482310
1529864
1579559
1630370
1682980
1737263
1793482
1851443
1911296
1972793
2036710
20861
21556
22239
22978
23698
24503
25310
26194
27037
27905
28823
29661
30604
31630
32642
33692
34825
35941
37132
38315
39569
40803
42192
43503
44921
46344
47867
49388
51006
52669
54368
56182
58020
59914
61823
63800
65901
68036
70273
72593
74933
77411
79884
82535
85162
87943
90711
93677
96723
99858
103128
106336
109854
113517
117237
121075
124996
129076
133318
137654
142103
146755
151546
156345
161311
166666
172183
177839
183605
189467
195443
201770
208173
214884
221854
229130
236546
244028
252042
260134
268637
277209
286171
295574
304987
314912
325223
335735
346856
358074
369880
382008
394507
407265
420387
433831
448014
462649
477617
492881
508652
524833
541882
559299
577519
596223
615484
635269
655675
676599
698502
721172
744328
768317
793150
819100
845502
873161
901194
930223
960260
991242
1023265
1056435
1090487
1126031
1162450
1200183
1238983
1278858
1320135
1362636
1406879
1452576
1499638
1548570
1598465
1650019
1703309
1758442
1815569
1874043
1934585
1997235
2061836
21449
22122
22849
23654
24401
25180
25970
26832
27683
28632
29571
30531
31508
32563
33546
34613
35726
36884
38036
39235
40554
41825
43159
44588
46064
47572
49125
50673
52296
53961
55686
57559
59450
61324
63300
65374
67541
69757
72029
74302
76660
79120
81699
84318
87039
89909
92790
95803
98997
102253
105429
108916
112419
116087
119804
123659
127590
131694
136056
140335
144878
149562
154463
159321
164633
169824
175394
180990
186757
192854
199090
205329
212043
218915
226031
233362
240954
248820
256837
265255
273913
282750
291873
301314
311079
321169
331463
342132
353410
364830
376669
388856
401412
414203
427602
441469
455827
470437
485825
501527
517789
534558
551988
569683
587994
607199
626695
646929
667795
689361
711728
734722
758327
782813
808219
834391
861473
889140
917738
947398
978217
1009691
1042353
1075980
1110536
1146479
1183489
1221697
1261763
1302303
1344131
1387642
1432734
1479030
1526657
1575738
1627030
1679807
1734360
1790697
1848463
1908051
1969790
2033814
20841
21511
22215
22942
23652
24420
25158
26011
26834
27725
28600
29482
30430
31427
32418
33443
34522
35595
36727
37938
39146
40402
41739
43075
44420
45870
47298
48798
50336
51885
53592
55296
57042
58832
60750
62642
64707
66809
68953
71162
73495
75861
78310
80738
83382
86126
88883
91761
94714
97767
101005
104309
107702
111129
114706
118367
122248
126206
130251
134449
138836
143318
148033
152842
157802
162909
168107
173668
179221
185019
190930
197181
203468
210029
216846
223785
230924
238511
246172
254136
262334
270929
279661
288664
297987
307742
317765
328090
338650
349583
360944
372595
384585
397225
410158
423400
437000
451042
465911
481033
496507
512579
529250
546198
563994
582391
601488
620751
640902
661790
683395
705700
728892
752710
776749
801784
827632
854352
882382
910995
940534
971346
1002857
1035005
1068120
1103110
1138700
1175351
1213089
1252572
1293225
1335168
1378307
1423016
1468824
1516538
1565369
1616389
1669146
1723195
1779114
1836924
1896572
1958057
2021588
20890
21555
22274
23029
23784
24586
25376
26205
27032
27893
28831
29733
30689
31712
32789
33865
34903
36017
37147
38379
39610
40881
42158
43536
44931
46404
47898
49411
50981
52603
54235
55957
57824
59701
61646
63789
65789
67949
70153
72444
74883
77213
79716
82355
85061
87758
90621
93560
96534
99715
102951
106273
109687
113277
116929
120640
124497
128424
132490
136660
141112
145516
150235
155183
160222
165461
170888
176422
182096
188029
194143
200323
206959
213750
220818
227858
235175
242814
250646
258691
267099
275793
284762
293959
303362
313219
323388
333801
344446
355573
366987
378827
391102
403760
416823
430394
444416
458782
473883
489238
505308
521681
538528
555952
574232
592659
611913
631867
652473
673661
695799
718382
741950
765918
790472
816080
842664
870005
898111
927390
957465
988515
1020627
1053893
1088499
1123587
1159904
1197787
1236380
1276421
1317877
1360735
1404876
1450339
1497477
1546284
1596406
1648083
1701196
1756218
1813136
1871964
1932746
1995672
2060167
21200
21914
22598
23260
24002
24761
25540
26380
27177
28079
28994
29922
30876
31850
32848
33898
35022
36194
37312
38523
39756
40980
42319
43658
45056
46573
48080
49626
51266
52969
54705
56437
58325
60260
62133
64106
66209
68349
70569
72910
75303
77769
80349
82918
85579
88320
91170
94125
97153
100299
103572
106897
110414
113937
117573
121487
125366
129482
133502
137839
142342
146955
151762
156661
161657
166973
172429
177906
183648
189515
195679
202086
208729
215390
222364
229719
237154
244746
252613
260821
269310
278182
287229
296393
306085
316207
326468
336957
347945
359161
370909
382983
395461
408284
421652
435183
449414
463923
478826
494301
510416
526808
544214
561647
579680
598524
617970
638169
658973
680212
702220
724934
748472
772508
797603
823497
850232
878156
906550
936040
966519
997908
1030169
1063746
1098577
1134083
1170869
1208468
1247972
1288422
1329884
1372827
1417192
1463092
1510428
1559190
1610021
1662369
1716159
1771954
1828830
1888633
1949690
2012570
20436
21117
21761
22498
23251
24005
24777
25598
26463
27299
28219
29182
30133
31141
32166
33187
34269
35386
36546
37747
39005
40283
41579
42944
44339
45722
47193
48768
50366
52002
53664
55412
57131
59026
60866
62896
64920
67026
69244
71458
73790
76218
78761
81330
83985
86733
89531
92383
95383
98521
101726
105034
108512
111949
115569
119290
123220
127238
131295
135451
139663
144122
148789
153573
158608
163798
169079
174528
180244
186047
192009
198274
204576
211282
218104
225225
232518
240115
247895
255975
264327
272867
281777
290873
300435
310198
320304
330633
341367
352286
363773
375541
387777
400351
413496
427015
440718
455192
469958
485175
500937
517021
533738
551022
568756
587189
606341
626118
646425
667244
688995
711161
734246
758007
782796
808118
834349
861661
889824
918650
948375
979132
1010944
1043950
1077592
1112959
1148817
1185942
1224544
1264174
1305070
1347489
1391263
1436204
1482893
1531052
1581207
1632458
1685482
1740451
1796911
1855437
1915546
1977683
2041417
21064
21744
22456
23236
23978
24741
25575
26425
27264
28164
29084
30016
30998
32037
33028
34060
35214
36385
37592
38855
40109
41433
42792
44217
45626
47092
48643
50215
51887
53542
55313
57066
58945
60824
62734
64794
66920
69085
71205
73504
75856
78364
80860
83555
86254
89047
92010
94975
97995
101158
104481
107867
111331
114913
118554
122406
126360
130484
134733
139083
143735
148308
153124
158120
163203
168599
174092
179716
185631
191564
197784
204120
210960
217760
224753
232230
239674
247340
255393
263699
272244
281235
290229
299512
309173
319152
329531
340176
351112
362585
374279
386472
399107
412153
425461
439218
453302
468062
483226
498937
515209
531999
549325
567217
585651
604509
624224
644626
665365
686954
709571
732712
756385
780999
806407
832633
859638
887481
916072
946112
976900
1008908
1041793
1075927
1110762
1146848
1183704
1221752
1261461
1302681
1345012
1388324
1433842
1480388
1528258
1577896
1629609
1682995
1737479
1794302
1852690
1912764
1974752
2038727
21116
21808
22509
23270
24078
24812
25647
26480
27374
28308
29189
30159
31119
32160
33190
34253
35374
36460
37686
38929
40213
41512
42846
44219
45662
47151
48695
50235
51917
53618
55326
57168
59020
60828
