102650
105367
108086
110983
113869
116917
119990
123125
126342
129719
133142
136805
140430
144085
147774
151658
155717
159808
164129
168494
173002
177618
182385
187234
192229
197263
202467
207950
213694
219384
225221
231238
237407
243728
250278
257081
263970
271111
278240
285709
293303
301079
309131
317304
325904
334499
343755
352873
362489
372434
382534
392716
403222
414079
425228
436633
448641
460598
473124
485857
498990
512636
526515
540906
555567
570352
585730
601594
617715
634411
651681
669403
687671
706511
725514
745276
765437
786136
807709
829664
852187
875289
898988
923582
948630
974590
1001339
1028945
1057017
1085735
1115186
1145550
1176748
1208916
1242009
1275814
1310791
1346311
1383529
1421474
1460543
1500696
1542185
1584519
1627700
1672535
1718433
1765714
1813836
1863386
1914446
1966993
2020809
20615
21179
21772
22400
23000
23643
24267
24964
25617
26328
27022
27797
28570
29358
30189
30988
31825
32712
33629
34565
35453
36388
37405
38456
39545
40663
41765
42892
44091
45324
46504
47820
49182
50512
51886
53336
54814
56303
57888
59507
61070
62797
64555
66372
68205
70053
71960
73934
75943
78058
80282
82475
84660
87049
89468
91937
94445
97109
99860
102668
105589
108577
111613
114741
117989
121219
124603
128172
131880
135497
139281
143219
147239
151405
155630
160026
164532
169264
173977
178998
183967
189193
194605
200142
205781
211561
217452
223657
229987
236537
243229
250209
257365
264596
272065
279677
287496
295810
303957
312532
321395
330598
339803
349486
359438
369444
379888
390738
401777
413215
425125
437223
449590
462255
475274
488958
502779
517080
531864
546866
562509
578427
594889
611796
629336
647298
665789
684814
704353
724520
744912
766330
788052
810726
833990
857530
881975
907225
933223
959674
987354
1015088
1043972
1073879
1104283
1136197
1168973
1202519
1236991
1272923
1309500
1346752
1385239
1424940
1465831
1507760
1550894
1595453
1641194
1688440
1736908
1787108
1838074
1891274
1945774
2001801
20399
20980
21561
22185
22820
23506
24192
24934
25675
26456
27187
27914
28687
29538
30406
31275
32160
33061
34011
34971
35987
37087
38207
39348
40471
41697
42887
44164
45394
46698
48081
49495
50944
52471
53976
55534
57153
58815
60564
62317
64155
66067
68006
70032
71987
74048
76207
78423
80724
83073
85459
87922
90479
93094
95794
98677
101672
104628
107661
110803
113929
117259
120586
124091
127726
131483
135239
139216
143271
147412
151819
156201
160681
165421
170305
175422
180513
185846
191231
196813
202620
208583
214650
220987
227490
234347
241128
248166
255404
263086
270738
278760
286953
295481
304284
313329
322450
331981
341657
351630
362093
372608
383676
394881
406712
418689
430907
443445
456628
470065
483776
497996
512696
527835
543248
559400
575909
592667
610206
628247
646790
665814
685546
705776
726760
748202
770150
792924
816748
841145
865930
891354
918022
945091
972934
1001751
1031285
1061892
1093470
1125931
1159200
1193788
1229321
1265842
1303083
1341798
1381866
1423145
1465220
1508913
1554052
1600036
1647758
1696752
1747113
1798863
1852209
1907054
1963852
2021900
20923
21542
22198
22869
23531
24215
24928
25711
26477
27269
28117
29031
29878
30784
31682
32660
33643
34644
35661
36718
37766
38846
40003
41169
42457
43780
45028
46390
47770
49277
50735
52203
53721
55345
57013
58709
60486
62374
64211
66191
68147
70240
72269
74386
76574
78889
81283
83754
86224
88820
91489
94276
97122
100062
103058
106218
109400
112707
116230
119751
123295
127046
130895
134941
139015
143211
147589
152140
156747
161486
166415
171503
176666
182050
187500
193208
199003
205113
211466
217792
224321
231110
238038
245216
252734
260366
268125
276268
284720
293342
302240
311366
320820
330790
340934
351348
361909
373018
384421
396137
408123
420564
433351
446558
460090
474005
488434
503330
518662
534558
550850
567871
585306
603392
621816
640642
659850
680114
700918
722519
744514
767302
790860
815014
840026
865876
892710
920096
948307
977654
1007472
1038234
1070107
1102864
1136336
1171498
1207381
1244573
1282548
1321857
1362210
1404193
1447438
1491601
1537255
1584366
1632845
1682669
1734191
1787322
1842225
1898409
1956233
2016426
20959
21569
22226
22930
23614
24361
25152
25905
26703
27552
28379
29259
30171
31094
32095
33113
34107
35172
36285
37422
38588
39793
41009
42260
43596
44883
46245
47624
49045
50515
52047
53590
55288
57107
58877
60748
62657
64611
66636
68771
70969
73212
75480
77818
80257
82778
85412
88137
90899
93665
96643
99593
102717
105904
109209
112635
116126
119772
123513
127464
131395
135465
139782
144203
148753
153433
158207
162961
168103
173422
178720
184263
189971
195882
201998
208398
214797
221455
228384
235366
242740
250372
258293
266463
274874
283456
292326
301464
310837
320670
330733
341210
351667
362749
373996
385635
397662
410301
423254
436293
450283
464405
478759
494017
509397
525864
542242
559305
576881
595102
613700
632909
652714
673300
694601
716368
739074
762203
786342
811072
836360
862456
889558
917872
947093
977039
1007833
1039491
1072203
1105618
1140663
1176810
1214091
1252395
1292137
1332606
1374899
1418179
1463012
1509473
1556963
1606334
1656689
1709264
1763767
1819039
1876995
1936490
1997796
2060913
21454
22147
22837
23546
24311
25085
25894
26725
27566
28451
29367
30365
31321
32306
33431
34520
35603
36717
37943
39098
40299
41594
42946
44326
45769
47257
48786
50308
51916
53554
55285
57039
58857
60760
62690
64661
66741
68824
70998
73245
75604
78176
80676
83197
85825
88594
91306
94245
97290
100377
103627
106933
110410
113943
117540
121327
125237
129290
133405
137667
142037
146575
151208
156116
161159
166376
171826
177286
183002
188777
194938
201150
207603
214279
221001
228215
235683
243287
251120
259117
267543
276081
284772
293924
303366
313035
323041
333244
344013
354974
366308
378056
390152
402588
415558
428931
442359
456501
470987
485966
501501
517693
534327
551325
569015
587147
605858
625184
645271
665958
687442
709833
732661
756435
780843
805883
831777
858654
886520
914980
944245
974583
1006032
1038355
1071747
1106463
1142325
1179270
1217640
1256760
1297238
1338949
1382323
1426880
1473140
1520710
1569921
1621063
1673471
1727273
1782833
1840629
1900463
1961656
2025402
20847
21531
22246
22958
23730
24501
25312
26129
26913
27806
28761
29667
30679
31623
32601
33656
34728
35867
37016
38286
39555
40823
42123
43465
44871
46301
47807
49355
50977
52632
54380
56127
57954
59889
61849
63890
66048
68115
70337
72585
74888
77338
79855
82482
85164
87981
90980
93875
96968
100160
103315
106678
110232
113794
117489
121343
125196
129321
133562
137948
142287
146825
151611
156692
161973
167298
172752
178345
184335
190350
196611
202898
209523
216297
223332
230692
238337
245984
254200
262479
270975
279829
288895
298202
308053
318142
328690
339362
350427
361868
373688
385996
398545
411611
425187
439150
453568
468528
483928
499866
516276
533268
550858
568891
587469
606796
626958
647740
669164
691109
713780
737111
761317
786391
812169
838707
866063
894459
923763
954295
985364
1017967
1051312
1086040
1121604
1158472
1196531
1235653
1276433
1318416
1361611
1406128
1452267
1500153
1549626
1600488
1653513
1707966
1763987
1821874
1881711
1943383
2007397
20561
21228
21874
22616
23353
24131
24923
25725
26573
27405
28310
29252
30206
31191
32250
33319
34447
35601
36723
37942
39236
40547
41881
43196
44652
46163
47822
49397
51069
52718
54443
56157
58041
59959
61872
63936
66045
68144
70404
72741
75152
77589
80132
82781
85562
88363
91279
94405
97538
100801
104285
107629
111221
114908
118717
122648
126745
130960
135265
139792
144406
149002
154001
159042
164297
169885
175589
181418
187420
193463
199931
206595
213502
220564
227933
235456
243342
251444
259820
268378
277132
286393
295872
305710
315776
326296
337241
348382
359796
371830
384290
396989
410248
423873
438033
452639
467593
483223
499339
516113
533226
550969
569429
588312
607805
627958
648699
670202
692601
715736
739393
764318
789794
815760
842712
870977
899702
929689
960615
992623
1025462
1059816
1095415
1131397
1169238
1208235
1248441
1289621
1332387
1376933
1422654
1469946
1518969
1569634
1621649
1675795
1732056
1789889
1849704
1910967
1974822
2040299
21118
21851
22551
23286
24038
24830
25678
26513
27381
28294
29184
30166
31285
32332
33402
34526
35685
36880
38166
39474
40696
42026
43406
44870
46415
47966
49532
51224
52950
54750
56546
58435
60377
62413
64509
66710
68952
71254
73540
75932
78534
81096
83825
86738
89564
92611
95780
98877
102137
105576
109054
112782
116574
120327
124257
128421
132785
137311
141867
146583
151446
156544
161729
167221
172920
178773
184886
190938
197275
203938
210766
217932
225056
232580
240393
248329
256603
265151
274096
283249
292768
302576
312842
323206
334090
345444
356936
368980
381489
394338
407541
421364
435496
450047
465194
480676
497047
513742
531179
549028
567456
586455
606035
626575
647748
669562
691952
715050
739335
764192
789723
816283
843630
871867
901114
931281
962310
994522
1027940
1062670
1098071
1135068
1172951
1212196
1252803
1294908
1338489
1383801
1430239
1478428
1527800
1579251
1632450
1687007
1743626
1802186
1862914
1925028
1989512
2056579
21057
21730
22456
23246
23981
24767
25624
26463
27286
28193
29128
30122
31095
32129
33207
34308
35482
36670
37846
39094
40379
41747
43125
44574
46088
47575
49142
50718
52328
54129
55918
57769
59678
61625
63675
65888
68125
70441
72815
75236
77701
80291
83053
85883
88860
91809
94935
98061
101295
104730
108182
111764
115601
119508
123547
127757
132066
136589
141181
145951
150938
156247
161645
167051
172628
178341
184340
190524
196861
203455
210359
217475
224872
232288
240086
248117
256372
265029
274044
283315
292863
302691
312850
323285
334278
345544
357125
368893
381170
394085
407376
421100
435243
449920
465013
480674
497021
513866
531272
549241
567851
587011
606701
627042
648014
669682
692341
715702
740038
764844
790490
817301
844926
873541
903107
933911
965620
998271
1031975
1066548
1102821
1139944
1178683
1218372
1259410
1301832
1345694
1391429
1438222
1486539
1536726
1588519
1641894
1697258
1754058
1812914
1874312
1937565
2002927
20781
21518
22255
23028
23824
24614
25475
26305
27180
28103
29036
30080
31055
32079
33178
34304
35504
36739
38044
39336
40661
42059
43551
45040
46543
48112
49739
51441
53165
54936
56815
58743
60697
62773
64870
67028
69308
71681
74087
76523
79118
81672
84428
87328
90268
93277
96538
99759
103152
106649
110283
113924
117717
121741
125861
130222
134524
139044
143881
148711
153750
158931
164191
169860
175692
181599
187661
193934
200545
207301
214403
221687
229199
236835
244744
252903
261420
270330
279717
288996
298563
308765
319091
329974
340999
352397
364185
376394
388926
401743
415234
429236
443846
458850
474401
490444
507119
524407
542112
560460
579254
598808
618957
640066
661543
683952
706916
730906
755661
781348
807652
835046
863149
892372
922484
953748
985670
1018729
1053353
1088886
1125904
1164204
1203922
1245038
1286986
1330785
1376044
1422636
1470544
1520310
1572164
1625206
1680377
1736595
1795429
1856362
1919339
1984140
2051563
21133
21832
22592
23369
24147
24887
25763
26664
27606
28560
29490
30458
31522
32639
33687
34849
35980
37212
38455
39696
41027
42377
43716
45225
46730
48348
49984
51721
53433
55265
57164
59106
61036
63141
65260
67417
69711
72018
74499
77082
79619
82337
85113
88092
91009
94032
97340
100660
104096
107605
111311
115104
119033
123052
127203
131454
135822
140366
145077
150015
155179
160383
165819
171392
177108
183107
189407
195915
202585
209505
216654
223920
231669
239401
247472
255844
264487
273542
282763
292227
302084
312254
322912
333761
344949
356758
368749
381311
394087
407443
421072
435242
450166
465383
481124
497379
514155
531642
549682
568422
587555
607749
628452
649748
671544
694232
717861
742267
767173
792932
819736
847454
875954
905221
936120
967804
1000668
1034547
1069499
1105202
1142723
1181179
1221462
1262749
1305385
1349773
1395381
1442715
1491681
1541967
1594118
1647871
1703719
1760999
1820250
1881990
1945953
2012366
20994
21727
22458
23182
23934
24768
25598
26442
27332
28261
29137
30159
31145
32228
33304
34435
35596
36764
38015
39287
40598
41983
43443
44887
46445
48023
49653
51332
53069
54852
56720
58649
60591
62594
64652
66785
69056
71385
73839
76356
78913
81619
84312
87187
90152
93189
96321
99560
102909
106368
110033
113716
117612
121502
125677
129983
134370
138790
143513
148541
153540
158606
163973
169532
175373
181265
187511
194005
200580
207384
214139
221385
228927
236762
244829
253161
261765
270562
279745
289127
298854
308942
319333
330276
341623
353226
365420
377751
390379
403635
417293
431553
446241
461272
476886
493123
510000
527240
545282
563889
583048
602965
623293
644431
666063
688724
711994
736236
761368
787028
813772
841316
869778
899077
929196
960763
993426
1026977
1061889
1097944
1135259
1173542
1213319
1254030
1296746
1340677
1385967
1433067
1481553
1531416
1583264
1636890
1692461
1749509
1809020
1870371
1933903
1999838
2067811
21162
21878
22637
23423
24263
25086
25908
26766
27665
28650
29584
30603
31598
32653
33786
35026
36234
37503
38804
40126
41469
42855
44368
45872
47470
49036
50717
52382
54186
56082
58021
60045
62065
64182
66394
68681
70947
73325
75836
78479
81121
83920
86795
89623
92684
95808
99064
102375
105856
109485
113194
116962
120991
125124
129302
133674
138265
142942
147837
152890
158077
163513
168953
174618
180522
186639
192992
199589
206356
213310
220562
227944
235673
243555
251732
260165
269041
278119
287408
297042
307108
317506
328252
339375
350966
362693
375048
387691
400874
414693
428756
443246
458318
474077
490304
506834
523963
541798
559967
579151
599224
619292
640442
662122
684686
707853
731769
756650
782353
808833
836355
864573
893951
924481
955904
988144
1021818
1056662
1092434
1129333
1167570
1206923
1247816
1289955
1334064
1379086
1425569
1474633
1524911
1576613
1629983
1685048
1741683
1800735
1861640
1924363
1989290
2056989
21450
22173
22914
23669
24407
25192
26047
26938
27814
28790
29782
30808
31825
32911
34012
35192
36376
37535
38785
40098
41489
42904
44381
45880
47440
49010
50676
52381
54173
56018
57882
59805
61772
63795
65894
68136
70447
72874
75297
77848
80475
83189
86035
88942
91892
94888
98162
101502
104968
108513
112091
115898
119868
123934
128146
132464
136834
141522
146233
151095
156107
161477
166978
172676
178509
184712
190897
197217
203984
211051
218185
225713
233429
241404
249628
258251
267041
276016
285422
295062
305053
315611
326166
337281
348746
360574
372692
385239
398268
411672
425618
440049
455082
470483
486304
502871
520198
537946
556203
575033
594777
615189
636229
657955
680112
703168
727103
751631
777147
803392
830554
858441
887598
917982
949548
981867
1015192
1049666
1085627
1122540
1160595
1200169
1240980
1283272
1326582
1371585
1418527
1466629
1516103
1567482
1620657
1675731
1732778
1791220
1852128
1915248
1980084
2047375
20914
21620
22334
23119
23883
24740
25579
26444
27379
28306
29288
30314
31279
32295
33391
34558
35714
36906
38219
39525
40852
42252
43676
45140
46666
48177
49823
51427
53233
55087
56925
58867
60865
62972
65122
67317
69592
71909
74394
76948
79588
82306
85056
87923
90836
93913
97142
100485
103963
107484
111223
114910
118726
122778
126851
131169
135677
140371
145175
150127
155348
160604
166061
171596
177213
183196
189395
195856
202640
209468
216695
224209
231870
239669
248053
256394
265144
274178
283514
293093
303047
313193
323685
334459
345649
357542
369548
382057
395129
408526
422274
436627
451602
466938
482793
499021
516041
533631
551867
570745
590116
610049
630852
652132
674186
697156
720916
745151
770445
796580
823592
851612
880472
910422
941609
973578
1006582
1040531
1075953
1112358
1150445
1189453
1229729
1271612
1314752
1359190
1405529
1453191
1502607
1553318
1606220
1660739
1716750
1775304
1835393
1898002
1962363
2029347
20861
21608
22371
23124
23923
24738
25516
26379
27242
28199
29119
30113
31146
32211
33327
34452
35584
36872
38185
39459
40803
42247
43646
45098
46621
48171
49818
51459
53266
55047
56952
58838
60826
62929
65087
67259
69610
71882
74286
76882
79418
82147
84965
87813
90846
93873
97118
100420
103842
107407
111052
114838
118665
122778
126792
131029
135344
139973
144601
149451
154475
159830
165135
170654
176330
182191
188397
194835
201360
208133
215305
222638
230135
238006
246104
254487
263311
272299
281401
291004
300940
311011
321448
332460
343758
355293
367250
379636
392617
405889
419612
433844
448677
464106
479852
496153
512887
530462
548553
567266
586704
606647
627380
648623
670631
693639
717029
741423
766658
792659
819689
847434
876416
906213
936985
969097
1002069
1035966
1071389
1107766
1145705
1184389
1224412
1265866
1308719
1353330
1399288
1447162
1496441
1547164
1599855
1654462
1710739
1768837
1828448
1890717
1955137
2021783
21036
21758
22480
23266
24048
24883
25751
26637
27541
28481
29455
30494
31497
32568
33653
34771
35933
37141
38437
39781
41143
42478
43908
45444
46996
48596
50276
51968
53721
55606
57491
59459
61527
63709
65834
68109
70344
72686
75167
77746
80357
83049
85862
88777
91863
94921
98210
101514
104936
108511
112228
116017
119900
123889
128074
132321
136721
141279
146086
151155
156361
161501
166986
172720
178466
184633
190902
197314
203995
210867
218027
225553
233121
240980
249085
257449
266269
275486
284723
294440
304445
314873
325545
336650
348051
359743
372054
384676
397585
411138
424984
439454
454506
470188
486254
502959
520161
537854
556040
574926
594270
614380
635247
656737
679186
702313
726362
751364
777078
803399
830633
858784
887919
918266
949345
981450
1015059
1049595
1085646
1122424
1160563
1199909
1240717
1283365
1326756
1371919
1418376
1466832
1516640
1568109
1621386
1676219
1733337
1792508
1853815
1916764
1981805
2049142
21381
22121
22908
23677
24509
25360
26195
27096
28041
28963
29948
30966
32048
33080
34250
35472
36712
37976
39309
40676
42048
43529
44957
46500
48066
49716
51369
53097
54917
56791
58718
60695
62782
64928
67108
69506
71912
74418
76945
79560
82303
85053
87913
90880
94000
97163
100528
103946
107473
111144
115034
118840
122925
127009
131366
135780
140372
145158
150109
155218
160476
165850
171491
177230
183120
189328
195735
202498
209393
216475
223768
231378
239287
247513
255957
264668
273732
282859
292341
302207
312567
323143
334093
345478
357446
369698
382324
395318
408872
422886
437416
452564
468010
483945
500115
517202
534872
553312
572033
591676
611767
632852
654437
676764
699769
723443
748152
773637
799751
827219
855542
884803
914943
946310
978271
1011588
1045917
1081457
1118449
1156514
1195922
1236688
1278700
1322176
1367583
1413680
1461862
1511435
1562865
1616154
1671168
1727746
1786841
1848101
1910951
1976128
2043783
21257
21944
22708
23478
24272
25136
26028
26894
27785
28762
29743
30691
31732
32820
33930
35074
36234
37512
38770
40084
41402
42832
44286
45834
47356
49014
50700
52404
54123
56028
57841
59788
61902
64028
66139
68474
70803
73271
75836
78378
80998
83894
86754
89653
92747
95818
99059
102471
105858
109521
113280
117101
121151
125358
129572
134082
138700
143386
148325
153469
158536
163972
169567
175392
181416
187715
194101
200635
207492
214519
221729
229135
236956
245038
253296
261768
270423
279603
289242
298984
309349
319984
330738
341879
353588
365686
378030
390867
404096
417861
432122
446765
461627
477216
493588
510390
527760
545608
563999
583108
602836
623218
644400
666610
689177
712420
736565
761504
787587
814219
841864
870196
899718
929936
961488
993962
1027725
1062567
1098721
1135695
1174573
1214578
1256147
1298689
1342866
1388515
1435573
1484209
1534593
1587109
1640860
1696384
1754116
1814026
1875851
1940061
2005869
20840
21528
22214
22956
23751
24526
25320
26160
27055
27965
28925
29880
30885
31955
33082
34200
35439
36615
37806
39139
40426
41809
43223
44656
46188
47802
49420
51047
52836
54628
56459
58293
60250
62294
64468
66747
68969
71376
73715
76246
78825
81564
84403
87155
90204
93200
96371
99585
103023
106545
110144
113849
117756
121931
126169
130448
134817
139419
144100
149108
154051
159372
164740
170404
176263
182282
188467
194802
201318
208166
215222
222512
229996
237907
245932
254286
263094
271916
281044
290587
300379
310532
321140
331965
343402
355276
367337
379830
392751
406130
419970
434263
449083
464299
480090
496305
513171
530230
548465
567369
586542
606971
627783
649075
671241
693773
717155
741415
766596
792629
819448
847357
876299
906148
937049
968810
1001644
1035443
1070307
1106810
1144512
1183423
1223712
1265527
1308779
1353566
1399857
1447312
1496367
1546927
1599470
1654082
1710302
1768426
1828859
1890456
1955040
2021317
21108
21804
22530
23293
24107
24929
25846
26726
27627
28469
29458
30392
31393
32515
33644
34786
35943
37156
38445
39737
41177
42595
44111
45616
47085
48655
50277
52021
53824
55607
