102406
104947
107613
110364
113093
115951
118831
121697
124606
127737
130868
134238
137693
141184
144749
148491
152229
156012
160018
164015
168132
172398
176741
181181
185751
190517
195374
200348
205422
210678
216000
221599
227188
233052
239067
245230
251545
258018
264452
271076
277979
285098
292437
299963
307686
315568
323522
331641
340063
348728
357726
366929
376524
386286
396178
406459
416941
427543
438672
449835
461306
473272
485153
497637
510469
523833
537232
550903
565099
579787
594769
610057
625687
641668
658017
674918
692470
710389
728717
747689
767106
786868
807423
828334
849748
871738
894297
917274
941257
965635
990576
1016380
1042882
1070117
1098041
1126539
1156046
1186024
1217006
1248742
1281018
1314165
1348240
1383544
1419913
1456642
1494497
1532916
1572739
1613902
1655931
1699089
1743842
1789334
1835931
1884074
1933700
1984122
2035875
20965
21506
22089
22708
23269
23873
24494
25159
25831
26502
27191
27923
28670
29407
30176
30971
31847
32725
33547
34471
35376
36372
37345
38274
39251
40331
41399
42461
43623
44782
46025
47311
48619
49902
51205
52591
53925
55345
56789
58332
59856
61448
63003
64718
66420
68237
70085
71987
73998
75998
78008
80175
82308
84470
86726
89090
91497
94001
96442
99034
101680
104429
107231
110084
112989
115911
119101
122275
125592
128955
132377
135916
139531
143348
147188
151201
155218
159363
163673
168112
172694
177401
182129
187050
192202
197351
202838
208313
214017
219901
225764
231919
238121
244560
251129
257833
264653
271934
279189
286676
294274
302183
310558
318996
327529
336508
345651
355050
364599
374455
384691
395193
405997
417140
428603
440176
452314
464674
477251
490135
503320
516910
530766
545362
560434
575778
591209
607186
623710
640695
658389
676751
695314
714280
734057
754308
774949
796207
818116
840691
863788
887466
911810
936934
962526
988937
1015799
1043670
1072290
1101787
1131930
1163437
1195392
1227983
1261740
1296451
1332261
1369009
1406755
1445121
1484794
1525558
1567488
1611016
1655653
1701243
1748121
1796465
1846206
1897419
1949987
2003931
20518
21061
21674
22276
22875
23499
24150
24846
25536
26262
27011
27819
28643
29442
30256
31134
31973
32923
33793
34720
35633
36563
37660
38722
39801
40892
42080
43179
44313
45577
46879
48193
49530
50887
52369
53811
55316
56898
58490
60028
61715
63454
65301
67072
69017
70971
72960
74909
76979
79135
81391
83664
86064
88390
90934
93462
95999
98750
101505
104318
107272
110228
113196
116443
119608
122977
126420
129985
133641
137394
141256
145251
149305
153553
157872
162288
166843
171548
176473
181359
186422
191626
197004
202645
208425
214334
220383
226578
233023
239600
246171
253024
260046
267495
275025
282719
290778
298981
307469
316145
325063
334370
343840
353455
363470
373561
384109
394813
405930
417261
429003
440981
453451
466359
479528
492933
506960
521385
536297
551391
567052
583032
599334
616135
633678
651649
670258
689282
708977
729097
749954
771061
792963
815646
838744
862681
887323
912768
938980
965636
993234
1021673
1050959
1081040
1111802
1143573
1175888
1209460
1243741
1279450
1315828
1353257
1392101
1431581
1472682
1514965
1558379
1602735
1648192
1695887
1744197
1794065
1845480
1897868
1952044
2007954
20561
21130
21775
22420
23028
23683
24365
25070
25770
26489
27220
27986
28792
29605
30399
31271
32186
33067
34001
34941
35976
36937
37995
39104
40225
41414
42625
43900
45156
46475
47804
49127
50554
52052
53531
55030
56596
58185
59856
61641
63449
65256
67071
69129
71149
73228
75341
77473
79754
82059
84387
86822
89314
91907
94470
97235
100060
102849
105820
108925
112144
115364
118690
122144
125634
129338
133053
136896
140765
144804
149056
153413
157836
162368
167070
171772
176761
181789
187159
192496
198095
203904
209756
215816
222030
228443
235126
241934
249026
256204
263570
271219
279080
287030
295205
303838
312755
321800
331149
340738
350673
361001
371497
382391
393193
404661
416504
428567
441164
454037
467095
480714
494781
509282
524161
539597
555442
571759
588226
605370
623094
641222
660055
679123
698898
719327
740736
762474
784855
807797
831308
855557
880260
905997
932761
960084
988064
1017006
1046841
1077441
1109185
1141748
1175335
1209850
1244945
1281394
1318858
1357218
1397111
1438115
1480245
1523981
1568505
1614605
1661999
1710884
1761470
1812869
1865775
1920452
1976881
2034614
20797
21427
22062
22730
23391
24066
24785
25461
26177
26987
27764
28566
29435
30264
31144
32048
33003
33942
34957
35948
37006
38071
39238
40393
41605
42788
44016
45257
46609
47968
49342
50836
52323
53870
55490
57106
58852
60556
62301
64164
66038
67943
69919
71998
74124
76305
78554
80824
83262
85663
88165
90812
93546
96305
99158
102063
105072
108136
111304
114493
117857
121334
124966
128747
132493
136470
140615
144789
149066
153432
157907
162557
167385
172393
177480
182625
188016
193622
199401
205460
211502
217760
224333
230994
237918
245036
252274
259774
267593
275611
283697
292240
300922
309919
319113
328518
338222
348540
359064
369903
380855
392179
403849
415930
428390
441326
454488
467901
481825
496284
510825
526008
541602
557882
574578
591824
609229
627315
646065
665507
685405
705913
727180
748701
771077
793883
817850
842595
867719
894043
920927
948795
977123
1006139
1036245
1067221
1099096
1131830
1165858
1200652
1236572
1273516
1311781
1351109
1391537
1433334
1476211
1520115
1565927
1612418
1660458
1710384
1761884
1814800
1869560
1925709
1983622
2043526
21214
21832
22483
23162
23863
24540
25297
26052
26842
27647
28484
29356
30192
31069
32012
32954
33965
35001
35999
37074
38174
39367
40557
41815
43081
44409
45702
47094
48475
49926
51361
52851
54402
56027
57812
59575
61412
63263
65264
67233
69266
71318
73438
75720
78011
80503
82886
85469
87979
90640
93473
96301
99296
102330
105432
108669
112016
115347
118776
122311
125916
129755
133730
137719
141929
146331
150837
155527
160254
165051
170130
175270
180659
186240
191866
197696
203579
209740
216080
222656
229496
236533
243729
251092
258680
266509
274467
282810
291206
299986
309131
318541
328158
338258
348395
358941
369855
381217
392729
404835
417337
430217
443395
457145
471153
485417
499927
515097
531002
547441
564257
581478
599334
617896
636632
656307
676259
696998
718169
740124
762871
786287
810160
834704
860021
886230
913199
941458
970449
1000185
1030605
1062233
1094928
1128315
1163175
1198804
1235548
1273666
1312528
1352701
1394303
1436999
1481140
1526637
1573289
1621571
1671379
1722669
1775869
1830653
1887052
1945223
2004932
20709
21355
21996
22698
23378
24084
24847
25589
26397
27172
27948
28764
29700
30627
31587
32556
33571
34597
35670
36788
37935
39132
40322
41621
42912
44231
45598
47045
48548
50026
51537
53145
54836
56492
58169
59901
61814
63847
65701
67739
69782
71902
74086
76399
78764
81185
83619
86238
88914
91630
94513
97444
100437
103546
106760
110028
113437
116872
120557
124291
128294
132301
136477
140664
145066
149515
154309
159013
163995
169117
174366
179842
185492
191142
197139
203235
209403
215977
222782
229697
236816
244196
251796
259681
267715
276090
284612
293675
302773
312139
321859
331874
342049
352706
363567
374791
386429
398505
410849
423715
436941
450815
464944
479453
494452
509834
525868
542342
559036
576477
594265
612571
631636
651595
671808
692902
714474
736853
759948
783822
808702
834065
860081
886941
914374
942949
972639
1002835
1034319
1066959
1100083
1134584
1170233
1206660
1244187
1283074
1323308
1364645
1407394
1451631
1497062
1543917
1592687
1642380
1693624
1746432
1801293
1857722
1915606
1975586
2037364
20939
21582
22215
22940
23711
24466
25180
25940
26755
27606
28435
29302
30178
31144
32132
33202
34172
35223
36355
37484
38673
39892
41234
42529
43920
45287
46780
48185
49706
51236
52866
54510
56188
57910
59743
61528
63463
65499
67547
69614
71836
74079
76467
78892
81389
83907
86527
89247
92084
95047
98020
101104
104233
107454
110779
114201
117772
121512
125392
129228
133292
137526
141873
146325
151037
155857
160716
165790
170966
176351
181891
187586
193303
199391
205734
212204
218932
225786
233031
240285
247776
255624
263704
272153
280744
289560
298710
308006
317917
327932
338342
348906
359801
371386
383070
395058
407536
420411
433751
447335
461467
476236
491179
506798
522825
539536
556753
574542
592550
611166
630606
650684
671201
692439
714492
737287
760887
784976
809622
835441
861891
889102
917149
946099
975935
1007041
1039191
1072186
1106229
1141141
1177442
1214857
1253348
1293104
1333699
1376077
1420041
1465093
1511664
1559697
1609067
1660029
1712677
1766748
1822606
1880701
1940493
2001929
20623
21272
21991
22707
23431
24183
24927
25689
26510
27340
28157
29064
30024
30973
31979
33018
34088
35102
36238
37390
38538
39783
41031
42318
43633
44993
46483
48028
49547
51156
52758
54341
56118
57799
59638
61565
63540
65564
67628
69828
72075
74437
76800
79228
81767
84443
87139
89954
92823
95763
98841
101887
105169
108548
111998
115567
119302
123087
127004
131064
135213
139545
143987
148501
153036
157883
162920
168120
173419
179082
184733
190572
196591
202810
209326
215958
222908
229917
237302
244917
252780
260782
269019
277548
286396
295508
305079
314599
324577
334990
345740
356862
368149
380049
392302
404772
417582
430997
444638
458580
472898
487881
503351
519569
536245
553720
571359
589636
608477
627919
648131
668821
690271
712404
735057
758375
782740
807664
833448
860041
887588
916176
945405
975656
1007165
1039594
1073073
1107315
1143033
1179628
1217619
1256866
1296650
1337889
1380871
1425541
1471283
1518591
1567076
1617283
1669010
1722370
1777227
1834080
1892529
1952812
2015662
20770
21446
22108
22754
23480
24210
24983
25752
26553
27417
28275
29162
30068
31032
32055
33045
34091
35186
36342
37486
38652
39889
41144
42447
43812
45269
46751
48253
49780
51374
52998
54681
56491
58326
60140
62026
63949
66048
68199
70364
72619
74966
77365
79914
82475
85126
87823
90644
93534
96481
99514
102636
105889
109248
112764
116391
120041
123862
127899
131969
136230
140674
145242
149908
154701
159604
164737
170021
175451
181089
186825
192738
198911
205250
211934
218720
225680
232909
240306
247958
255968
264231
272696
281508
290588
299893
309478
319504
330028
340646
351507
362965
374697
386938
399286
412286
425391
439068
453321
467854
482824
498187
514299
530718
547597
565220
583326
602040
621176
641089
661877
683080
705154
728086
751601
775761
800905
826505
853071
880588
908875
938180
968495
1000021
1032254
1065294
1099546
1134729
1171304
1209058
1248191
1288077
1329552
1372378
1417032
1462647
1509732
1558011
1607930
1659631
1712912
1767674
1824067
1883077
1943871
2005979
20468
21104
21781
22494
23203
23970
24719
25528
26323
27166
28089
28963
29864
30810
31792
32771
33779
34943
36106
37283
38458
39749
41011
42401
43811
45296
46756
48257
49873
51423
53104
54847
56546
58443
60329
62223
64254
66269
68463
70698
73001
75412
77770
80287
82829
85426
88147
90933
93896
96843
99935
103153
106442
109846
113440
116993
120796
124672
128631
132819
137012
141389
145895
150653
155415
160402
165593
170955
176624
182350
188200
194246
200660
207050
213693
220533
227509
235003
242529
250154
258245
266649
275142
283941
293000
302650
312425
322566
332861
343429
354547
366063
378057
390023
402605
415609
428917
442826
457050
471752
486743
502275
518381
535331
552539
570296
588474
607566
627101
647537
668344
689722
712024
734594
758131
782336
807435
833425
860510
888073
916733
946316
976894
1008430
1040822
1074308
1108817
1144543
1181522
1219811
1259210
1300032
1342096
1385399
1429851
1476069
1523535
1572655
1623105
1675459
1730031
1786018
1843459
1903066
1964421
2027887
20918
21608
22304
22996
23735
24514
25310
26093
26957
27858
28735
29676
30593
31619
32619
33654
34771
35847
37027
38232
39499
40788
42078
43407
44832
46270
47763
49224
50864
52512
54191
56013
57850
59725
61589
63504
65540
67722
69902
72110
74499
76915
79343
81891
84541
87246
90078
93044
96055
99157
102432
105700
109098
112643
116258
120075
123970
127985
132154
136568
140977
145516
150171
154947
159927
165139
170432
175919
181598
187426
193614
199988
206411
213193
220097
227327
234737
242452
250425
258399
266859
275500
284499
293766
303086
313031
323096
333560
344361
355467
367005
378766
390971
403492
416424
429951
443913
458479
473186
488501
504089
520464
537331
554798
572577
591123
610245
629691
650057
671148
693061
715440
738548
762639
787273
812847
839097
866168
894233
922949
952690
983613
1015249
1048093
1082068
1117390
1153725
1191008
1229582
1269540
1310827
1353304
1396972
1441716
1488314
1536461
1586360
1637883
1691070
1745604
1802084
1860413
1920635
1982736
2046622
21121
21823
22544
23249
23991
24722
25457
26250
27148
28026
28918
29850
30798
31836
32895
33939
35039
36143
37308
38515
39716
41001
42273
43617
44997
46486
48067
49625
51166
52811
54514
56329
58193
60083
62029
64109
66149
68242
70496
72723
75099
77594
80163
82711
85425
88140
91113
94012
97037
100188
103395
106745
110186
113738
117404
121311
125255
129255
133522
137779
142266
146932
151651
156655
161767
167009
172417
177794
183508
189366
195395
201811
208169
215020
221872
228948
236448
244038
251833
260050
268436
277322
286310
295715
305413
315223
325595
336265
347071
358402
370001
381963
394503
407248
420400
433912
447730
462017
476763
492260
508277
524954
541873
559273
577400
596291
615499
635678
656201
677339
699276
721738
745280
769246
793762
819624
846159
873714
901914
931014
961161
992303
1024518
1057835
1092168
1127420
1164036
1202014
1241085
1281096
1322344
1365052
1409173
1454589
1501332
1550021
1600387
1652045
1705280
1760205
1817243
1876203
1937263
1999778
2064215
21236
21967
22665
23343
24100
24877
25678
26491
27332
28219
29132
30050
31053
32086
33090
34192
35288
36435
37588
38778
40012
41336
42638
44035
45487
46973
48415
49989
51587
53192
54968
56741
58530
60405
62351
64410
66531
68692
70861
73120
75478
77834
80390
83060
85799
88555
91436
94405
97509
100650
104010
107280
110750
114410
118070
121938
125832
129959
134183
138513
142993
147622
152486
157285
162319
167543
172953
178587
184366
190349
196459
202787
209479
216331
223424
230664
238123
245899
253864
261986
270546
279255
288242
297607
307175
317094
327354
337816
348779
360144
371782
383851
396429
409179
422601
436130
450221
464670
479600
495056
511027
527623
544805
562516
580756
599725
619285
639393
659981
681279
703249
726196
750124
774354
799298
825330
852266
880139
908473
937761
968235
999616
1031742
1065204
1099603
1135041
1171398
1209163
1248153
1288258
1330463
1373653
1417872
1463468
1510932
1560124
1611317
1663410
1717429
1772802
1830338
1889955
1951207
2013901
20619
21263
21901
22637
23404
24128
24950
25805
26654
27527
28368
29273
30259
31225
32193
33238
34321
35440
36566
37721
38927
40204
41534
42831
44195
45609
47087
48662
50251
51926
53622
55357
57120
59014
60972
62849
64853
66979
69083
71359
73682
75995
78478
81023
83685
86300
89101
91851
94805
97915
101108
104411
107741
111335
115010
118762
122587
126587
130682
134961
139341
143797
148457
153117
158126
163289
168596
174149
179786
185462
191472
197801
204220
210879
217628
224601
231886
239372
247225
255385
263667
272348
281059
290220
299388
309174
319303
329544
340091
351008
362398
374187
386289
398887
411783
425204
438929
453308
467885
482823
498527
514485
531229
548422
566220
584578
603538
622793
643186
663867
685427
707616
730616
754417
778629
803894
829849
856663
884325
912967
942756
973398
1004968
1037360
1070570
1105533
1141456
1178581
1216882
1256247
1296935
1338964
1382440
1426905
1473138
1521334
1570268
1621121
1673729
1727679
1783769
1841292
1900529
1962152
2025604
20873
21587
22310
23027
23764
24597
25416
26268
27142
28000
28882
29803
30778
31739
32791
33848
34930
36106
37296
38512
39783
41029
42355
43682
45151
46621
48117
49678
51267
52989
54661
56474
58276
60146
62131
64153
66238
68328
70633
72911
75224
77564
80122
82686
85425
88289
91180
94067
97055
100264
103513
106851
110369
113924
117692
121491
125334
129416
133595
137910
142484
147101
151823
156842
162023
167268
172586
178081
183821
189890
195948
202389
209048
215848
222975
230308
237872
245555
253364
261477
269966
278562
287608
296965
306686
316602
326813
337525
348607
359969
371694
383929
396314
409008
421992
435580
449551
464146
479170
494621
510634
527414
544560
562430
580520
599409
619054
638983
659630
680830
702993
725814
749481
773780
799189
824993
851768
879657
908168
937344
967812
999203
1031300
1064883
1099614
1134947
1171804
1209798
1249260
1290034
1331724
1374482
1419091
1465375
1513135
1562334
1613283
1665847
1720268
1776135
1833657
1892904
1954487
2017949
21040
21693
22438
23166
23909
24692
25490
26252
27105
28014
28919
29865
30828
31862
32877
33931
35075
36202
37375
38584
39822
41054
42444
43818
45270
46711
48313
49835
51440
53029
54709
56544
58316
60240
62172
64169
66245
68404
70621
72922
75258
77725
80190
82789
85395
88177
90999
93844
96981
100116
103381
106755
110134
113653
117343
121115
125095
129096
133127
137415
141855
146458
151216
156124
161210
166485
171944
177544
183165
188987
195100
201464
208069
214699
221652
228873
236110
243863
251880
260206
268746
277458
286547
295803
305402
315254
325455
335962
346981
358276
370068
382118
394430
407335
420780
434638
448736
463252
478200
493624
509566
526252
543434
561240
579429
598307
617820
638105
658652
679930
702016
724928
748356
772768
797955
823594
850332
877958
906524
935737
966017
997258
1029893
1063460
1097839
1133633
1170019
1207796
1246839
1287267
1329002
1372040
1416277
1461703
1509014
1558022
1608158
1660021
1713737
1769281
1827114
1886267
1947679
2010599
20737
21395
22123
22807
23583
24375
25116
25929
26821
27694
28580
29493
30456
31443
32433
33495
34571
35670
36820
37977
39194
40474
41835
43190
44585
46049
47532
49090
50721
52358
54101
55791
57594
59406
61370
63352
65441
67512
69766
71987
74308
76759
79221
81789
84422
87271
90122
92989
95991
99056
102215
105451
108908
112468
116164
119921
123801
127890
132003
136373
140828
145411
150129
154860
159720
164979
170304
175889
181690
187536
193606
199816
206297
212910
219751
226948
234235
241809
249671
257793
266201
274629
283615
292753
302256
312228
322395
332919
343584
354760
366489
378487
390795
403513
416441
430090
443976
458197
472979
488320
503991
520366
537168
554592
572979
591650
611045
630911
651082
672167
694086
716612
740032
764118
789190
814587
841076
868528
896604
925919
956148
987429
1019508
1052891
1087003
1122438
1158888
1196484
1235107
1275291
1316921
1359538
1404039
1449452
1496298
1544649
1594940
1646575
1700057
1755486
1812638
1871647
1932532
1995345
2060089
21485
22215
22948
23676
24427
25281
26129
26969
27858
28793
29726
30700
31699
32713
33774
34900
36072
37266
38449
39716
41021
42359
43722
45135
46651
48115
49646
51335
52999
54748
56517
58369
60293
62260
64362
66471
68626
70815
73095
75500
78013
80528
83151
85899
88700
91501
94491
97625
100870
104075
107451
110880
114433
118077
121875
125811
129895
134097
138540
143002
147589
152355
157240
162270
167493
172878
178539
184396
190407
196679
203114
209942
216767
223922
231359
238774
246550
254567
262889
271491
280344
289473
298894
308814
318802
329260
339852
350873
362289
373888
385861
398483
411546
425042
438805
453038
467641
482801
498418
514674
531393
548582
566417
584774
603782
623324
643541
664507
685825
708209
730900
754429
778978
804315
830119
856932
884787
913573
943119
973397
1005113
1037511
1070962
1105924
1141884
1179211
1217416
1257369
1298170
1340266
1383775
1428392
1474776
1522793
1571992
1623020
1675673
1729935
1786010
1844094
1904269
1965623
2029194
21087
21810
22497
23226
23979
24736
25552
26366
27166
28057
28956
29884
30811
31780
32800
33829
34905
36000
37157
38340
39594
40888
42229
43630
44988
46456
47987
49505
51136
52742
54458
56205
58049
59845
61747
63743
65789
67927
70152
72355
74606
77010
79440
81922
84580
87337
90152
93182
96209
99338
102543
105807
109217
112818
116428
120219
124158
128215
132474
136903
141288
145858
150682
155706
160811
165890
171375
176766
182486
188365
194437
200734
207294
213987
220811
227923
235346
243046
251073
259325
267743
276265
285308
294561
304138
314009
324260
334702
345447
356534
368151
379970
392251
405051
418240
432158
446228
460808
475801
491142
507036
523628
540588
558057
575934
594699
613769
633765
654370
675670
697498
719995
743477
767675
792723
818368
844740
872116
900274
929377
959450
990494
1022649
1055946
1090582
1125989
1162727
1200718
1239867
1280014
1321703
1364734
1409089
1455177
1502269
1550904
1601696
1653774
1707406
1762778
1819831
1878768
1939952
2003120
20921
21639
22360
23063
23797
24550
25363
26191
27020
27896
28772
29729
30753
31732
32785
33875
34981
36175
37373
38559
39813
41049
42331
43707
45095
46553
48111
49639
51270
52870
54639
56441
58360
