102427
104870
107422
110009
112662
115400
118226
121087
124091
127123
130177
133308
136481
139838
143239
146796
150416
154143
157958
161708
165662
169742
173807
177984
182410
186915
191418
196111
201044
205957
210959
216103
221500
226959
232649
238351
244328
250486
256714
263074
269482
275997
282884
289790
296867
304104
311543
319313
327268
335366
343552
352074
360866
369736
379101
388511
398115
408104
418145
428569
439215
450244
461381
473208
485125
497072
509667
522520
535701
548952
562679
576676
591140
605907
621080
636763
652597
668990
685901
702977
720737
739105
757732
777047
796526
816695
837235
858525
880132
902654
925146
948557
972627
997044
1022224
1047967
1074562
1101727
1129662
1158346
1187603
1217279
1248178
1279559
1311797
1344867
1378618
1413656
1449308
1485894
1523611
1562433
1601998
1642423
1683898
1726805
1770835
1816089
1862163
1909598
1957768
2007275
20839
21385
21933
22474
23038
23619
24218
24880
25498
26135
26823
27457
28148
28854
29563
30350
31114
31920
32689
33525
34394
35246
36138
37089
38058
39015
39998
41010
42101
43189
44319
45456
46566
47776
48916
50185
51484
52841
54205
55598
57112
58590
60138
61670
63318
64971
66657
68445
70204
72030
73842
75802
77735
79721
81794
83873
86051
88319
90664
93054
95567
98103
100667
103304
105969
108698
111588
114583
117563
120519
123616
126902
130163
133582
137087
140612
144315
148145
151891
155904
159918
164107
168456
172860
177466
182282
186953
191934
196977
202118
207356
212696
218189
223802
229695
235772
242012
248500
255015
261759
268512
275591
282819
290260
297989
305931
313998
322534
331088
339942
349016
358247
367727
377451
387553
397930
408295
418980
430017
441260
452965
464871
477242
489836
503061
516501
530208
544306
558742
573412
588843
604426
620465
636806
653821
671361
689128
707454
726465
745829
765763
786217
807288
828667
850988
873624
896699
920511
944975
970035
995938
1022729
1049866
1078111
1106841
1136466
1167040
1198097
1230010
1262928
1296729
1331686
1367594
1404460
1442160
1480988
1520379
1561143
1602874
1645820
1689593
1734837
1781065
1828994
1878327
1928878
1980755
2033618
20955
21528
22072
22677
23289
23936
24602
25281
25968
26661
27400
28145
28861
29684
30521
31365
32227
33118
34012
34921
35873
36835
37811
38847
39888
41015
42132
43241
44370
45588
46818
48090
49343
50665
52054
53491
54939
56414
57923
59482
61039
62733
64376
66116
67944
69801
71652
73573
75649
77708
79845
81983
84264
86511
88758
91217
93742
96306
98974
101644
104417
107331
110289
113322
116395
119543
122743
126138
129491
133059
136702
140423
144253
148116
152190
156457
160649
164965
169427
173979
178672
183559
188547
193729
198989
204545
210294
216146
222001
228081
234383
240870
247400
254117
261120
267993
275275
282889
290511
298485
306749
315184
323894
332738
341774
351143
360824
370784
381018
391606
402296
413417
424910
436638
448596
460708
473456
486618
500145
514038
528368
543057
558049
573265
589273
605444
622192
639434
657147
675405
694021
713398
733215
753789
774663
796174
818397
840915
864188
888105
912740
937952
963789
990332
1017772
1045964
1075003
1104924
1135905
1167394
1199821
1232955
1267107
1302428
1338411
1375301
1413449
1452693
1492939
1534514
1576966
1621006
1665881
1712017
1760084
1809360
1859543
1911401
1964686
2019809
20950
21518
22108
22734
23374
24071
24741
25455
26157
26896
27637
28418
29239
30056
30849
31711
32676
33566
34546
35461
36429
37480
38532
39602
40706
41858
42962
44201
45428
46767
48075
49470
50847
52309
53782
55322
56855
58431
60009
61730
63473
65308
67109
68983
70915
72821
74829
76963
79108
81332
83686
86049
88410
90937
93463
96073
98831
101650
104540
107521
110556
113681
116883
120224
123686
127221
130827
134606
138356
142152
146160
150233
154452
158871
163331
167987
172769
177740
182748
187840
193077
198537
204185
210108
216153
222261
228523
235241
242057
248871
255968
263179
270508
278259
286022
294185
302571
311237
319986
328975
338084
348069
357993
368235
378779
389485
400347
411684
423441
435612
448079
460749
473700
487218
501012
515376
530022
545066
560487
576601
593196
610224
627651
645558
663836
682685
702087
722088
742742
763926
785865
808481
831479
855161
879740
904999
930759
957417
984775
1012843
1041753
1071492
1102199
1133776
1166517
1200082
1234317
1269653
1305983
1343373
1381897
1421273
1462137
1503804
1546808
1591422
1637088
1684139
1732557
1782056
1832878
1885524
1939803
1995529
2052703
20871
21463
22075
22723
23361
24017
24713
25348
26078
26894
27648
28427
29242
30119
31012
31917
32826
33766
34740
35758
36744
37811
38902
40055
41090
42305
43530
44766
46052
47375
48738
50179
51682
53146
54697
56327
57906
59526
61240
62934
64810
66680
68664
70746
72801
74900
77055
79292
81597
83846
86291
88857
91505
94114
96946
99667
102470
105448
108438
111588
114813
118160
121579
125090
128637
132463
136242
140239
144361
148450
152656
157063
161600
166230
170939
175855
180957
186031
191328
196880
202606
208421
214459
220566
226965
233594
240326
247221
254338
261682
269250
276993
285008
293111
301614
310300
319368
328512
338008
347829
357774
368341
378998
390044
401350
413023
425104
437546
450293
463511
476778
490465
504871
519548
534624
550280
566293
582899
599956
617490
635641
654180
673349
692858
713040
734016
755393
777662
800319
823985
847960
872542
897795
923729
950773
978607
1007273
1036718
1067012
1098120
1129830
1162871
1196833
1231763
1267721
1304979
1342611
1381887
1421838
1463379
1505925
1550116
1595403
1641824
1689659
1739213
1789718
1842180
1895902
1951972
2008879
20608
21181
21807
22493
23185
23903
24666
25388
26136
26937
27755
28523
29383
30230
31147
32084
33016
33917
34865
35873
36982
38039
39063
40215
41387
42586
43808
45086
46413
47793
49272
50688
52203
53721
55352
57041
58655
60340
62137
63972
65833
67716
69694
71683
73774
75934
78167
80555
82924
85354
87876
90569
93265
95977
98830
101696
104695
107813
110950
114063
117424
120815
124398
128234
132002
135906
139971
144051
148204
152574
157064
161687
166434
171295
176417
181581
186998
192358
197966
203652
209717
215814
222104
228673
235429
242370
249396
256808
264439
272191
280219
288649
297108
305702
314756
324151
333789
343707
353768
364064
374897
385879
397087
408432
420659
432972
445600
458667
472144
486074
500505
515209
530295
546088
562252
578773
595754
613332
631368
650130
669475
689190
709406
730374
752041
774131
796910
820303
844798
869671
895276
921768
949071
977219
1005969
1035355
1065718
1097256
1129556
1162905
1197511
1232838
1269353
1306914
1345486
1385647
1426723
1468815
1512092
1556677
1602649
1649743
1698499
1748537
1799902
1853035
1907803
1964321
2022337
20584
21188
21798
22444
23135
23823
24524
25243
25986
26744
27546
28362
29202
30066
30948
31865
32807
33688
34698
35732
36750
37847
38971
40147
41342
42599
43882
45205
46567
47957
49355
50762
52349
53846
55398
57070
58874
60663
62442
64370
66338
68337
70343
72436
74587
76832
79112
81538
84034
86458
89061
91636
94394
97137
100019
103012
106049
109266
112511
115762
119231
122803
126297
129972
133830
137849
141862
146087
150440
154927
159573
164482
169239
174298
179414
184833
190286
195861
201631
207504
213655
220094
226668
233508
240502
247652
255053
262642
270458
278545
286918
295533
304335
313369
322597
332099
342089
352301
362741
373714
384770
396230
407903
419865
432161
444984
458216
471820
485919
500573
515605
530862
546851
563012
579814
596863
614555
633197
651970
671540
691373
711694
732947
754676
777356
800396
824303
848859
874312
900337
927022
954547
982884
1012341
1042479
1073736
1106045
1139065
1173084
1208376
1244291
1281389
1319680
1358978
1399360
1441248
1484850
1529273
1574954
1621703
1670200
1720214
1771585
1824682
1879069
1935157
1992985
2052740
21352
21978
22679
23360
24059
24778
25522
26255
27031
27887
28709
29580
30488
31443
32365
33297
34245
35229
36274
37420
38535
39690
40873
42096
43407
44690
46008
47426
48874
50373
51852
53370
55026
56670
58345
60060
61857
63695
65652
67666
69615
71748
73885
76106
78408
80757
83131
85751
88309
90987
93756
96590
99454
102472
105613
108773
112091
115475
118916
122507
126199
130012
133882
137912
141925
146239
150635
155216
159797
164611
169440
174549
179707
184932
190433
196001
202063
208193
214368
220865
227489
234213
241244
248450
255735
263419
271183
279137
287593
296164
304976
314165
323618
333409
343414
353921
364399
375234
386463
398032
409947
422234
434952
448021
461434
475407
489720
504456
519535
534927
550904
567489
584659
602058
620201
638748
657964
677915
698422
719187
740515
762793
785692
809394
833878
858969
884654
911395
938497
966783
995801
1025656
1056333
1088227
1120515
1154239
1189110
1224873
1261594
1299421
1338480
1378631
1419892
1462522
1506871
1552434
1599506
1647715
1697275
1748595
1801008
1855379
1911162
1968579
2027833
20748
21339
21969
22615
23305
23981
24707
25434
26191
27017
27872
28683
29539
30424
31308
32237
33178
34152
35170
36193
37256
38399
39613
40817
42059
43337
44577
45913
47319
48726
50284
51787
53338
54902
56527
58237
59971
61808
63664
65618
67556
69531
71586
73774
75997
78261
80533
82991
85472
88015
90565
93219
95953
98852
101854
104923
108093
111313
114588
118042
121602
125342
129188
133048
137028
141119
145305
149805
154271
158871
163669
168492
173544
178840
184194
189811
195402
201394
207374
213663
220065
226751
233539
240683
247916
255518
263082
270962
279163
287534
296133
305031
314224
323811
333635
343789
354133
364852
375756
387162
398816
410996
423296
436033
449106
462461
476294
490609
505386
520602
536350
552540
569284
586451
604248
622683
641651
661051
681110
701673
722837
744511
766965
790379
814483
839252
864575
890698
917497
944949
973839
1003010
1033718
1064940
1097088
1129960
1163894
1198636
1234593
1271804
1310070
1349686
1390483
1432461
1475936
1520516
1566226
1613576
1661884
1711801
1763148
1816088
1871115
1927888
1985933
2045841
21363
21994
22670
23353
24083
24825
25550
26338
27130
27937
28715
29588
30477
31365
32228
33188
34176
35244
36336
37455
38595
39732
40957
42181
43425
44738
46037
47418
48780
50278
51821
53353
54915
56593
58395
60122
61937
63797
65694
67776
69862
71975
74122
76333
78699
81060
83484
86003
88681
91428
94201
97030
100015
102985
106127
109297
112605
115972
119521
123122
126774
130576
134577
138732
142989
147222
151735
156332
161000
165934
170947
176177
181426
187058
192694
198542
204516
210757
217129
223804
230500
237449
244590
252012
259562
267521
275612
284005
292629
301472
310528
320146
329775
339564
349836
360263
371180
382387
393868
405939
418107
430691
443691
457158
470900
485280
499964
515254
530725
546754
563421
580499
598055
616096
634770
653651
673531
693882
714884
736596
758807
781776
805252
829680
855059
880957
907966
935474
963571
992817
1022752
1053838
1086242
1118929
1152905
1187697
1223295
1260117
1298130
1337138
1377726
1419699
1462861
1506933
1552491
1599481
1647585
1697874
1748898
1801860
1856191
1912395
1970143
2029526
20846
21460
22108
22817
23517
24214
24987
25745
26490
27356
28175
29025
29946
30869
31753
32717
33748
34805
35788
36884
37954
39077
40240
41471
42712
44002
45354
46695
48200
49621
51168
52705
54179
55765
57554
59219
60986
62842
64676
66677
68764
70810
72904
75118
77436
79768
82231
84713
87313
89972
92728
95492
98363
101347
104422
107728
110948
114284
117687
121336
125078
128843
132797
136813
141030
145395
149829
154369
158978
163952
168931
174041
179134
184526
190106
195907
201746
207823
214228
220770
227355
234252
241373
248650
256139
263911
271737
280183
288835
297463
306574
315810
325275
335127
345243
355702
366434
377545
389121
400978
413189
425769
438495
451801
465409
479610
494169
509283
524631
540459
556613
573283
590672
608283
626929
645763
665490
685669
706290
727434
749739
772419
795969
820253
845472
871201
897764
924544
952538
981563
1011386
1042096
1073624
1106242
1139791
1174306
1209725
1246314
1284110
1323277
1363451
1404872
1447570
1491474
1536625
1583265
1631763
1681513
1732236
1785029
1839472
1895561
1953229
2012546
20723
21282
21945
22607
23308
24048
24770
25542
26316
27120
27973
28820
29712
30578
31555
32531
33588
34590
35634
36804
37906
39030
40226
41446
42714
44010
45397
46812
48163
49677
51158
52680
54270
55863
57557
59214
60979
62839
64717
66755
68769
70976
73141
75372
77678
79953
82415
84938
87605
90278
92894
95736
98716
101784
104891
108051
111375
114703
118197
121876
125574
129406
133405
137504
141575
145926
150423
155037
159615
164397
169413
174572
179780
185298
190937
196875
203027
209090
215421
221880
228691
235731
242830
250224
257880
265732
273770
281999
290722
299591
308662
318092
327946
337880
348172
358766
369609
380801
392290
404078
416325
429128
442313
455687
469611
484043
498665
513665
529231
545322
561849
579027
596560
614955
633786
653039
672955
693438
714555
736235
758472
781536
805271
829747
854914
881052
907918
935411
964034
993568
1023500
1054886
1086720
1119552
1153921
1189093
1225397
1262725
1301228
1340542
1381225
1423431
1466760
1511513
1557505
1605320
1653847
1704244
1756235
1809546
1864540
1921293
1979873
2040128
20816
21459
22080
22767
23426
24119
24856
25617
26410
27214
28085
28964
29854
30752
31644
32542
33483
34527
35575
36619
37698
38853
40024
41255
42514
43774
45060
46468
47909
49363
50830
52382
53971
55613
57326
59081
60867
62754
64685
66628
68640
70711
72854
75029
77290
79552
81919
84492
87058
89748
92512
95375
98270
101279
104317
107516
110744
114067
117440
121042
124763
128522
132319
136347
140565
144872
149298
153878
158502
163399
168294
173401
178639
184088
189554
195371
201345
207490
213778
220257
226789
233718
240815
248273
255963
263826
271878
280163
288701
297584
306621
316035
325718
335524
345814
356299
367048
378239
389798
401706
414039
426698
439574
452884
466675
480876
495405
510452
526182
542004
558349
575511
593075
611283
630095
649452
669206
689488
710329
731906
754121
776926
800586
825346
850519
876366
903093
930474
958752
987648
1017737
1048744
1080806
1113953
1147827
1182999
1218818
1255794
1293953
1333007
1373616
1415474
1458771
1502984
1548580
1595773
1644329
1694182
1746002
1799363
1854422
1910541
1968548
2028164
20749
21351
21994
22651
23399
24096
24837
25592
26355
27131
27964
28867
29767
30669
31651
32596
33571
34636
35657
36754
37899
39024
40248
41432
42697
44025
45396
46831
48237
49697
51217
52789
54373
56086
57775
59537
61381
63226
65130
67109
69178
71322
73513
75727
77973
80344
82791
85392
88000
90732
93499
96364
99194
102223
105349
108597
111857
115230
118766
122428
126192
129938
133966
138084
142351
146728
151056
155647
160482
165329
170408
175605
181052
186478
192165
197905
203904
210218
216613
223154
229964
236839
244052
251504
259150
267044
275254
283646
292237
301191
310358
319827
329522
339530
349825
360511
371512
382806
394433
406386
418570
431323
444589
458129
471991
486401
501102
516453
532011
548296
564848
582182
599897
618087
636793
656130
676518
697249
718796
740641
763279
786649
810604
835434
860977
887327
914204
942278
971260
1000862
1031433
1063003
1095533
1129012
1163603
1199402
1235849
1273853
1312292
1352247
1393402
1436258
1479826
1524876
1571162
1619198
1668439
1719011
1771461
1825211
1880188
1937244
1996426
2057246
21046
21673
22354
23016
23702
24479
25196
25899
26731
27562
28372
29235
30128
31050
32027
33048
34036
35122
36148
37235
38408
39523
40784
42008
43263
44539
45889
47274
48727
50242
51786
53381
54962
56654
58371
60095
61867
63736
65611
67608
69659
71738
73910
76123
78507
80834
83261
85786
88346
91009
93733
96624
99481
102624
105801
109039
112358
115737
119314
122877
126696
130531
134537
138517
142811
147126
151587
156304
161031
166040
171007
176346
181730
187322
192935
198890
204900
211185
217752
224309
231067
238141
245434
253089
260647
268561
276639
284906
293602
302641
311927
321599
331365
341390
351930
362586
373749
385218
396956
409275
421758
434605
447809
461304
475397
489787
504732
520071
536068
552403
569180
586698
604482
622948
641986
661435
681376
702041
723440
745313
768018
791376
815466
840231
865843
892284
919440
947498
976096
1005932
1036668
1068029
1100538
1133784
1168234
1204139
1240859
1278657
1317752
1357972
1399382
1442131
1486068
1531341
1578193
1625948
1675671
1726722
1779588
1833789
1889904
1947760
2007303
20634
21267
21943
22640
23322
24021
24775
25537
26322
27136
27940
28700
29590
30475
31427
32361
33319
34359
35398
36469
37565
38745
39929
41191
42424
43701
45003
46329
47741
49234
50682
52248
53808
55397
57100
58844
60628
62467
64296
66274
68253
70257
72416
74618
76880
79212
81645
84151
86643
89275
91920
94792
97781
100773
103817
107051
110244
113569
117045
120774
124442
128334
132296
136286
140417
144698
149129
153598
158170
162998
168004
173158
178455
183780
189324
195059
201100
207341
213661
220232
226928
233836
240914
248198
255852
263686
271818
280177
288697
297465
306619
315965
325535
335429
345666
356361
367136
378507
390092
402156
414403
426950
439922
453260
466867
481060
495795
510889
526385
542284
558821
575839
593220
611369
629990
649338
669244
689588
710639
732601
755110
777984
802119
826457
851719
877524
904547
931770
960224
989432
1019678
1050561
1082363
1115368
1149561
1184737
1220880
1257720
1296003
1335398
1375988
1417870
1461050
1505611
1551618
1598970
1647715
1697884
1749711
1802870
1857792
1914825
1973409
2033794
20974
21591
22275
22964
23674
24367
25143
25903
26700
27498
28370
29286
30185
31105
32067
33064
34063
35049
36121
37215
38377
39571
40745
41985
43281
44611
45990
47360
48775
50242
51733
53288
54875
56521
58250
60089
61928
63858
65794
67756
69806
71997
74170
76365
78790
81263
83708
86248
88839
91625
94430
97351
100341
103384
106394
109559
112910
116342
119909
123611
127315
131264
135115
139193
143454
147895
152481
157202
161975
166853
171936
177080
182463
187964
193677
199695
205747
212030
218394
224934
231778
238775
245987
253523
261206
269234
277502
285837
294561
303641
312978
322311
332269
342618
353057
363843
374994
386473
398570
410707
423115
436101
449617
463145
477476
492034
506940
522385
538253
554732
571815
589325
607427
625644
644604
664335
684770
705932
727528
749794
772675
796360
820544
845307
871459
898104
925613
953995
983164
1012956
1043690
1075242
1108271
1141870
1176844
1213005
1249942
1288720
1327786
1368247
1410097
1453227
1497983
1543904
1591157
1639958
1689543
1740936
1794032
1848891
1905335
1963533
2023810
21044
21723
22354
23016
23713
24422
25168
25946
26728
27589
28405
29278
30165
31104
32033
32976
33987
35040
36199
37286
38396
39612
40803
42021
43283
44635
46000
47391
48820
50341
51894
53460
55063
56753
58500
60331
62196
64095
66035
68075
70190
72353
74495
76753
79077
81498
83925
86542
89147
91831
94618
97564
100507
103653
106698
109879
113176
116577
120193
123835
127591
131500
135577
139837
144155
148485
152958
157646
162435
167306
172374
177603
182914
188447
194216
200040
206156
212471
219043
225828
232681
239671
247125
254543
262256
270210
278426
286714
295473
304341
313739
323353
333172
343329
353977
364763
375975
387500
399420
411548
424033
436768
450075
463658
477666
492265
507425
522966
538944
555118
571941
589330
607250
625892
645126
664561
684680
705586
726907
749138
772393
796009
820232
845607
871540
898019
925304
953279
982448
1012246
1043166
1074863
1107834
1141812
1176731
1212350
1249672
1287948
1327329
1367909
1409310
1452046
1496352
1542214
1589056
1637307
1687350
1738687
1791836
1846542
1903089
1961134
2021292
20646
21254
21924
22592
23274
23966
24700
25435
26241
27027
27855
28744
29595
30483
31429
32416
33389
34394
35424
36482
37559
38729
39946
41171
42403
43674
45048
46447
47885
49310
50761
52377
53950
55626
57310
59045
60800
62710
64668
66678
68744
70927
73093
75286
77505
79859
82359
84902
87411
90085
92788
95664
98557
101614
104715
107950
111380
114739
118265
121903
125619
129335
133236
137427
141593
145967
150420
154951
159588
164332
169293
174525
179803
185307
190917
196792
202798
208987
215363
221874
228664
235591
242875
250328
258154
266112
274263
282675
291397
300323
309609
318935
328528
338714
349098
359765
370985
382254
394126
406241
418566
431020
444369
457861
471897
486218
501170
516485
532356
548617
565433
582781
600616
618991
637717
657018
676861
697430
718562
740585
763159
786237
810296
834895
860317
886587
913592
941519
970394
1000318
1030698
1062160
1094577
1128142
1162305
1197741
1234251
1271998
1310621
1350917
1392131
1434504
1478347
1523382
1570036
1618385
1667811
1718911
1771409
1825886
1881789
1939065
1998105
2058882
21037
21645
22318
22983
23670
24405
25153
25892
26724
27531
28378
29264
30153
31126
32048
32988
33972
34980
36081
37160
38217
39386
40604
41827
43109
44420
45788
47167
48517
50010
51481
53076
54695
56405
58105
59894
61745
63652
65506
