102571
105294
108059
110927
113864
116867
119967
123191
126506
129875
133347
137048
140667
144493
148423
152333
156346
160481
164729
169222
173793
178293
183000
187854
192862
197977
203350
208763
214227
220019
225771
231804
238027
244410
251026
257856
264803
271805
279201
286754
294528
302432
310389
318698
327306
336031
345007
354253
363672
373463
383583
393928
404446
415058
426277
437735
449429
461336
473809
486661
499672
513196
527078
541368
556015
571072
586539
602444
618696
635410
652649
670528
688481
707064
726089
745810
766049
786391
807849
829643
852283
875509
899290
923815
949032
974591
1001324
1028339
1056418
1085182
1114564
1145041
1176045
1207804
1240596
1274588
1309069
1345204
1382132
1419916
1458714
1498574
1539636
1581689
1625142
1669780
1715261
1762073
1810559
1860108
1911394
1963746
2017907
20615
21207
21801
22389
23047
23693
24307
24999
25711
26475
27179
27941
28694
29471
30267
31093
31930
32799
33693
34667
35579
36580
37499
38528
39588
40701
41842
43000
44204
45418
46706
47985
49336
50712
52148
53588
55047
56500
58085
59674
61320
63000
64746
66589
68481
70358
72373
74354
76377
78463
80640
82942
85280
87621
90025
92519
95067
97675
100468
103314
106153
109127
112124
115172
118563
121946
125357
128915
132350
136071
139832
143704
147672
151851
156043
160351
164901
169573
174303
179208
184296
189574
194986
200509
206149
211915
217923
224143
230524
236882
243612
250394
257397
264661
272010
279722
287710
295730
304031
312631
321449
330377
339845
349409
359269
369435
379947
390845
401907
413276
424834
436921
449231
461972
475120
488619
502485
516640
531255
546261
561675
577566
593823
610461
627930
645975
664343
683010
702469
722556
742922
763994
785722
808238
831549
855025
879576
904835
930799
957464
984635
1012997
1042097
1071954
1102515
1133987
1166629
1199980
1234497
1269911
1306179
1343869
1382263
1421918
1462610
1504392
1547313
1591363
1636495
1683620
1731727
1781730
1832982
1885630
1939758
1995772
2053114
21123
21737
22336
22965
23613
24321
25002
25711
26449
27195
27950
28730
29527
30403
31285
32219
33153
34061
35066
36072
37101
38188
39232
40388
41544
42738
44005
45305
46604
47910
49256
50678
52160
53665
55182
56792
58423
60136
61951
63727
65597
67538
69599
71633
73761
75931
78132
80469
82846
85243
87756
90302
92903
95610
98355
101228
104182
107184
110334
113637
116945
120323
123904
127511
131243
135180
139208
143168
147297
151542
156011
160571
165312
170239
175352
180429
185703
191175
196703
202505
208453
214607
220730
227118
233713
240599
247581
254847
262194
269736
277761
285987
294304
302966
311872
321022
330431
340091
350062
360414
371092
382163
393524
405214
417161
429333
441932
454915
468347
482124
496158
510604
525602
540991
556884
573260
590208
607461
625447
643539
662575
681913
702115
722764
744260
766272
789006
812522
836145
860829
886028
912199
939146
966892
995697
1025093
1055439
1086842
1119217
1152135
1186301
1221268
1257357
1294688
1333140
1372374
1413020
1454534
1497450
1541813
1587403
1634417
1683196
1733445
1785268
1838308
1892997
1948956
2007136
20453
21042
21657
22315
22982
23685
24381
25096
25871
26689
27498
28340
29150
29982
30865
31714
32614
33529
34535
35577
36637
37770
38888
40021
41231
42487
43757
45054
46358
47733
49156
50602
52181
53686
55357
57056
58802
60525
62371
64264
66149
68086
70166
72349
74503
76726
79077
81576
84059
86589
89268
91932
94700
97521
100496
103503
106668
109809
113035
116424
119893
123472
127091
130839
134744
138678
142862
147164
151611
156217
160915
165764
170707
175858
181134
186516
192178
197795
203764
209882
216133
222742
229509
236387
243472
250875
258443
266265
274339
282665
291246
299960
308970
318474
328107
338189
348415
359058
369882
380952
392671
404489
416881
429486
442663
456009
469841
484107
498721
513700
529251
545520
561999
578809
596401
614411
633195
652588
672305
692784
713854
735546
758047
780885
804574
828822
854192
880375
907195
934706
963010
992279
1022474
1053967
1086362
1119598
1153693
1188710
1225244
1262682
1300975
1340661
1381785
1424078
1467595
1512393
1558671
1606138
1655248
1705803
1757892
1811847
1867529
1924705
1983533
2044306
21003
21662
22321
23044
23782
24539
25290
26112
26899
27724
28558
29440
30319
31237
32203
33190
34236
35314
36386
37470
38582
39763
40964
42225
43512
44890
46276
47748
49249
50815
52360
54009
55655
57290
59049
60856
62719
64647
66645
68625
70758
72913
75209
77518
79887
82363
84843
87515
90183
92982
95841
98792
101719
104906
108177
111467
114879
118443
122022
125700
129448
133535
137709
142008
146467
151044
155592
160380
165408
170526
175872
181306
186867
192702
198696
204829
211141
217683
224454
231503
238795
246272
253838
261737
269718
278020
286791
295887
305148
314790
324409
334379
344798
355610
366857
378063
389826
401883
414513
427328
440497
454131
468200
482637
497793
513236
529272
545807
562866
580448
598756
617312
636626
656713
677242
698517
720402
743272
766584
790377
815335
840746
867246
894474
922337
951213
981354
1012155
1043984
1076583
1110261
1144877
1180817
1218013
1256278
1295713
1336709
1378689
1422501
1467121
1513010
1560510
1608850
1659139
1711082
1764759
1820385
1877900
1936925
1998006
2060780
21244
21913
22582
23258
23949
24698
25458
26248
27073
27943
28828
29720
30611
31592
32604
33693
34792
35899
37044
38223
39433
40736
42058
43340
44704
46112
47601
49132
50729
52395
53974
55757
57562
59334
61151
63038
65108
67259
69413
71540
73762
76063
78521
81034
83562
86208
88923
91892
94836
97828
100872
104090
107414
110818
114322
118016
121729
125648
129574
133667
137822
142112
146516
151225
156164
161139
166259
171535
177054
182635
188367
194469
200660
207084
213746
220644
227765
235064
242422
250201
258130
266307
274859
283596
292493
301854
311423
321291
331588
342234
353235
364658
376385
388505
401063
413830
427191
440683
454942
469483
484494
499959
515904
532721
549691
567111
585349
604266
623475
643280
664080
685347
707487
730365
753967
778169
803197
828847
855744
883222
911354
940644
970533
1001886
1033772
1066878
1101417
1137074
1173658
1211572
1250843
1291333
1332996
1376103
1420369
1466153
1513392
1562262
1612458
1664620
1718287
1773992
1830705
1889728
1950852
2013311
20868
21527
22227
22928
23702
24439
25234
26008
26898
27754
28644
29587
30565
31532
32486
33458
34538
35656
36753
37939
39166
40432
41718
43090
44440
45927
47451
48949
50496
52110
53922
55674
57477
59333
61263
63318
65326
67532
69690
71958
74295
76614
79126
81784
84528
87334
90199
93078
96056
99122
102391
105731
109200
112787
116314
120054
123915
128029
132157
136342
140800
145448
150190
155007
160081
165405
170727
176222
182021
188043
194179
200518
206996
213658
220665
227871
235212
242807
250755
258993
267279
276040
284965
294353
303912
313775
324144
334609
345458
356752
368567
380852
393137
406140
419335
433016
447268
461876
477055
492937
509050
525330
542718
560485
578885
597795
617191
637281
658314
679581
701692
724583
748323
772862
798004
824524
851618
879552
908403
937890
969029
1000607
1033444
1067609
1103020
1139176
1176425
1214857
1254573
1295851
1338470
1382731
1428180
1474809
1523268
1572854
1624410
1677899
1732764
1789557
1847952
1908606
1971239
2035883
20926
21598
22330
23032
23802
24563
25374
26233
27139
27961
28897
29885
30905
31946
33008
34093
35235
36412
37644
38889
40118
41391
42771
44176
45623
47091
48689
50307
51898
53634
55369
57215
59111
61087
63074
65242
67402
69634
71990
74403
76794
79274
81878
84602
87369
90275
93223
96257
99417
102606
105988
109495
113119
116880
120711
124610
128788
133053
137449
141997
146645
151502
156554
161719
167062
172416
178065
184013
190166
196356
202805
209468
216433
223479
231016
238684
246707
254791
263332
272036
281083
290231
299737
309763
320105
330824
341713
353025
364717
376871
389202
401955
415192
429197
443355
458207
473415
489168
505660
522687
540193
558288
576959
596117
615952
636281
657410
679221
701811
725087
749432
774412
800190
826966
854404
882698
911884
942112
973457
1005587
1039066
1073486
1109595
1146957
1184999
1224486
1265270
1307330
1350783
1395545
1441669
1489904
1539538
1590702
1643463
1698209
1754376
1812873
1873293
1935352
1999325
2065788
21054
21774
22474
23218
24004
24787
25617
26450
27368
28329
29224
30155
31093
32134
33230
34277
35393
36599
37814
39021
40325
41744
43144
44604
46102
47611
49189
50796
52444
54178
56047
57937
59909
61936
63962
66092
68270
70619
73022
75385
77930
80526
83184
86035
88921
91869
94933
98012
101318
104657
108265
111872
115659
119491
123404
127484
131793
136297
140877
145585
150355
155334
160446
165825
171328
177232
183223
189468
195752
202158
208786
215754
223012
230551
238229
246216
254477
263069
271967
281054
290468
300088
310201
320431
331089
342167
353668
365355
377758
390425
403201
416513
430496
444653
459384
474823
490809
507183
524007
541463
559589
578147
597500
617703
638333
659649
681502
704138
727732
752179
777270
803454
830634
858200
886725
916239
946935
978661
1011632
1045758
1081041
1116843
1154155
1193019
1232777
1273998
1316740
1360827
1406120
1453359
1501534
1552150
1604232
1657956
1713524
1770876
1830137
1891237
1954530
2019980
20823
21500
22245
22978
23761
24552
25398
26237
27080
27932
28904
29913
30942
31969
32974
34101
35195
36407
37615
38908
40162
41649
43050
44492
45984
47557
49103
50801
52476
54289
56162
58043
60046
62014
64121
66215
68375
70693
73128
75581
78003
80641
83330
86143
89125
92125
95200
98390
101634
105074
108569
112237
115981
119972
123976
128114
132471
137011
141672
146357
151310
156383
161467
166760
172441
178214
184214
190307
196649
203385
210335
217457
224702
232251
239986
248204
256634
265272
274146
283461
292845
302682
312841
323384
334239
345507
357126
369061
381496
394294
407379
421311
435416
450127
465153
480971
497170
513835
530973
548741
567414
586340
606230
626319
647472
669138
691714
714962
739041
763970
789437
816041
843597
871775
901204
931177
962022
994581
1028040
1062530
1098361
1135113
1173429
1213060
1253773
1295919
1339766
1384506
1431380
1479828
1529376
1580800
1633981
1688996
1745333
1804239
1865029
1928545
1993703
2060942
21361
22080
22820
23568
24403
25147
26034
26943
27848
28757
29772
30752
31840
32897
33991
35188
36358
37552
38818
40082
41407
42774
44187
45648
47229
48803
50470
52111
53943
55841
57747
59670
61747
63791
66054
68311
70568
72942
75415
77877
80542
83252
86008
88870
91859
94936
98074
101467
104761
108183
111847
115638
119549
123631
127754
132138
136542
141228
146014
150889
155951
161137
166549
172212
178053
184006
190156
196685
203304
210191
217372
224727
232206
239921
247986
256297
264785
273835
283092
292730
302683
312892
323488
334573
345657
357536
369505
381979
394861
408062
421907
435971
450676
465829
481737
498067
514825
532469
550487
569024
588351
608324
629046
650434
672616
695201
718682
742996
767994
793839
820566
848335
877071
906774
937037
968476
1001138
1034646
1069406
1105087
1142319
1180950
1221063
1262584
1305281
1349291
1395107
1442046
1490675
1541445
1593410
1647037
1702874
1761068
1820488
1881597
1945345
2011008
20944
21657
22379
23205
23989
24759
25585
26452
27305
28181
29138
30098
31126
32180
33237
34390
35568
36755
38014
39262
40635
42052
43454
44927
46397
47968
49549
51214
52998
54815
56641
58593
60544
62607
64705
66942
69203
71608
74073
76619
79254
81868
84638
87540
90500
93544
96699
99973
103452
106966
110520
114283
118104
122165
126243
130459
134719
139272
143945
148772
153914
159171
164625
170237
175972
181813
187875
194272
200832
207499
214633
221813
229432
237294
245404
253531
261949
270836
279984
289462
299247
309390
319723
330731
341771
353493
365371
377593
390145
403582
417141
431300
446015
461086
476682
493068
509937
527403
545298
563661
582877
602439
622968
644043
665827
688565
711673
735534
760497
786166
812485
839958
868133
897659
927889
959220
991507
1025248
1059825
1095599
1132285
1170394
1210006
1250630
1292964
1336871
1382167
1429201
1477453
1527048
1578614
1632198
1687282
1744624
1803897
1864937
1928133
1993314
2060798
21435
22186
22915
23706
24497
25339
26178
27048
27971
28866
29822
30884
31881
32931
34058
35213
36411
37642
38920
40211
41579
42980
44471
46001
47608
49137
50816
52564
54404
56204
58129
60047
62077
64120
66234
68529
70852
73255
75737
78285
80917
83715
86599
89480
92457
95633
99004
102348
105878
109439
113118
117023
120897
124993
129193
133462
138031
142709
147533
152562
157749
163059
168701
174367
180229
186325
192710
199300
206019
212960
220167
227622
235321
243324
251540
259859
268743
277747
287215
296959
306959
317245
327985
339305
350817
362808
375215
388141
401083
414796
428919
443580
458550
474292
490521
507083
524279
542042
560520
579342
598969
619115
640176
662075
684422
707682
731778
756485
782275
809110
836657
864572
893862
924218
955488
988117
1021640
1056281
1091958
1128967
1167190
1207085
1248274
1291024
1334773
1379788
1426459
1474815
1525055
1577045
1630377
1685591
1742948
1802806
1864033
1927010
1992133
2059648
21236
21959
22692
23483
24271
25167
26054
26942
27848
28789
29782
30816
31888
32951
34065
35278
36513
37687
38935
40278
41647
43106
44581
46058
47621
49274
50940
52689
54538
56397
58320
60351
62342
64444
66644
68911
71284
73703
76267
78805
81536
84336
87118
90038
93117
96329
99689
103123
106620
110164
113835
117677
121705
125825
130140
134444
139053
143815
148760
153827
159074
164606
170155
175940
181894
188004
194322
200874
207822
214787
222114
229729
237517
245684
254198
262894
271623
280967
290581
300427
310607
321284
332259
343582
355270
367405
379985
392738
406208
420253
434271
448905
463964
479739
495955
512775
530083
548138
566471
585734
605525
626005
647178
669165
691953
715500
739836
764806
790683
817263
845210
874101
904006
934840
966670
999257
1033310
1068432
1104607
1142053
1180593
1220779
1261970
1304737
1348791
1394549
1441813
1490470
1540777
1593402
1647594
1703547
1761165
1820851
1882177
1946170
2012100
20898
21615
22355
23119
23891
24678
25504
26391
27270
28158
29144
30153
31234
32269
33331
34503
35672
36892
38073
39361
40677
42027
43488
44949
46446
47957
49483
51102
52882
54749
56633
58633
60496
62562
64661
66777
68970
71296
73654
76125
78588
81364
84159
87002
89918
92983
96205
99488
102849
106276
109916
113547
117290
121115
125394
129657
134105
138666
143358
148233
153215
158350
163865
169376
175276
181239
187363
193738
200331
207045
214124
221386
228790
236445
244486
252739
261274
270126
279259
288746
298442
308563
318957
329803
340933
352455
364521
377065
389793
402929
416737
431006
445475
460716
475973
492183
508812
526205
544007
562520
581642
601195
621531
642600
664468
686941
710512
734611
759480
785274
811855
839668
868132
897551
928101
959515
992252
1025899
1060703
1096578
1133695
1172157
1211728
1252813
1295610
1339507
1385027
1432050
1480795
1531225
1583186
1636966
1692803
1749737
1809165
1870465
1934119
1999555
2067953
21510
22247
22993
23756
24539
25409
26277
27203
28109
29038
30049
31097
32176
33257
34337
35473
36651
37906
39210
40552
41976
43432
44939
46476
48101
49681
51381
53141
54918
56765
58658
60574
62540
64661
66867
69117
71422
73876
76331
78904
81665
84386
87209
90223
93289
96451
99736
103100
106612
110199
113916
117825
121802
125972
130293
134733
139335
144100
149133
154132
159477
164858
170526
176405
182481
188608
195111
201903
208715
215736
223056
230625
238434
246608
254910
263561
272679
282124
291782
301625
311714
322336
333338
344650
356183
368177
380805
393834
407128
420852
435203
449895
465526
481299
497600
514539
532204
550302
569070
588385
608424
629021
650108
672293
695163
718883
743193
768415
794715
821445
849276
878241
908086
939110
971058
1003890
1037841
1072980
1109624
1147560
1186768
1227058
1268792
1311616
1356073
1402017
1449702
1498763
1549667
1602055
1656307
1712317
1770415
1830796
1893046
1957186
2023564
20886
21577
22300
23075
23862
24655
25494
26396
27265
28135
29123
30071
31024
32096
33185
34370
35589
36809
38111
39338
40704
42165
43595
45157
46690
48255
49883
51549
53243
55031
56901
58849
60786
62925
65045
67290
69620
72030
74472
77051
79710
82408
85224
88134
91127
94332
97568
100971
104381
107926
111607
115357
119280
123269
127366
131737
136289
141041
145818
150747
155816
161164
166574
172276
178103
184201
190517
196969
203552
210549
217812
225275
232922
240815
249103
257534
266053
275130
284377
294003
304263
314613
325298
336190
347601
359310
371475
384136
397414
410741
424544
438998
453976
469215
485178
501597
518599
536113
553999
573089
592501
612811
633326
654953
677350
700168
723830
748567
774117
800718
827881
855989
885063
914917
946211
978023
1011157
1045459
1081128
1118101
1156060
1195593
1236163
1278178
1321159
1365992
1412460
1460417
1510380
1561645
1614546
1669568
1726253
1784754
1845371
1907839
1972742
2040035
21221
21952
22743
23519
24272
25091
25971
26852
27773
28706
29655
30671
31744
32851
34001
35175
36356
37594
38834
40115
41549
42951
44474
45924
47504
49101
50763
52565
54359
56139
58049
60000
62063
64175
66404
68622
70945
73408
75953
78477
81201
84009
86931
89817
92963
96222
99594
103030
106555
110297
114082
117869
121934
126059
130294
134818
139365
144143
149015
154219
159573
164966
170579
176295
182282
188392
194796
201495
208407
215509
222825
230289
238203
246235
254675
263307
272336
281667
291294
301348
311665
322085
333026
344392
356147
368423
380948
393795
407205
421106
435511
450146
465479
481392
497526
514527
532126
550207
568945
587942
608115
628859
650509
672710
695757
719491
743893
768987
795065
822021
849869
878755
908642
939410
971344
1004413
1038230
1073247
1109805
1147437
1186442
1227006
1268458
1311380
1355805
1402274
1449651
1498788
1549756
1602029
1656339
1712462
1770911
1831021
1893098
1957508
2024146
20892
21618
22336
23113
23874
24656
25530
26375
27227
28199
29125
30065
31042
32065
33141
34235
35410
36644
37871
39173
40468
41851
43371
44841
46305
47926
49551
51212
52918
54699
56568
58575
60588
62697
64888
67054
69309
71629
74095
76558
79169
81902
84619
87453
90378
93499
96675
99952
103302
106796
110363
114057
117841
121831
126003
130217
134692
139126
143892
148701
153585
158731
164173
169823
175654
181664
187890
194215
200829
207781
214743
222063
229689
237553
245577
253942
262408
271338
280572
290218
300157
310415
320750
331606
342790
354583
366556
378795
391607
404864
418629
432640
447480
462767
478506
494886
511523
528731
546828
565330
584749
604693
625162
646522
668612
691482
715029
739071
764289
790387
817144
845018
873871
903637
934439
966259
998914
1032780
1067997
1104214
1141915
1180620
1220524
1261904
1304892
1349216
1395494
1443107
1492409
1543219
1595636
1649739
1706148
1764179
1823929
1885907
1949623
2016318
20754
21427
22161
22913
23717
24568
25395
26232
27165
28093
29014
29999
31012
32046
33196
34333
35475
36733
37993
39291
40557
41902
43276
44657
46190
47707
49243
50854
52590
54370
56235
58145
60147
62249
64323
66547
68837
71233
73580
76022
78675
81379
84105
87006
89994
93026
96182
99567
103003
106511
110233
114029
117831
121961
126149
130464
134911
139274
143864
148846
153797
158923
164271
169846
175661
181492
187628
194073
200688
207616
214602
222066
229614
237607
245689
254071
262598
271528
280534
290194
300053
310236
320811
331719
343051
354867
366950
379411
392179
405643
419433
433727
448300
463575
479326
495933
512844
530201
548321
566776
585943
605791
626367
647757
669928
692656
716080
740428
765331
790970
817838
845831
874315
903796
934232
965733
998312
1031978
1066854
1103592
1140933
1179641
1219658
1260927
1303565
1347462
1393233
1440559
1489721
1540094
1592093
1646368
1702472
1760616
1820512
1882617
1946263
2012669
21010
21733
22462
23214
23991
24784
25590
26492
27414
28338
29293
30267
31374
32416
33516
34631
35842
37047
38308
39601
40963
42373
43892
45368
46906
48524
50189
51878
53602
55453
57340
59242
61326
63409
65588
67741
70011
72401
74787
77374
79960
82644
85455
88330
91304
94383
97484
100718
104134
107685
111451
115222
119058
123179
127404
131701
136140
140797
145563
150412
155550
160785
166415
172076
177910
183989
190302
196738
203289
210189
217348
224679
232407
240488
248499
256824
265446
274427
283880
293432
303422
313802
324688
335809
347118
358965
371364
384143
397169
410576
424650
439008
453955
469199
485025
501344
518459
536050
554329
573114
592424
612578
633496
654974
677334
700400
724119
748993
774328
800833
828229
856523
885739
915737
946848
978890
1012206
1046314
1081991
1118633
1156654
1196087
1236653
1278724
1322288
1367060
1413336
1460885
1510432
1561689
1615043
1669476
1726319
1785040
1845384
1908246
1973098
2040096
21145
21841
22602
23348
24157
25040
25916
26844
27742
28626
29583
30577
31612
32718
33820
34948
36119
37361
38620
39935
41311
42751
44240
45749
47241
