102585
105284
108043
110764
113706
116704
119857
122964
126252
129558
133001
136535
140136
143769
147593
151523
155614
159748
163987
168291
172728
177559
182365
187147
192143
197336
202658
208107
213790
219386
225178
231173
237374
243668
250268
256944
263999
271151
278546
285986
293822
301830
309739
318183
326670
335566
344637
353796
363466
373168
383172
393824
404479
415403
426552
437880
449685
461765
474346
487226
500381
513856
527659
541794
556206
571132
586539
602448
618613
635353
652552
670274
688483
707231
726226
746022
766233
786728
808289
830368
853036
876268
900496
925230
950377
976134
1002907
1030034
1058047
1086835
1116258
1146720
1177990
1209859
1242858
1276856
1311806
1347616
1384714
1422738
1461338
1501522
1542726
1584783
1628345
1672808
1718589
1765784
1814008
1863872
1914985
1967610
2021352
20616
21179
21736
22353
22965
23623
24284
24987
25661
26336
27067
27794
28575
29327
30063
30863
31701
32612
33499
34421
35354
36353
37341
38386
39446
40487
41645
42791
43981
45237
46512
47773
49120
50449
51836
53254
54768
56335
57858
59482
61119
62783
64538
66420
68247
70097
72021
74089
76145
78186
80398
82621
84885
87243
89726
92149
94751
97276
100004
102810
105584
108436
111402
114612
117735
121045
124390
127921
131558
135216
138970
142877
146909
151007
155269
159528
163869
168523
173213
178057
183073
188265
193480
198845
204286
209969
215893
222031
228340
234698
241283
248070
255062
262041
269523
277077
284854
292902
301081
309580
318398
327526
336684
346403
356092
366168
376303
386908
397920
409015
420555
432458
444754
457387
470169
483495
497240
511369
525776
540595
556188
572016
588235
605028
622154
639623
657581
676175
695389
715111
735501
756731
778039
800081
822868
846397
870573
895124
920433
946564
973479
1001379
1029891
1059504
1089790
1120704
1152795
1185583
1219404
1254258
1290284
1327033
1364822
1403830
1444214
1485575
1528183
1571882
1616946
1663447
1711231
1759938
1810392
1862090
1915882
1970400
2026922
21102
21685
22313
22943
23580
24256
24915
25659
26422
27192
27974
28764
29577
30415
31316
32297
33220
34236
35233
36237
37227
38245
39347
40410
41581
42820
44051
45313
46578
47865
49193
50596
52083
53642
55201
56762
58411
60103
61797
63637
65534
67465
69433
71445
73505
75619
77789
80034
82362
84674
87030
89619
92255
94807
97488
100384
103211
106191
109306
112516
115785
119263
122850
126480
130214
133942
137815
141889
145953
150360
154830
159224
163899
168802
173784
178767
184048
189468
194995
200757
206497
212571
218707
225154
231586
238491
245505
252745
260060
267558
275287
283367
291630
300213
308876
317799
327155
336785
346867
356853
367245
378009
389346
400637
412477
424458
436871
449686
463040
476677
490687
505108
519841
535014
550765
566995
583881
600750
618374
636682
655413
674686
694599
714970
736004
757812
780255
803101
826533
850801
875694
901523
928096
955435
983614
1012718
1042609
1073442
1104886
1137272
1170953
1205293
1241008
1277675
1315389
1354047
1394288
1435374
1477866
1522049
1567111
1613404
1661773
1711203
1762047
1814520
1868444
1923284
1980308
2039091
20994
21632
22290
22982
23646
24375
25060
25828
26600
27359
28190
28953
29802
30710
31689
32640
33659
34690
35731
36777
37927
39077
40208
41360
42601
43860
45182
46557
47977
49396
50914
52463
53955
55568
57267
59034
60845
62739
64638
66558
68569
70631
72680
74809
77065
79397
81743
84097
86611
89229
91858
94639
97488
100324
103317
106394
109666
113012
116396
119890
123546
127327
131099
135000
139026
143206
147466
151991
156592
161320
166234
171268
176316
181642
187137
192931
198770
204833
211082
217505
224097
230940
237872
244869
252223
259826
267729
275824
283975
292689
301472
310499
319719
329300
339280
349562
360119
371029
382210
393771
405609
418014
430553
443651
457076
470735
484667
499400
514641
530235
546421
563144
580324
597734
616095
634522
653601
673649
693958
714959
737201
759677
782654
806561
830775
855718
881878
908669
936221
964813
993908
1024390
1055478
1087521
1120421
1154720
1189989
1226403
1263718
1302185
1341918
1383132
1425419
1468999
1513565
1559922
1607497
1656771
1707512
1759647
1813302
1868769
1925605
1984290
2044833
21190
21882
22554
23232
23961
24769
25536
26332
27135
27953
28830
29737
30640
31612
32652
33671
34716
35794
36878
37944
39175
40326
41521
42792
44132
45491
46825
48269
49734
51320
52926
54522
56185
57874
59602
61491
63441
65408
67431
69547
71590
73780
76008
78411
80816
83367
85943
88616
91318
94086
96852
99904
102995
106175
109439
112859
116350
120022
123690
127540
131407
135550
139768
144122
148543
153119
157930
162723
167878
173156
178427
183951
189801
195624
201729
207922
214395
221051
227997
235211
242499
249879
257594
265792
273946
282635
291471
300311
309645
319269
329280
339639
350129
361042
372202
384025
395959
408371
421122
434237
447811
461943
476313
491221
506463
522268
538614
555368
572422
590399
608963
627859
647280
667335
688337
709861
731967
754597
778311
802687
827769
853717
880546
908478
936784
966007
996286
1027472
1059591
1092834
1127191
1162219
1198510
1235966
1274706
1314708
1355603
1398518
1442343
1487656
1534231
1582373
1632006
1682954
1735862
1790221
1846476
1904720
1964914
2026873
20932
21566
22237
22903
23672
24432
25191
26002
26847
27717
28503
29335
30288
31251
32231
33262
34369
35417
36571
37757
38957
40145
41400
42739
44143
45510
46941
48377
49866
51454
53052
54772
56480
58312
60228
62135
64053
66083
68179
70372
72522
74855
77170
79609
82163
84748
87464
90140
93065
96035
99090
102285
105481
108796
112203
115698
119363
123127
127099
131152
135267
139439
143906
148543
153336
158103
163171
168372
173752
179279
184998
191014
197148
203413
209983
216642
223616
230759
238009
245657
253521
261705
270108
278617
287446
296687
306183
316062
326298
336621
347207
358143
369591
381457
393566
406176
419140
432649
446480
460735
475639
491041
506831
523065
539961
557147
575167
593560
612539
632284
652336
673454
694744
716730
739548
763115
787416
812540
838583
865620
893648
922110
951883
982493
1014126
1046623
1080303
1115029
1150966
1188085
1226097
1265639
1306590
1348629
1391687
1436130
1482148
1529468
1578893
1629593
1682346
1736677
1792591
1850288
1909978
1971408
2035119
20925
21594
22329
23041
23779
24515
25300
26114
26942
27827
28761
29687
30660
31692
32717
33723
34816
35924
37069
38239
39438
40696
42049
43411
44821
46321
47817
49381
50988
52622
54373
56129
57907
59709
61638
63674
65796
67871
70070
72300
74637
77031
79587
82244
84903
87762
90585
93522
96580
99700
103014
106392
109896
113431
117223
120992
124925
128918
133091
137295
141729
146306
151091
155986
161215
166379
171909
177509
183209
189168
195274
201599
208197
215034
222064
229405
236899
244700
252648
261006
269539
278379
287423
296861
306592
316693
326985
337692
348759
360031
371809
383971
396291
409119
422392
436234
450378
465232
480188
495699
512017
528635
545929
563909
582408
601596
621409
641573
662442
683991
706755
729621
753315
777764
803376
829612
856691
884701
913761
943867
974602
1006888
1039798
1073884
1109055
1145643
1183436
1222494
1262561
1303613
1346162
1389916
1436024
1483308
1532078
1582458
1634827
1688924
1744161
1801013
1860168
1921302
1984824
2050202
21108
21795
22492
23207
23967
24755
25591
26435
27312
28204
29148
30126
31175
32214
33252
34340
35513
36687
37857
39170
40388
41722
43101
44527
46019
47537
49108
50715
52278
54061
55806
57603
59502
61496
63556
65663
67865
70080
72426
74932
77349
79887
82500
85270
88014
90918
93913
97001
100199
103556
106878
110404
114132
117913
121752
125765
129940
134223
138604
143197
147941
152946
157961
163135
168540
174016
179836
185695
191825
198294
204833
211523
218460
225689
233246
241104
249091
257482
265844
274668
283608
292910
302743
312644
322944
333750
344996
356466
368209
380471
392886
406047
419507
433289
447616
462419
477656
493283
509616
526489
543856
562129
580593
599791
619328
640147
661351
683124
705794
729126
753256
778366
804537
831179
858564
887113
916850
947414
979045
1011496
1045243
1079776
1115587
1152654
1190900
1230334
1271333
1313203
1357164
1402413
1448989
1497365
1547124
1598365
1651681
1706823
1763425
1822511
1882681
1945178
2009868
20698
21391
22110
22858
23586
24359
25125
25937
26823
27720
28645
29621
30564
31592
32688
33777
34916
36082
37258
38528
39818
41109
42477
43887
45308
46854
48430
50058
51719
53457
55233
57123
59007
61012
63097
65240
67535
69752
72108
74582
77182
79782
82455
85245
88046
90914
93910
96989
100158
103578
107059
110648
114267
118079
121870
125955
130184
134468
138962
143616
148520
153468
158641
163918
169421
175145
180946
186995
193284
199880
206542
213339
220592
227920
235514
243283
251408
259745
268333
277124
286377
295960
305843
315912
326391
337317
348564
360278
372298
384699
397502
410966
424587
438867
453366
468565
484260
500679
517502
534852
552783
571473
590425
610150
630648
651746
673853
696488
719909
744005
768877
794567
821149
848438
877105
906740
937277
969006
1001572
1035198
1070005
1105891
1142616
1180615
1220095
1260885
1302875
1346261
1391522
1438166
1486433
1536338
1587451
1640786
1695954
1752735
1811308
1871846
1934574
1999148
2066527
21317
22027
22760
23549
24311
25101
25931
26810
27716
28613
29563
30517
31573
32625
33761
34922
36134
37381
38752
40094
41440
42809
44247
45738
47292
48852
50471
52220
53950
55844
57725
59626
61618
63679
65744
67974
70224
72577
75009
77504
80169
82940
85664
88460
91432
94444
97592
100893
104321
107907
111532
115263
119254
123251
127390
131677
136163
140801
145457
150205
155343
160523
165893
171572
177380
183413
189666
195918
202522
209321
216412
223700
231401
239195
247394
255530
264068
272814
282222
291576
301410
311668
322359
333447
344649
356368
368392
380558
393294
406813
420566
434953
449598
464843
480542
496654
513244
530709
548768
567205
586511
606335
626755
647512
669154
691841
715103
739266
763990
789862
816609
844092
872429
901982
932379
964044
996720
1030217
1064901
1100683
1137713
1176012
1215770
1256678
1298869
1342849
1388192
1435145
1483422
1532970
1584668
1637871
1692723
1749362
1808013
1868621
1931243
1996152
2062868
21121
21767
22445
23193
24026
24798
25652
26506
27438
28355
29221
30239
31247
32293
33355
34421
35661
36908
38186
39478
40776
42097
43537
45060
46533
48114
49753
51517
53183
55005
56896
58842
60814
62849
64945
67249
69508
71977
74350
76817
79427
82106
84859
87718
90748
93827
96908
100262
103661
107205
110899
114630
118528
122483
126627
130811
135296
139799
144446
149208
154240
159490
164819
170245
175889
181849
187891
194248
200909
207606
214605
221763
229120
236846
244777
252927
261361
270080
279227
288809
298618
308800
319381
330248
341373
352930
364988
377485
390267
403259
417157
431285
445855
460730
476360
492368
509114
526492
544185
562439
581475
601113
621504
642630
663991
686387
709476
733491
758293
783975
810342
837703
865866
895265
925641
956873
988867
1022061
1056227
1091829
1128364
1166787
1205911
1246582
1288951
1332775
1378074
1424940
1473366
1523500
1575572
1628937
1683934
1740832
1799565
1860660
1923963
1989272
2056705
21043
21826
22577
23337
24159
24986
25816
26743
27683
28606
29586
30525
31582
32719
33849
34985
36139
37349
38641
39996
41320
42761
44272
45786
47295
48881
50541
52304
54149
56007
57839
59781
61828
64048
66246
68503
70856
73326
75778
78327
80977
83713
86537
89456
92525
95795
99018
102285
105821
109470
113157
116959
120857
124924
129100
133535
137989
142592
147275
152300
157457
162788
168267
173982
179728
185924
192158
198671
205400
212206
219390
226708
234409
242304
250595
258989
267636
276617
286058
295661
305622
316016
326738
337774
349217
361053
373390
386201
399391
412866
426786
441289
456339
471929
487833
504407
521452
539087
557265
576213
595843
615845
636720
658265
680547
703795
727888
752422
777956
804322
831672
859922
889189
919536
950503
982806
1016006
1050316
1085879
1122641
1160448
1199956
1240439
1282514
1325883
1370568
1416801
1464552
1514243
1565969
1618867
1674039
1730976
1789714
1850408
1912986
1977585
2044976
21254
22003
22729
23474
24250
25072
25905
26833
27784
28772
29735
30741
31738
32755
33845
34968
36158
37422
38662
39928
41324
42688
44097
45621
47183
48844
50513
52221
54025
55806
57734
59675
61643
63696
65825
67948
70196
72542
75106
77607
80313
83103
85928
88744
91767
94904
98114
101377
104769
108341
111923
115601
119478
123531
127830
132144
136583
141232
146113
151035
156131
161475
166832
172489
178251
184463
190818
197304
203890
210765
217882
225141
232801
240473
248594
257010
265696
274737
283942
293706
303664
314200
324936
335960
347322
359155
371275
383601
396828
410355
424210
438642
453648
469070
484812
501404
518402
535949
554385
573303
592736
612937
633616
655208
677223
700249
724143
748750
774447
800548
827681
855617
884547
914219
945042
976952
1010012
1044320
1079839
1116605
1154266
1193200
1233988
1275755
1319011
1364067
1410131
1457721
1507270
1558302
1611097
1665961
1722822
1781315
1841832
1904271
1968523
2035380
20950
21620
22352
23151
23945
24761
25625
26540
27442
28360
29302
30307
31330
32416
33445
34574
35808
36961
38239
39489
40809
42204
43626
45094
46592
48177
49783
51429
53146
54933
56713
58660
60729
62775
64892
67095
69426
71735
74181
76677
79330
81987
84859
87715
90729
93817
97012
100290
103645
107193
110755
114527
118551
122713
126905
131285
135685
140268
145034
149972
155095
160403
165909
171528
177289
183341
189442
195959
202502
209299
216477
224104
231709
239709
247771
256250
264939
273811
283161
292757
302656
312801
323329
334140
345543
357293
369491
381970
394751
408160
422249
436563
451376
466685
482310
498656
515683
533161
551258
570129
589416
609410
629942
651202
673302
696014
719605
744078
769308
795572
822725
850528
879664
909706
940468
972355
1005282
1039671
1074970
1111118
1149149
1188185
1228428
1269844
1313148
1358068
1404153
1451904
1500966
1551891
1604290
1658985
1715137
1773648
1834144
1896296
1960718
2027666
20959
21658
22389
23139
23957
24771
25619
26462
27385
28311
29278
30295
31345
32423
33562
34652
35798
37009
38260
39598
40966
42316
43772
45303
46919
48468
50120
51803
53507
55298
57176
59081
61089
63165
65247
67351
69584
71871
74256
76781
79392
82163
84930
87833
90815
93968
97272
100506
103947
107440
111037
114832
118727
122714
126927
131407
135758
140387
145208
150210
155369
160685
166154
171859
177698
183921
190285
196783
203460
210313
217461
224831
232507
240264
248397
256807
265444
274568
283812
293206
303161
313570
324190
335150
346396
358163
370314
382862
395995
409385
423479
437958
452875
468393
484308
500517
517480
535061
553479
572143
591334
611275
631740
653171
675294
698132
721948
746391
771504
797769
824870
853044
881900
912002
943241
975188
1008525
1042630
1078036
1114412
1152188
1191165
1231381
1273018
1316054
1360641
1407192
1454841
1504214
1555545
1608404
1663092
1719756
1778409
1839130
1901029
1965288
2032047
20858
21580
22312
23056
23809
24642
25492
26411
27319
28215
29197
30189
31174
32256
33325
34491
35606
36788
38052
39363
40665
42031
43464
44906
46448
47987
49559
51276
52996
54834
56708
58591
60558
62676
64883
67078
69284
71653
74083
76572
79199
81947
84718
87624
90504
93617
96794
100190
103546
107097
110770
114467
118329
122348
126460
130796
135211
139669
144436
149372
154636
159788
165121
170681
176556
182428
188647
195059
201759
208607
215585
223058
230606
238335
246381
254808
263504
272655
281907
291413
301338
311615
322199
333209
344340
356005
368017
380411
393349
406663
420679
434956
449572
464904
480588
497085
513925
531313
549223
567789
586944
607046
627742
648784
670821
693820
717196
741694
766707
792908
819695
847546
876127
905785
936498
968416
1001510
1035362
1070756
1107081
1144624
1183378
1223616
1265021
1307842
1352557
1398567
1446147
1495158
1545792
1598319
1652782
1709330
1767740
1827397
1889457
1953238
2019851
20753
21428
22134
22890
23628
24462
25319
26223
27133
28047
28996
29963
31008
32072
33187
34301
35476
36693
37957
39268
40644
42065
43475
44885
46375
47917
49629
51285
53021
54797
56687
58598
60581
62643
64768
66963
69166
71579
73998
76476
79116
81813
84565
87513
90411
93565
96742
99989
103329
106805
110437
114152
118042
122091
126197
130461
134880
139480
144274
149160
154302
159600
165068
170749
176485
182420
188674
195091
201852
208775
215849
223137
230554
238329
246598
255122
263848
272601
282100
291611
301654
311899
322490
333476
344809
356502
368775
381315
394047
407487
421161
435426
450377
465592
481511
497839
514739
532141
550317
569084
588455
608081
628771
650178
672035
694650
718373
742695
767767
793460
820176
847983
876761
906422
937332
969331
1002163
1036328
1071321
1107986
1145476
1184094
1224375
1266273
1309269
1353892
1399652
1447176
1496378
1547511
1600332
1654673
1711156
1769781
1829818
1891951
1956556
2023211
20826
21501
22196
22930
23706
24494
25352
26286
27216
28150
29107
30127
31130
32158
33230
34354
35486
36742
37965
39202
40505
41953
43363
44830
46340
48010
49610
51378
53070
54953
56827
58792
60751
62842
65017
67240
69482
71841
74244
76850
79488
82225
85002
87875
90962
94033
97219
100460
103911
107375
110900
114632
118486
122590
126841
131185
135687
140299
144993
149921
154985
160302
165733
171284
177192
183272
189449
196028
202609
209465
216631
224058
231546
239512
247857
256531
265316
274439
283903
293650
303767
314142
324799
335757
347370
359118
371171
383719
396699
410035
423900
438334
453262
468835
484761
501138
518138
535724
553973
572714
592010
612046
632929
654498
676505
699673
723302
747904
773575
799567
826806
854782
883685
913561
944632
976735
1010000
1044225
1079655
1116432
1154299
1193395
1234113
1276041
1319481
1364367
1410778
1458368
1507768
1558785
1611875
1667014
1723685
1782294
1842768
1905498
1970152
2037357
21010
21724
22454
23172
23933
24763
25613
26461
27351
28346
29269
30161
31206
32273
33339
34517
35724
36952
38198
39460
40833
42246
43670
45150
46720
48315
49937
51643
53405
55246
57113
59063
61077
63188
65325
67546
69777
72113
74587
77120
79777
82494
85387
88297
91241
94355
97492
100858
104296
107863
111591
115240
119135
123133
127391
131719
136179
140863
145636
150664
155784
160945
166424
172055
178022
184120
190311
196938
203681
210657
217782
225247
232886
240845
248916
257473
266201
275321
284737
294360
304525
314795
325347
336458
347930
359677
371845
384503
397636
411218
425473
439911
454808
470192
486328
502837
519846
537515
555715
574892
594698
614786
635853
657603
680176
703218
726881
751685
777462
803752
830937
859043
888180
918016
949077
981011
1014614
1049129
1084560
1121044
1159197
1198507
1239239
1281133
1324755
1369883
1416261
1464538
1514406
1565878
1619574
1674922
1731547
1790210
1851378
1914293
1979063
2046625
21123
21862
22584
23334
24073
24917
25766
26677
27625
28557
29509
30522
31565
32654
33774
34923
36194
37457
38687
39908
41242
42621
44064
45601
47219
48822
50483
52154
53951
55753
57591
59536
61535
63606
65749
68026
70404
72744
75151
77780
80402
83063
85764
88782
91747
94822
97966
101226
104715
108321
112003
115808
119596
123665
127915
132163
136789
141394
146122
151038
156104
161428
166936
172656
178435
184572
190899
197266
203853
210737
218013
225460
233190
241010
249230
257751
266439
275462
284860
294516
304472
314855
325562
336479
347789
359687
371959
384431
397416
410982
425155
439660
454483
469892
485864
502348
519254
536866
555297
574182
593895
614170
635043
656509
678794
701700
725460
750435
775900
802013
829555
857314
886283
916313
947592
979811
1013333
1048113
1083937
1120879
1158911
1198494
1239320
1281596
1325294
1370784
1417660
1465814
1515430
1566920
1620183
1675048
1732333
1790919
1851891
1915168
1980203
2048104
21231
21918
22677
23463
24276
25126
25982
26883
27781
28726
29628
30611
31662
32784
33911
35060
36224
37457
38761
40059
41453
42905
44404
45954
47575
49176
50940
52592
54381
56268
58207
60159
62183
64241
66348
68512
70787
73202
75694
78235
80779
83459
86217
89288
92330
95412
98644
102041
105486
108909
112579
116317
120184
124311
128597
133092
137582
142295
147119
152162
157302
162584
168062
173666
179568
185661
192167
198626
205425
212476
219733
227087
234846
242808
251221
259728
268399
277661
287126
297025
307142
317507
328351
339528
351138
363007
375395
388076
401271
414869
428948
443314
458550
474013
489925
506700
523958
541457
559945
578877
598515
618928
639807
661532
684089
707144
731244
755995
781776
808192
835688
863861
893286
923551
954602
986956
1020654
1055148
1090983
1128269
1166612
1205988
1246981
1289292
1333314
1378563
1425505
1473512
1523508
1575258
1628463
1684130
1741487
1800552
1861629
1925254
1990776
2058864
21440
22162
22909
23676
24513
25325
26201
27074
27914
28811
29861
30899
31956
33000
34130
35285
36437
37695
38957
40283
41667
43123
44608
46078
