102721
105408
108172
111075
113945
117030
120210
123459
126821
130213
133672
137290
140876
144581
148471
152458
156520
160667
164780
169252
173828
178411
182959
187687
192685
197980
203357
208888
214419
220158
226148
232176
238430
244656
251228
258015
264820
271906
279280
286724
294313
302168
310288
318411
326700
335632
344540
353790
363260
372953
382923
393272
403842
414685
425898
437373
449206
461298
473806
486631
499715
513234
527061
541282
556088
571024
586427
602420
618899
635856
653081
670891
689011
707751
727116
746877
767075
788011
809732
831530
854247
877375
901316
926273
951443
977479
1004289
1031514
1059476
1088509
1118276
1148840
1180302
1212729
1245907
1280167
1315040
1350773
1387661
1425707
1464814
1505091
1546439
1588847
1632603
1677470
1723277
1770532
1819154
1869251
1920462
1973034
2027109
20854
21439
22048
22651
23270
23897
24586
25251
25925
26613
27364
28093
28907
29669
30445
31279
32138
33026
33966
34871
35796
36792
37773
38795
39877
41000
42118
43264
44468
45691
46971
48324
49695
51097
52451
53928
55419
56969
58563
60238
61880
63603
65316
67147
69000
70936
72867
74957
77056
79215
81414
83644
85984
88447
90945
93426
96036
98783
101460
104290
107186
110215
113352
116491
119731
123099
126562
130115
133799
137625
141406
145354
149294
153624
157948
162403
166904
171462
176313
181322
186286
191545
196846
202419
208220
214026
220064
226170
232604
239153
245945
252829
259901
267150
274691
282525
290492
298657
307121
315791
324713
333837
343225
352755
362673
372947
383495
394420
405520
417076
428939
441006
453656
466496
479780
493346
507264
521636
536746
551683
567244
583583
600041
617050
634451
652615
671089
690029
709874
729766
750682
772189
793851
816666
840218
864216
888794
913759
939864
966709
994542
1022884
1051964
1082066
1112954
1144667
1177535
1210935
1245473
1281405
1318284
1356066
1394796
1434902
1476007
1518534
1562378
1607386
1653214
1700799
1749653
1799685
1851721
1905128
1959987
2016225
20585
21173
21751
22358
22955
23604
24301
25003
25730
26453
27236
28029
28829
29671
30540
31452
32349
33281
34221
35192
36234
37311
38353
39453
40570
41721
42916
44191
45434
46860
48195
49584
50988
52465
53975
55512
57142
58752
60352
62076
63918
65806
67718
69653
71661
73783
75908
78096
80441
82812
85243
87739
90284
92787
95434
98179
101030
104035
107008
110062
113233
116600
119926
123453
127019
130762
134584
138552
142543
146751
150989
155344
159826
164480
169320
174253
179347
184602
189787
195321
201137
207091
213070
219425
225842
232468
239298
246283
253331
260891
268484
276321
284588
293051
301623
310460
319510
328954
338634
348694
358917
369340
380217
391292
402609
414567
426836
439531
452398
465777
479414
493593
507952
522703
538235
554103
570268
587006
604252
621976
640468
659300
678815
698560
719038
740180
761980
784401
807503
831343
856025
881206
907139
933897
961502
990010
1019245
1049136
1080375
1112255
1145079
1178967
1214036
1250421
1287685
1325906
1365144
1405763
1447607
1490635
1534950
1580853
1627768
1676020
1725736
1776642
1829617
1884044
1940270
1998161
2057674
21397
22046
22696
23397
24078
24761
25517
26237
26986
27831
28677
29538
30397
31311
32218
33147
34096
35112
36149
37218
38377
39537
40706
41871
43168
44461
45771
47061
48500
49941
51401
52992
54560
56105
57858
59564
61353
63183
65113
67026
69002
71126
73316
75503
77783
80072
82473
84879
87384
89980
92634
95428
98379
101286
104367
107462
110713
114145
117579
121151
124668
128400
132333
136264
140278
144549
148908
153304
158036
162906
167883
172963
178102
183631
189067
194784
200617
206705
212950
219347
225862
232688
239729
247167
254595
262343
270356
278456
286745
295572
304473
313521
322959
332816
342639
353033
363658
374664
386064
397523
409731
422148
434906
448189
461811
475896
490408
505191
520437
536315
552460
568949
586180
603720
622403
641196
660502
680613
701339
722355
744378
767060
790466
814721
839574
865097
891202
918453
946333
975321
1005085
1035777
1067321
1099905
1133313
1167625
1203598
1240333
1278119
1317022
1357303
1398731
1441475
1485978
1530989
1578077
1625977
1675986
1727042
1780021
1834594
1890718
1948745
2008253
20754
21373
22046
22686
23326
24029
24822
25603
26410
27217
28071
28898
29762
30709
31659
32639
33696
34743
35788
36939
38039
39227
40497
41727
43051
44405
45784
47195
48636
50113
51552
53122
54785
56457
58144
59960
61765
63619
65598
67679
69768
71954
74135
76386
78701
81155
83680
86313
88870
91653
94453
97321
100318
103470
106659
109835
113275
116720
120367
124108
127806
131751
135778
139979
144384
148882
153539
158279
163235
168343
173661
179027
184608
190373
196233
202253
208603
214977
221588
228323
235520
242750
250474
258290
266340
274571
283128
291956
301073
310610
320324
330177
340432
350852
361780
373114
384757
396670
408983
421671
434787
448506
462539
477117
492160
507666
523614
539977
556880
574128
592078
610786
630036
649666
670152
691221
712791
735291
758416
782355
807233
831876
857740
884478
912258
941123
970820
1001227
1032802
1064926
1098236
1132827
1168541
1205654
1243931
1283297
1323670
1365507
1408756
1453177
1498631
1545688
1594101
1644478
1696459
1750204
1805318
1861667
1920211
1980417
2042719
21175
21844
22507
23209
23923
24684
25469
26270
27111
27928
28843
29784
30721
31711
32707
33759
34802
35911
36995
38151
39369
40606
41869
43157
44507
45899
47338
48773
50296
51859
53486
55193
56949
58745
60579
62445
64378
66454
68673
70904
73250
75558
78003
80527
83154
85720
88464
91367
94283
97240
100279
103469
106750
110163
113664
117185
120806
124726
128773
132950
137196
141488
146018
150646
155417
160313
165388
170749
176195
181841
187706
193894
199981
206493
213035
219877
226703
234023
241516
249181
257226
265464
274114
282938
291789
301244
310865
320634
330995
341596
352541
363731
375262
387285
399413
412184
425354
439058
453130
467563
482553
498150
514116
530404
547259
564651
582814
601675
621222
640974
661461
682884
705012
727414
750999
775210
799921
825462
851961
879313
907556
936806
967124
998579
1030772
1064012
1097942
1133524
1170254
1207929
1247173
1287189
1328661
1371508
1415658
1461647
1508480
1556885
1607237
1659153
1712539
1767530
1825033
1884174
1945332
2007943
20773
21470
22173
22897
23655
24414
25226
25993
26856
27703
28590
29557
30478
31447
32436
33495
34588
35707
36831
37930
39176
40465
41787
43153
44589
46109
47528
49108
50660
52341
54035
55720
57512
59369
61273
63289
65379
67596
69827
72013
74306
76689
79086
81564
84163
86928
89786
92607
95637
98786
102046
105250
108705
112289
115983
119783
123674
127700
131857
136036
140363
145035
149685
154504
159567
164773
170220
175749
181491
187366
193432
199768
206186
212840
219872
226902
234342
241997
249885
258090
266480
275045
283998
293234
302848
312651
322890
333368
344442
355690
367489
379447
391832
404645
417955
431766
445842
460260
475247
490678
506781
523361
540601
558428
576698
595548
614944
635384
656262
677940
700284
723107
746872
771287
796732
822914
850159
878138
906939
936771
967284
999196
1031997
1065866
1100700
1137069
1174488
1213550
1253415
1294392
1337023
1380825
1426064
1472779
1521159
1571684
1623264
1676098
1731249
1787972
1847023
1908173
1970730
2035650
21194
21878
22627
23352
24165
24999
25800
26725
27589
28472
29388
30341
31327
32400
33516
34628
35707
36882
38108
39267
40641
41995
43392
44831
46287
47817
49382
50995
52738
54561
56353
58234
60177
62110
64146
66340
68532
70798
73118
75624
78097
80688
83444
86170
89043
92004
95028
98191
101541
104998
108462
112062
115847
119782
123792
127892
132136
136542
141070
145616
150466
155469
160628
165869
171370
177060
182943
189142
195396
202011
208659
215603
222636
229922
237506
245385
253442
261678
270394
279322
288786
298361
308056
318317
328767
339697
351053
362779
374772
387290
400261
413610
427151
441297
456073
471296
487055
503227
519832
537503
555309
573761
592898
612377
632628
653482
675391
697812
721208
745064
769767
795426
821873
849178
877332
906537
936740
968052
1000570
1033759
1067954
1103250
1140000
1177649
1216678
1257070
1299190
1342605
1387765
1433828
1481305
1530483
1581334
1633745
1688046
1744336
1802321
1862454
1924406
1988683
2055011
21479
22187
22925
23721
24460
25241
26044
26872
27792
28716
29690
30670
31714
32742
33868
34962
36132
37338
38645
39922
41273
42670
44052
45607
47094
48651
50279
51913
53582
55381
57218
59055
61015
63099
65294
67495
69768
72056
74472
76929
79519
82265
84956
87781
90616
93630
96768
99988
103227
106588
110219
113820
117737
121573
125745
129933
134294
138878
143527
148235
153196
158375
163644
169001
174543
180391
186429
192605
199023
205642
212494
219606
226906
234387
242143
250271
258546
267183
276121
285329
295004
304957
315198
325723
336655
347693
359300
371481
383978
396841
410077
423924
438039
452713
468134
483812
499928
516792
534212
552220
570815
589837
609459
629942
651129
672974
695524
718997
742963
767696
793260
819911
847584
875939
905611
935915
967506
1000196
1033926
1068554
1104292
1141398
1179458
1219071
1259916
1302593
1346781
1392041
1438696
1486964
1537242
1588997
1642665
1697705
1755350
1814219
1874762
1937758
2002903
20931
21648
22354
23104
23882
24711
25520
26393
27259
28176
29128
30108
31061
32084
33176
34259
35453
36616
37877
39141
40411
41812
43242
44717
46207
47792
49424
51120
52842
54687
56523
58431
60388
62433
64557
66727
68961
71285
73699
76184
78776
81493
84233
87001
89934
92842
95908
99182
102554
105938
109444
113183
117029
120890
125128
129347
133672
138156
142717
147420
152432
157455
162791
168302
173983
179926
186046
192183
198675
205435
212358
219431
226794
234601
242469
250526
258883
267511
276498
285869
295542
305619
315801
326450
337571
348853
360769
372989
385693
398775
412268
425969
440230
454981
470364
486242
502700
519594
537045
555325
574059
593408
613592
634159
655525
677702
700508
723965
748612
773948
800215
827240
855177
884348
914381
945292
977182
1010283
1043945
1079148
1115556
1153384
1192266
1232454
1274016
1317360
1361637
1407563
1455285
1504436
1554904
1607266
1661622
1717571
1775870
1835781
1897828
1961926
2027933
20834
21533
22274
23014
23775
24551
25386
26288
27194
28054
28995
29965
30944
31999
33121
34220
35415
36569
37757
39018
40337
41674
43043
44533
45996
47537
49156
50814
52470
54170
55982
57868
59889
61873
63945
66121
68255
70563
73001
75522
78089
80738
83457
86290
89212
92247
95367
98642
102052
105546
109100
112834
116615
120491
124542
128729
133047
137493
142102
146956
152018
157086
162336
167834
173510
179289
185476
191722
198112
204791
211635
218871
226295
233995
241897
250071
258590
267148
276108
285429
295099
305212
315560
326169
337125
348592
360359
372482
384985
397898
411261
425174
439595
454650
469950
485926
502129
519239
536524
554641
573234
592533
612810
633714
655184
677314
700341
723835
748440
773559
799668
826544
854492
883501
913376
944436
976308
1009210
1043431
1078870
1115493
1152973
1191944
1232768
1274541
1317843
1362111
1408330
1455745
1504647
1555307
1607706
1661891
1718141
1776368
1836580
1898879
1962901
2029775
20923
21575
22309
23103
23863
24691
25510
26371
27274
28166
29128
30129
31064
32045
33114
34247
35423
36593
37841
39139
40416
41733
43162
44610
46098
47619
49226
50976
52689
54522
56380
58243
60203
62223
64390
66659
69037
71395
73841
76321
78886
81585
84398
87336
90266
93301
96393
99734
103063
106575
110091
113809
117631
121590
125705
129922
134258
138885
143622
148562
153595
158778
164068
169553
175382
181387
187567
194001
200614
207366
214397
221673
229318
237008
244992
253210
261894
270827
279883
289294
299032
309032
319517
330496
341605
353156
365227
377498
390333
403596
417248
431309
445921
460947
476688
492832
509480
526724
544760
563134
582219
601928
622294
643743
665690
688374
711479
735526
760372
786193
812903
840271
868949
898378
928699
960154
992420
1025931
1060693
1096473
1133596
1171690
1211245
1252616
1295281
1339285
1384543
1431531
1480087
1530574
1582402
1636052
1691788
1749435
1808824
1870164
1933362
1999095
2066712
21436
22122
22838
23639
24438
25243
26079
26934
27852
28781
29757
30801
31825
32921
34023
35193
36425
37642
38888
40197
41635
43082
44549
46054
47582
49110
50768
52490
54242
56103
58021
59999
62024
64137
66290
68498
70821
73293
75737
78259
80942
83610
86478
89424
92503
95583
98885
102289
105716
109298
113019
116867
120802
124835
129140
133601
138075
142761
147623
152698
157937
163343
169070
174847
180813
186973
193250
199849
206585
213588
220653
228097
235850
243847
252143
260682
269678
278760
288167
297921
308222
318584
329339
340576
352072
363945
376328
389039
402101
415957
430096
444672
459785
475686
491883
508300
525630
543657
562012
581110
600882
621248
642168
663730
686190
709425
733237
757998
784047
810872
838259
866703
896362
926939
958289
991045
1024819
1059536
1095501
1133004
1171342
1210691
1251490
1294020
1337837
1383212
1430212
1478937
1528783
1580549
1634108
1689360
1746608
1805565
1866361
1929644
1995338
2062976
21363
22089
22869
23600
24403
25236
26152
27055
27999
28961
29950
30991
32029
33214
34387
35550
36742
37980
39292
40611
42006
43431
44850
46365
47960
49570
51258
52980
54727
56623
58583
60574
62586
64706
66959
69234
71597
74055
76619
79212
81970
84809
87661
90617
93731
96980
100206
103608
107172
110734
114444
118285
122378
126612
131014
135441
140116
144947
149829
154894
160143
165512
171165
176956
182881
189011
195454
202074
208942
216017
223295
230888
238857
246970
255483
264323
273313
282661
292308
302283
312516
323124
334059
345690
357519
369592
382132
394977
408286
422269
436541
451484
466700
482287
498819
515640
533340
551251
569921
589242
609241
629929
651314
673467
696256
719881
744308
769269
795449
822707
850638
879536
909342
940214
972126
1004951
1039153
1074774
1110962
1148739
1187683
1228122
1269770
1312837
1357844
1404043
1451489
1500649
1551645
1604441
1658522
1714854
1773136
1833462
1895828
1960104
2026763
20800
21460
22171
22928
23701
24557
25432
26291
27157
28088
29010
30015
31027
32114
33193
34297
35506
36715
37986
39295
40586
41954
43370
44843
46358
48020
49613
51365
53132
54902
56782
58703
60716
62817
64938
67082
69378
71779
74189
76708
79334
81994
84862
87744
90697
93630
96868
100190
103521
107139
110711
114550
118290
122334
126396
130637
135135
139896
144693
149744
154770
159920
165365
171036
176850
182976
188961
195558
202303
209136
216220
223487
231137
239014
246966
255303
264217
273296
282656
292373
302367
312360
322974
333894
345151
356919
369189
381640
394588
407824
421637
436055
450873
466092
481953
498182
515103
532741
550917
569576
588921
609066
629651
650946
672930
695769
719062
743427
768946
794909
822216
850046
878808
908512
939383
971436
1004337
1038305
1073604
1110370
1148286
1187366
1227889
1269271
1312294
1356295
1402297
1449797
1499081
1549811
1602240
1656660
1713341
1772086
1831848
1894066
1958379
2025029
21074
21775
22516
23284
24041
24874
25761
26639
27558
28526
29483
30442
31455
32593
33735
34860
36038
37284
38589
39888
41219
42619
44058
45551
47182
48789
50496
52224
54023
55939
57874
59831
61971
64062
66235
68618
70949
73428
75954
78511
81265
84043
86874
89875
92854
95875
99159
102553
105965
109545
113346
117088
121039
125078
129447
133865
138393
143053
147932
152964
158270
163668
169288
175099
181127
187341
193762
200319
207116
214193
221319
228813
236631
244765
253052
261612
270505
279697
289188
299105
309211
319797
330418
341713
353333
365425
377829
390547
404046
417810
432181
446873
462062
477692
493671
510677
528151
546084
564851
583933
603670
624419
645494
667256
690061
713418
737562
762650
788520
815439
843027
871813
901475
931923
963233
995809
1029821
1065184
1101533
1138742
1177461
1217246
1258425
1301260
1345160
1390828
1438585
1487326
1537671
1589763
1643624
1699106
1757165
1816555
1878319
1942043
2008033
20539
21251
21966
22694
23473
24261
25037
25903
26774
27667
28555
29519
30541
31638
32679
33773
34860
36021
37266
38538
39837
41200
42641
44150
45629
47181
48796
50388
52095
53916
55726
57659
59617
61680
63816
66039
68189
70484
72805
75303
77853
80485
83174
86000
88852
91783
94938
98125
101535
104955
108529
112231
115937
119777
123807
127920
132276
136785
141394
146171
151149
156401
161702
167249
172930
178759
184783
191041
197449
204189
211262
218419
225885
233571
241489
249666
258154
266961
276111
285403
295042
305056
315540
326173
337490
348961
360930
373263
386043
399330
412986
427028
441620
456657
472228
488152
504865
522057
539734
558215
576992
596383
616723
637643
659334
681795
705012
728794
753884
779765
806456
833626
861819
891101
921378
952686
984803
1018402
1053197
1088971
1125881
1164131
1203488
1244190
1286443
1330068
1375257
1421785
1470003
1519937
1571603
1624579
1679931
1737262
1796280
1857214
1920332
1985579
2052572
21234
21953
22727
23475
24316
25150
25991
26873
27776
28767
29709
30701
31730
32763
33865
34957
36127
37342
38624
39934
41292
42659
44103
45634
47162
48783
50414
52133
53927
55771
57650
59613
61614
63726
65864
68090
70413
72741
75158
77711
80375
83119
85828
88735
91787
94896
98054
101414
104944
108529
112282
116124
120014
124090
128271
132686
137160
141816
146663
151658
156752
162083
167516
173238
179181
185369
191777
198272
205077
212056
219207
226590
234251
242235
250400
258867
267633
276846
286410
296107
306182
316543
327423
338583
350090
362133
374400
387150
400316
413763
427813
442220
457249
472753
488799
505679
522909
540485
558869
577988
597603
617720
638638
660140
682688
706004
729889
754361
780283
806777
834170
862462
891763
922260
953689
986032
1019611
1054282
1090352
1127752
1166313
1205937
1246884
1289416
1333020
1378492
1425333
1473642
1523848
1575836
1629259
1684485
1741693
1801069
1861908
1925151
1991051
2058646
21350
22102
22881
23633
24475
25255
26140
27110
28065
29043
30022
31010
32013
33107
34255
35405
36626
37869
39166
40532
41889
43301
44745
46278
47858
49460
51164
52894
54709
56596
58476
60480
62512
64746
67011
69287
71689
74136
76662
79228
81866
84567
87443
90461
93452
96679
99871
103192
106681
110287
114023
117948
122096
126252
130596
135048
139625
144498
149387
154444
159600
164982
170511
176250
182228
188623
195019
201609
208434
215572
222996
230541
238361
246444
254730
263461
272443
281675
291209
301221
311492
322146
333140
344543
356180
368328
380838
393609
407036
420741
435184
449999
465317
481174
497534
514520
532022
550207
568968
588397
608386
629210
650283
672738
695644
719366
744000
769403
795633
822687
850766
879824
909838
940747
972415
1005463
1039661
1075029
1111574
1149411
1188520
1228920
1270848
1314049
1358592
1404772
1452379
1501837
1552896
1605700
1660076
1716824
1775618
1835840
1898887
1963853
2030733
20822
21545
22281
23033
23806
24642
25477
26356
27234
28160
29060
30039
31094
32130
33285
34407
35560
36775
38010
39345
40628
42048
43460
44930
46523
48164
49792
51533
53275
55073
56902
58904
60886
62907
64902
67046
69335
71727
74141
76723
79333
82083
84838
87704
90661
93752
97000
100291
103726
107324
110950
114762
118733
122901
127087
131480
135876
140498
145288
150220
155290
160561
165925
171505
177253
183252
189594
196149
202796
209628
216724
224007
231664
239653
247828
256301
264992
274221
283530
293305
303274
313524
324163
335159
346554
358601
370885
383554
396645
410052
424054
438514
453404
468684
484521
501055
518065
535660
553848
572418
591652
611818
632599
653937
676157
699142
723098
747706
773174
799427
826700
854622
883671
913751
944619
976688
1009751
1043943
1079380
1116068
1153946
1193100
1233924
1275897
1319193
1364126
1410711
1458770
1508059
1559426
1612631
1667582
1724474
1783344
1843972
1906479
1971296
2038544
21053
21784
22544
23366
24166
24979
25869
26709
27613
28573
29581
30605
31647
32696
33855
35010
36220
37447
38702
40066
41364
42821
44300
45782
47346
48900
50480
52304
54125
55909
57806
59733
61748
63804
66026
68223
70576
73045
75585
78218
80873
83626
86450
89446
92458
95525
98814
102151
105684
109293
112987
116925
120898
124971
129269
133730
138208
142996
147873
152870
158115
163607
169091
174873
180974
187223
193551
199994
206721
213803
221029
228477
236369
244423
252803
261332
270110
279189
288741
298443
308407
319017
329793
341007
352597
364467
377065
389727
402857
416707
430980
445622
460802
476544
492840
509674
526798
544608
563168
582357
602112
622746
643651
665379
687701
711249
735698
760753
786640
813597
841330
870024
899439
930247
961997
994826
1028728
1063627
1099599
1137276
1175911
1216024
1257068
1299969
1344108
1389917
1437318
1486009
1536470
1588458
1642352
1698499
1756595
1816386
1878293
1942312
2008360
20890
21618
22328
23102
23891
24670
25481
26358
27276
28164
29157
30148
31116
32155
33295
34423
35593
36830
38080
39382
40744
42078
43530
45008
46505
48074
49709
51383
53120
