102752
105487
108225
111135
114060
117103
120239
123484
126808
130094
133584
137042
140691
144480
148264
152343
156471
160703
165014
169465
174004
178680
183436
188511
193511
198780
204245
209749
215457
221214
227158
233248
239461
245965
252727
259653
266689
273916
281328
289011
296784
304882
313220
321729
330399
339386
348601
357970
367643
377486
387751
398458
409293
420302
431596
443387
455450
467805
480408
493586
507097
520667
535024
549453
564635
580067
595895
612218
628797
646042
663647
681900
700733
719769
739526
759831
780816
802124
824056
846804
870076
893907
918335
943599
969490
996000
1023728
1051762
1080803
1110507
1141010
1172352
1204863
1238215
1272393
1307263
1343411
1380390
1418623
1457859
1498439
1540242
1582705
1626540
1671724
1718039
1765724
1814457
1865085
1916397
1969749
2024394
20663
21266
21879
22489
23121
23783
24446
25135
25824
26573
27324
28080
28877
29668
30470
31330
32201
33112
34001
34933
35929
36883
37901
38953
40078
41226
42374
43498
44754
45970
47266
48557
49882
51254
52702
54213
55841
57424
58990
60621
62324
64086
65849
67735
69657
71647
73634
75698
77835
80065
82312
84589
87075
89423
91886
94488
97191
99966
102793
105745
108786
111846
114957
118210
121605
124990
128493
132108
135889
139787
143790
147900
152160
156555
161065
165688
170360
175187
180150
185226
190309
195845
201453
207170
213184
219202
225526
231908
238475
245332
252313
259627
267174
275042
282845
290914
299080
307547
316495
325515
334792
344493
354477
364536
374868
385710
396832
408157
419866
431946
444435
457170
470216
483666
497922
512512
527274
542428
558018
574102
590771
607844
625471
643456
661962
681479
701043
721291
742233
763760
785815
808509
832053
856158
880915
906262
932871
960032
988157
1016731
1046195
1076593
1107543
1139818
1172688
1206397
1241341
1277106
1314125
1352184
1391618
1432054
1473400
1516061
1559984
1605218
1652252
1700709
1750456
1801302
1854053
1908370
1964121
2021371
20784
21422
22050
22687
23363
24032
24717
25441
26158
26949
27754
28567
29393
30251
31145
32069
33051
34040
35018
36074
37124
38272
39363
40525
41665
42854
44125
45410
46742
48073
49503
50966
52480
53993
55490
57105
58854
60534
62308
64228
66209
68191
70213
72309
74473
76707
78894
81184
83499
85958
88455
91014
93699
96531
99457
102344
105361
108479
111634
114901
118250
121703
125278
129028
132887
136853
140890
145025
149375
153910
158487
163301
168121
173229
178307
183613
189070
194554
200423
206409
212589
218815
225168
231924
238794
245905
253219
260809
268596
276724
285044
293447
302082
311043
320244
329729
339581
349675
359997
370896
381848
393110
404804
416916
429271
442197
455313
469097
483133
497521
512429
527755
543568
559759
576371
593702
611486
629912
648804
668284
688328
709118
730322
752404
774857
798353
822225
847290
873017
899196
926420
954094
982610
1012243
1042657
1074075
1106108
1139453
1173687
1209156
1245296
1282783
1321311
1361073
1401977
1444670
1488231
1533075
1579558
1627223
1676435
1727492
1779885
1833783
1889160
1946370
2005026
20717
21344
21974
22635
23325
24028
24696
25435
26124
26894
27636
28503
29351
30199
31113
32054
33007
34020
35073
36086
37144
38226
39359
40514
41718
42995
44340
45663
47127
48568
50013
51498
53038
54673
56376
58082
59836
61592
63435
65376
67364
69448
71541
73692
75943
78219
80601
82906
85412
88003
90694
93399
96226
99089
102089
105227
108473
111710
115056
118481
122067
125807
129801
133880
137944
142247
146652
151274
155744
160514
165394
170378
175566
180941
186356
192099
198050
204138
210439
216861
223494
230398
237506
244808
252374
260030
268013
276266
284762
293377
302321
311546
321147
331015
341145
351504
362271
373358
384774
396638
408681
421397
434222
447500
461403
475730
490393
505443
520926
536894
553439
570645
588167
606373
624981
644397
664123
684684
705797
727303
749699
772665
796497
821262
846554
872853
899803
927735
956597
986035
1016818
1048115
1080362
1113600
1147963
1183398
1219865
1257511
1296543
1336713
1378134
1420955
1465192
1510266
1557108
1605199
1655095
1706441
1759175
1813920
1870662
1928868
1988856
2050360
21114
21778
22479
23133
23856
24617
25371
26144
26994
27833
28733
29628
30579
31508
32499
33497
34535
35580
36675
37768
38915
40068
41329
42595
43879
45203
46565
48055
49614
51208
52830
54566
56285
58062
59880
61777
63665
65540
67598
69727
71986
74166
76484
78943
81349
83916
86521
89187
91949
94790
97730
100775
103855
106985
110343
113886
117414
121057
124832
128734
132788
136872
141083
145562
150130
154868
159762
164730
169914
175125
180636
186246
192050
197957
204090
210538
217286
224180
231090
238330
245666
253471
261528
269817
278257
286764
295831
304948
314529
324447
334681
345174
355915
367196
378677
390592
402956
415438
428496
441891
455736
470029
484832
499955
515782
532080
548803
566082
583825
602135
621056
640639
660697
681518
702902
724808
747539
771131
795237
820345
846148
872943
900622
929087
958590
988659
1019989
1051893
1084999
1119103
1154342
1190876
1228214
1267004
1306512
1347567
1390106
1433978
1478882
1525556
1573446
1623003
1673809
1726745
1781226
1837315
1895258
1954998
2016975
20935
21567
22202
22849
23594
24317
25063
25857
26645
27457
28307
29185
30152
31096
32135
33125
34121
35197
36316
37489
38596
39835
41069
42370
43714
45027
46388
47884
49383
51013
52629
54310
56048
57787
59627
61498
63456
65522
67599
69733
71959
74170
76437
78847
81365
83938
86553
89321
92124
95001
98172
101337
104579
107824
111231
114648
118310
122096
125873
129896
133992
138299
142681
147281
151936
156867
161872
166967
172370
177822
183384
189145
195188
201423
207777
214432
221259
228370
235512
243000
250545
258594
266673
275116
283802
292680
302121
311690
321459
331632
342029
352909
364064
375585
387365
399939
412524
425622
439109
453049
467406
482360
497667
513394
529806
546838
564077
582269
600751
619827
639690
660061
681318
703275
725743
748774
772575
796840
822186
848358
875391
903433
932238
961810
992561
1024163
1056858
1090458
1125072
1161118
1198107
1236132
1275209
1315877
1357660
1401229
1446150
1492791
1540522
1590011
1640943
1693135
1747294
1803144
1860965
1920485
1981794
2045503
21044
21704
22393
23152
23908
24674
25472
26263
27096
27890
28747
29759
30698
31703
32715
33790
34921
36024
37222
38396
39633
40970
42287
43616
44946
46388
47903
49451
51020
52691
54496
56216
57987
59892
61857
63935
65937
68041
70272
72478
74684
77123
79624
82171
84837
87604
90355
93180
96105
99112
102412
105776
109150
112615
116377
120070
123911
127921
132044
136236
140461
144892
149552
154374
159223
164262
169457
174735
180320
186082
192053
198241
204761
211348
218102
224948
232203
239699
247323
255114
263449
272020
280783
289693
299062
308862
318860
329205
339764
350691
361829
373399
385176
397521
410278
423388
436891
451038
465612
480524
496111
511979
528331
545388
562765
580746
599279
618629
638436
658743
679980
701554
724195
747579
771534
795997
821611
847982
875206
903260
932749
962929
994015
1025717
1058396
1092158
1127261
1163294
1200910
1239793
1279661
1320896
1363265
1407020
1452150
1498865
1546905
1597246
1649027
1702100
1756959
1813274
1871445
1931826
1993560
2057475
21301
21971
22718
23478
24276
25046
25834
26664
27504
28393
29275
30203
31182
32142
33184
34220
35320
36464
37594
38830
40091
41366
42765
44150
45545
46953
48514
50146
51735
53430
55093
56850
58753
60722
62649
64634
66653
68824
70965
73264
75558
77930
80419
83052
85824
88602
91390
94305
97329
100520
103762
107097
110537
114156
117832
121644
125479
129505
133673
137960
142392
147067
152028
156848
161789
167006
172394
178090
183863
189687
195934
202335
208917
215673
222651
229916
237266
244964
252769
260946
269473
278272
287251
296545
306235
316264
326367
336933
347984
359165
370757
382928
395146
407943
420899
434459
448574
463111
478046
493394
509373
525837
542942
560458
578781
597747
617008
637087
657709
679100
701023
723583
747007
771237
796342
821917
848616
875999
904124
933205
963065
994074
1026615
1059739
1094298
1129404
1165935
1203667
1242810
1283217
1324927
1367884
1412269
1457680
1505134
1553559
1604578
1656677
1710309
1766014
1823686
1882660
1943707
2006814
20856
21520
22239
22951
23738
24587
25424
26233
27084
27926
28861
29798
30730
31713
32687
33762
34873
36015
37164
38339
39595
40839
42130
43474
44833
46335
47841
49365
51013
52714
54464
56228
57944
59816
61739
63683
65805
67928
70033
72347
74693
77056
79529
82113
84786
87601
90467
93427
96557
99616
102878
106281
109719
113379
117155
120931
124807
128896
133099
137476
141940
146531
151273
156240
161376
166532
171916
177419
183102
188951
195149
201456
207813
214525
221471
228658
236062
243768
251728
259994
268527
277137
286325
295505
305102
314913
324976
335713
346549
357691
369300
381328
393673
406409
419550
433292
447409
461869
476994
492537
508445
524938
541979
559655
578010
596778
616283
636302
657057
678318
700369
723199
746513
770753
795866
821699
848383
875876
904474
933780
964046
995603
1027790
1061274
1095764
1131188
1167737
1205649
1244721
1285352
1327298
1370692
1415528
1461492
1509054
1557975
1608319
1660861
1715162
1770941
1828795
1888148
1949869
2013364
20844
21524
22192
22932
23655
24447
25273
26058
26953
27839
28692
29609
30563
31539
32614
33686
34758
35906
37079
38334
39569
40908
42273
43689
45096
46624
48181
49806
51474
53153
54865
56628
58431
60349
62306
64331
66438
68531
70759
73037
75375
77857
80390
83025
85721
88573
91548
94494
97535
100717
103991
107331
110837
114395
118228
122164
126166
130251
134403
138751
143288
147981
152817
157787
162856
168166
173613
179265
185075
191154
197416
203842
210508
217178
224245
231534
239162
246952
255094
263475
271976
281124
290506
299946
309594
319686
330069
340887
351990
363411
375274
387550
400243
413188
426705
440621
454797
469629
484897
500850
517316
534049
551518
569301
587801
606961
626787
647192
668419
690083
712715
736073
759918
784737
810136
836562
863931
892156
921339
951464
982294
1014506
1047414
1081851
1117287
1153769
1191416
1230191
1270360
1312085
1354857
1398989
1444261
1491389
1540517
1590860
1642733
1696239
1751713
1808874
1867831
1928602
1991195
2056601
21251
21972
22672
23410
24182
24972
25777
26605
27465
28310
29232
30198
31166
32193
33256
34303
35451
36589
37794
39072
40359
41674
43080
44456
45905
47360
48926
50533
52153
53918
55787
57656
59542
61493
63477
65613
67743
69889
72161
74493
76902
79437
82112
84688
87490
90309
93260
96276
99408
102661
105958
109427
112975
116689
120507
124459
128538
132708
137112
141594
146269
151104
155933
160876
166202
171585
177206
182954
188959
195052
201515
208107
214956
221949
229135
236736
244280
252212
260266
268745
277724
286677
296114
305770
315929
326253
336750
347696
359201
370867
383112
395639
408292
421658
435266
449652
464302
479445
495016
511196
527825
545172
563192
581763
600777
620375
640550
661567
683407
705822
728911
752699
777370
802770
829103
856297
884257
912799
942473
973282
1005182
1038237
1071877
1107101
1143407
1180715
1219142
1259192
1300474
1342822
1386335
1431256
1478410
1526617
1576874
1628548
1681812
1736765
1793749
1851989
1912624
1975202
2039576
21287
22005
22739
23497
24275
25062
25882
26722
27637
28473
29424
30383
31369
32415
33450
34543
35703
36875
38078
39304
40581
41878
43234
44656
46106
47580
49157
50828
52482
54203
55997
57844
59741
61676
63678
65814
67940
70148
72369
74688
77150
79692
82322
84964
87766
90562
93539
96617
99725
102998
106329
109817
113488
117207
121082
124994
129233
133456
137870
142416
147037
151895
156893
162096
167359
172789
178406
184153
190265
196538
203142
209789
216592
223593
230947
238591
246334
254474
262764
271397
280360
289375
299018
308708
318731
328925
339657
350804
362235
374050
386426
399013
412102
425561
439524
453794
468659
484275
500086
516471
533377
551114
569334
588122
607416
627283
647797
668894
690844
713438
737209
761583
786710
812943
839572
867346
895912
925148
955534
986918
1019298
1052492
1087094
1122574
1159423
1197364
1236341
1277217
1319075
1362514
1407207
1453313
1500964
1550079
1601068
1653434
1707626
1763738
1821359
1881219
1942733
2006704
20838
21533
22210
22967
23677
24452
25208
26055
26888
27764
28674
29588
30569
31506
32558
33662
34759
35865
37074
38257
39519
40811
42097
43445
44800
46315
47854
49432
51087
52805
54513
56329
58160
60047
62058
64059
66090
68282
70564
72888
75328
77762
80402
83080
85796
88554
91425
94506
97574
100788
104047
107456
111010
114616
118439
122265
126348
130468
134819
139237
143821
148589
153483
158426
163516
168927
174588
180357
186195
192176
198546
205051
211855
218698
225762
233260
240945
248784
257168
265642
274265
283199
292405
301845
311603
321741
332345
343186
354554
366099
378247
390716
403368
416626
430136
444230
458793
473904
489411
505448
522058
538998
556505
574890
594008
613570
633656
654377
676266
698189
721022
744758
769525
794683
820813
847932
875507
904473
934356
965034
997064
1029578
1063147
1097918
1133897
1171746
1210224
1250208
1291233
1333716
1377101
1422065
1468948
1516903
1566399
1617989
1670653
1725509
1782702
1841027
1901566
1964276
2029087
20914
21563
22289
22986
23788
24564
25374
26294
27156
28010
28981
29960
30965
31953
32943
34017
35157
36315
37496
38743
40089
41327
42714
44163
45539
47109
48568
50192
51853
53562
55335
57172
59074
61069
63042
65099
67253
69437
71673
73930
76336
78864
81367
84096
86908
89773
92751
95798
99023
102203
105496
109025
112492
116161
119974
123919
128112
132237
136585
141038
145647
150386
155358
160395
165574
171042
176691
182422
188313
194500
200851
207515
214418
221386
228674
236205
243900
251852
260087
268611
277311
286480
295983
305671
315676
326053
336758
347859
359401
371277
383633
396078
409138
422635
436557
450775
465493
480755
496436
512895
529815
547211
565228
583729
602665
622527
642854
663948
685683
708327
731757
755601
780540
806108
832418
859713
887856
917140
947416
978952
1011273
1044375
1078731
1114441
1150949
1188675
1227460
1267611
1309297
1352089
1396536
1442209
1489614
1538611
1589037
1641371
1695801
1751664
1809284
1868270
1929862
1993374
2059006
21203
21921
22699
23422
24222
24946
25771
26608
27470
28334
29238
30234
31210
32220
33267
34326
35488
36666
37878
39168
40389
41693
43023
44469
45909
47439
48979
50573
52238
54059
55861
57748
59646
61612
63621
65729
67788
70023
72297
74709
77123
79630
82242
84856
87644
90495
93566
96706
99823
103057
106541
110034
113642
117371
121261
125219
129410
133641
138084
142626
147181
151905
156859
162000
167235
172727
178241
184192
190144
196330
202844
209635
216386
223593
230984
238665
246650
254800
263148
271874
281020
290230
299697
309506
319632
330064
340874
352293
363922
375869
388359
401320
414597
428290
442468
456892
471904
487553
503353
519890
537084
554766
573156
592049
611388
631724
652670
674214
696372
719182
742803
767626
792798
818927
845879
873625
902370
932042
962829
994592
1027540
1060973
1095815
1131594
1168702
1207330
1247086
1288253
1330829
1374616
1420133
1466940
1514918
1564651
1616213
1669317
1723983
1780632
1838929
1899517
1961613
2026306
21026
21686
22389
23126
23917
24730
25522
26354
27214
28069
28956
29960
30949
31949
33060
34129
35276
36462
37700
38893
40185
41448
42754
44113
45536
47088
48610
50158
51757
53479
55155
56947
58805
60699
62693
64744
66840
69057
71359
73800
76204
78643
81377
84009
86812
89686
92614
95550
98641
101761
105053
108519
112083
115856
119668
123664
127747
131917
136345
140746
145226
149993
155022
160074
165315
170786
176466
182351
188185
194334
200735
207467
214121
221343
228607
236096
243742
251747
260122
268639
277604
286790
296244
306077
316205
326616
337350
348331
359789
371642
383831
396565
409557
423144
436927
451348
466284
481541
497360
513717
530512
548050
565964
584709
603964
623723
644028
665412
687443
709972
733347
757646
782431
808416
835199
863018
891471
920965
951289
982817
1015326
1048874
1083461
1119272
1156196
1194415
1233370
1273915
1315745
1359300
1403858
1449934
1497487
1546921
1597897
1650811
1705015
1761121
1819320
1879244
1940906
2005219
20829
21520
22240
22951
23703
24486
25349
26222
27124
28015
28897
29881
30888
31906
32957
34043
35149
36314
37495
38727
39986
41293
42633
44092
45557
47080
48618
50220
51829
53581
55390
57253
59180
61159
63171
65234
67386
69534
71853
74219
76616
79037
81569
84261
87024
89901
92857
95874
98995
102310
105696
109179
112714
116419
120202
124094
128227
132518
137004
141622
146268
151123
156135
161205
166519
171897
177555
183417
189297
195458
201989
208638
215534
222467
229766
237238
244979
253086
261397
269786
278492
287642
296835
306665
316492
327077
337942
349065
360558
372585
384674
397364
410495
423955
438213
452551
467390
482794
498781
515099
532082
549480
567663
586217
605433
625171
645714
667076
689117
711849
735190
759477
784368
810126
836688
864074
892416
921470
951768
983150
1015836
1049210
1083597
1119226
1156045
1194155
1233523
1274174
1316387
1360084
1404748
1451067
1498931
1548150
1599178
1651892
1706106
1762246
1820379
1880412
1942081
2005943
20708
21405
22096
22855
23591
24345
25124
25993
26835
27678
28635
29557
30521
31502
32533
33533
34657
35852
37087
38275
39501
40826
42236
43710
45228
46735
48323
49841
51504
53231
54970
56744
58618
60528
62510
64576
66721
68935
71183
73528
75948
78506
81140
83856
86632
89463
92420
95470
98493
101767
105135
108613
112184
115833
119568
123453
127454
131646
135951
140485
145154
149843
154745
159888
165158
170560
176324
182071
188121
194363
200818
207373
214165
221391
228774
236338
244110
252088
260236
268979
277879
287050
296601
306440
316726
327207
337881
348922
360374
372298
384460
397243
410278
423689
437745
452200
467390
482585
498432
515023
531872
549312
567342
586067
605334
625350
646205
667604
689618
712458
735942
760022
784840
810587
837331
865070
893485
922956
953388
984719
1017071
1050444
1084801
1120536
1157421
1195363
1234774
1275567
1317356
1360830
1405590
1451921
1499610
1548776
1600106
1652741
1707174
1763250
1821758
1881914
1943931
2007757
20848
21502
22252
22979
23731
24500
25281
26115
26993
27856
28787
29731
30724
31703
32773
33844
34919
36089
37253
38509
39762
41023
42419
43794
45210
46752
48343
49906
51516
53206
54960
56847
58705
60640
62624
64635
66736
68994
71282
73556
75974
78414
81032
83687
86455
89288
92206
95279
98428
101630
104992
108436
111979
115567
119289
123291
127367
131505
135732
140271
144904
149648
154586
159708
164891
170423
176049
181952
187900
194089
200464
207091
213860
220832
228102
235628
243508
251513
259777
268355
277255
286530
295904
305715
315757
325987
336746
347993
359511
371326
383621
396416
409477
423008
437148
451483
466628
482026
497812
514154
531335
548863
566771
585471
604609
624592
645442
666957
689019
711575
735041
759071
784068
809804
836579
863917
892483
921580
951899
983110
1015519
1048801
1083594
1119169
1155884
1194259
1233521
1274578
1316582
1360404
1404871
1451022
1498845
1548058
1598982
1651608
1706094
1762051
1820320
1880610
1942310
2006106
20960
21647
22389
23117
23916
24693
25501
26312
27196
28183
29068
30066
31042
32076
33117
34189
35282
36414
37673
38905
40209
41496
42817
44192
45649
47110
48654
50249
51942
53671
55448
57325
59173
61096
63038
65129
67328
69510
71806
74187
76579
79037
81653
84418
87110
89976
92921
95991
99089
102405
105705
109231
112771
116430
120259
124271
128315
132486
136889
141417
145998
150776
155777
160882
166237
171748
177348
183073
189068
195359
201864
208509
215385
222533
229935
237553
245311
253341
261560
270158
279209
288622
298129
307958
318025
328492
339271
350512
362003
374193
386493
399001
412303
426036
440036
454456
469414
484881
500848
517122
534206
551769
569811
588718
608008
628048
648859
670303
692312
715077
738721
763270
788332
814597
841377
868947
897365
926974
957394
988871
1021581
1055372
1090097
1126258
1163203
1201346
1240697
1281599
1324051
1367745
1412694
1459402
1507433
1557582
1608940
1662209
1716841
1773339
1831572
1891932
1954445
2019154
20878
21538
22268
23000
23754
24534
25319
26184
27102
28023
28975
29946
30934
32001
33052
34091
35189
36351
37523
38745
40013
41351
42710
44122
45625
47124
48688
50273
51910
53608
55369
57175
59120
61075
63148
65222
67303
69473
71785
74121
76559
79111
81736
84390
87108
89839
92727
95731
98824
102103
105496
108934
112636
116353
120107
124015
128162
132435
136823
141410
146092
150882
155830
160964
166375
171821
177516
183414
189408
195650
202085
208771
215556
222757
230203
237692
245605
253677
261912
270581
279478
288690
298217
308110
318222
328718
339513
350667
362024
374023
386630
399355
412457
426057
440136
454812
469846
485271
501284
517847
534958
552598
570832
589743
609086
629278
649859
671377
693577
716467
740017
764422
789569
815586
842472
