102643
105264
107990
110862
113816
116797
119932
123109
126402
129837
133327
136836
140491
144259
148107
152040
156134
160368
164685
169181
173590
178153
182906
187849
192831
198070
203444
208832
214543
220260
226152
232084
238373
244913
251527
258283
265214
272448
279838
287408
295090
303002
311304
319840
328399
337187
346178
355591
365242
375255
385443
395881
406645
417754
429022
440713
452776
465282
477811
490697
504078
517938
531930
546586
561415
576848
592751
608922
625502
642609
660011
677826
696318
715002
734529
754731
775546
796756
818648
840989
863998
887564
912045
937129
962948
989195
1016404
1044297
1073218
1102817
1133225
1164508
1196604
1229369
1263311
1298461
1334231
1371170
1408977
1448207
1488394
1529454
1571901
1615152
1660082
1705958
1753400
1801966
1851802
1902894
1955590
2009833
20875
21472
22084
22736
23359
24023
24726
25371
26088
26789
27462
28266
29102
29916
30733
31631
32548
33433
34344
35296
36235
37248
38307
39366
40487
41655
42834
43983
45203
46495
47829
49144
50501
51972
53401
54920
56427
58041
59661
61296
62991
64748
66604
68457
70453
72397
74438
76547
78641
80820
83096
85355
87733
90169
92675
95284
97930
100730
103556
106577
109543
112691
115887
119098
122504
125884
129463
133109
136807
140773
144804
148931
153182
157459
161921
166646
171300
176078
181116
186257
191659
197252
202910
208705
214691
220750
227059
233567
240297
247026
254106
261279
268915
276621
284622
292793
301215
309742
318657
327873
337444
347113
357045
367461
377913
388633
399637
410913
422848
435010
447579
460533
473778
487609
501654
516134
531006
546243
561941
578072
594773
612118
629590
647784
666354
685536
705148
725642
746439
768104
790421
813317
836784
861019
885774
911176
937910
965067
992826
1021506
1050978
1081528
1113005
1145482
1178332
1212490
1247766
1283865
1321400
1359700
1399239
1439559
1481343
1524587
1569194
1614771
1661964
1710225
1760331
1811604
1864216
1918850
1974642
2032071
21260
21845
22519
23188
23859
24586
25296
26066
26846
27578
28403
29285
30142
31027
31875
32801
33750
34688
35657
36712
37764
38891
40041
41216
42399
43673
44952
46286
47657
49043
50482
51993
53460
55021
56666
58342
60120
61913
63723
65662
67591
69565
71549
73635
75866
78185
80470
82741
85202
87745
90324
92953
95677
98476
101507
104539
107641
110790
113989
117300
120643
124262
127983
131867
135786
139778
143971
148262
152627
157205
161874
166729
171711
176823
182106
187521
193079
198721
204637
210794
217066
223470
230038
236837
243872
251016
258551
266230
274061
282302
290728
299419
308298
317526
326937
336578
346701
357243
368156
378975
390320
402013
413812
426251
438963
452027
465539
479352
493716
508739
523873
539581
555702
572216
589178
607100
625054
643554
662839
682892
703349
724387
746093
768643
791790
815362
839701
864772
890949
917602
945031
973526
1002660
1032662
1064069
1096050
1128957
1162587
1197474
1233222
1270222
1308566
1347905
1388563
1430249
1473235
1517662
1563556
1610440
1658843
1708689
1759866
1813048
1867869
1924149
1982374
2042531
20878
21539
22207
22914
23613
24356
25126
25868
26658
27417
28270
29092
29946
30894
31848
32803
33801
34868
35909
37021
38143
39302
40508
41725
43047
44411
45821
47236
48679
50125
51631
53175
54776
56431
58145
59854
61706
63608
65531
67521
69639
71758
74011
76225
78555
80957
83454
86002
88641
91319
94078
96940
99961
103117
106265
109523
112863
116295
119798
123474
127305
131165
135172
139234
143523
147934
152458
157164
162032
166848
172016
177261
182702
188311
194149
200126
206058
212379
218934
225645
232549
239630
247005
254526
262300
270488
278767
287196
296046
305022
314484
324130
334180
344507
355218
366014
377359
389067
401095
413685
426188
439249
452810
466679
481159
496073
511198
526871
543121
559881
577236
595039
613499
631976
651500
671690
692285
713634
735615
758283
781508
805502
830311
855814
882231
909470
937664
966787
996652
1027432
1058743
1091333
1124560
1159433
1195385
1232227
1270206
1309806
1350278
1391713
1434772
1478999
1524500
1571452
1620037
1670046
1721533
1774645
1829756
1886321
1944501
2004892
20800
21402
22038
22702
23403
24133
24880
25663
26497
27300
28148
29022
29936
30886
31873
32853
33906
34902
35966
37098
38250
39464
40766
42055
43388
44723
46161
47609
49035
50566
52088
53692
55378
57104
58939
60729
62524
64480
66520
68617
70811
72939
75319
77677
80110
82522
85031
87741
90494
93274
96137
99131
102151
105366
108678
112071
115555
119237
122923
126662
130637
134771
139045
143500
147977
152503
157270
162205
167260
172573
178066
183654
189342
195215
201341
207651
214072
220707
227507
234442
241886
249360
257175
265093
273593
282205
291025
300040
309415
319108
329105
339475
350046
360965
372095
383766
395749
408356
421091
434214
447692
461714
476186
491120
506618
522598
539195
556186
573708
591647
610443
629540
649067
669347
690331
712072
734341
757413
781060
805643
830981
857075
884126
911928
940551
969970
1000453
1032164
1064354
1097780
1132419
1167986
1204575
1242581
1281684
1321620
1362973
1405708
1449950
1495414
1542319
1590538
1640268
1691417
1744560
1799297
1856082
1914499
1974427
2036937
20975
21613
22323
23057
23740
24515
25253
26072
26915
27714
28623
29573
30511
31498
32515
33546
34566
35644
36770
37896
39070
40339
41580
42901
44334
45655
47059
48547
50050
51661
53261
54898
56610
58335
60093
61986
63949
66001
68108
70208
72425
74762
77105
79532
82142
84790
87369
90228
93037
95911
98912
102060
105393
108712
112191
115767
119369
123077
126851
130893
135095
139332
143706
148215
152846
157652
162663
167766
173016
178565
184219
189945
196000
202069
208626
215223
222095
229135
236436
243961
251844
259840
268164
276606
285482
294508
303708
313419
323488
333599
344117
355118
366207
377854
389911
402087
414940
428225
441825
455932
470347
485335
500861
516734
533271
550252
567862
585902
604464
623702
643538
664087
685328
707188
729728
753031
776692
801364
827042
853225
880380
908478
937390
967241
998234
1030124
1062540
1096346
1131219
1166898
1204249
1242444
1282224
1323309
1365618
1409326
1454249
1500726
1547864
1597109
1647952
1700491
1754590
1810679
1868476
1927961
1989564
2053095
21073
21745
22418
23097
23830
24621
25424
26283
27162
28018
28909
29780
30750
31686
32707
33707
34826
35897
37010
38227
39436
40683
41971
43336
44680
46130
47643
49117
50675
52353
54046
55728
57450
59262
61191
63226
65283
67334
69541
71822
74120
76447
78875
81312
83953
86627
89384
92238
95079
98100
101195
104440
107785
111345
114907
118573
122345
126171
130258
134576
138898
143336
147923
152625
157438
162565
167771
173129
178601
184426
190321
196467
202853
209360
216097
223066
230165
237607
245261
253027
261107
269556
278326
287301
296338
305696
315474
325523
335892
346837
357928
369389
381193
393576
406200
419367
432811
446611
460986
475897
491129
506880
523136
539983
557201
574986
593646
612673
632246
652558
673702
695572
717967
740921
764702
789317
814621
840950
867809
895856
924624
954306
984919
1016369
1048972
1083014
1117882
1153483
1190795
1228917
1268195
1309209
1351176
1394811
1439674
1486087
1533813
1582834
1633842
1686327
1740759
1796891
1854765
1914280
1976277
2039610
21083
21753
22478
23199
23911
24692
25444
26219
27020
27920
28845
29769
30713
31706
32689
33692
34807
35929
37046
38179
39460
40734
41975
43325
44760
46204
47673
49231
50818
52479
54126
55956
57713
59615
61527
63565
65610
67758
69944
72232
74564
76924
79431
81965
84568
87320
90192
93072
96193
99234
102410
105690
109097
112564
116147
120031
123910
127895
132079
136256
140739
145220
149892
154731
159568
164602
169836
175300
180927
186853
193036
199210
205643
212285
219158
226211
233522
241063
248770
256810
265143
273822
282670
291700
301019
310749
320896
331411
341885
352776
364079
375748
387889
400470
413415
426849
440945
455173
470085
485374
500758
516808
533637
551049
568811
587336
606293
626141
646357
667396
689070
711352
734649
758565
783173
808146
834105
861088
888856
917660
947711
978248
1009790
1042222
1075893
1110356
1146228
1183356
1221970
1261617
1302800
1345127
1388818
1434172
1480674
1528646
1577977
1628922
1681603
1736139
1792237
1850425
1910268
1972055
2035742
21317
22003
22734
23458
24208
24990
25792
26646
27517
28379
29278
30192
31227
32269
33318
34424
35623
36736
37882
39177
40453
41814
43194
44633
46106
47590
49214
50790
52463
54136
55878
57632
59487
61423
63453
65512
67615
69802
72088
74415
76848
79384
81931
84575
87296
90170
93154
96108
99301
102499
105815
109261
112820
116550
120261
124056
128144
132302
136588
141093
145693
150364
155243
160229
165316
170781
176269
181999
188014
194074
200273
206686
213415
220362
227512
234849
242385
250190
258351
266690
275422
284465
293570
303147
312982
323100
333636
344486
355724
367419
379393
391809
404741
417928
431573
445443
459985
474848
490064
506327
522742
539660
557357
575584
594387
613726
633799
654407
675724
697613
719952
743490
768101
793185
819067
845769
873369
901685
930691
961112
992420
1024619
1057818
1092345
1127810
1164617
1202784
1242226
1282554
1324469
1367852
1412397
1458111
1505330
1554295
1604928
1657629
1711673
1767704
1825197
1884512
1945726
2008779
20916
21591
22254
22978
23718
24465
25316
26150
27012
27928
28892
29840
30887
31927
32995
34044
35098
36247
37476
38668
39975
41211
42521
43952
45395
46844
48402
49981
51629
53336
55103
56868
58753
60585
62507
64563
66745
68968
71239
73569
75932
78470
81017
83681
86365
89149
92085
94976
98099
101377
104718
108129
111565
115228
118831
122762
126753
130837
135097
139491
143923
148580
153494
158532
163613
168977
174496
180211
186155
192247
198612
205100
211637
218488
225562
232812
240371
248326
256451
264770
273472
282357
291655
301110
310842
320987
331652
342486
353701
365220
377251
389696
402327
415592
428911
442865
457391
472521
487987
504068
520548
537646
555218
573494
592372
611779
631845
652392
673584
695455
717928
741490
765704
790592
816535
843259
870821
899382
928549
959079
990644
1023064
1056598
1091203
1126624
1163398
1201385
1240504
1281044
1322988
1365985
1410431
1456577
1504245
1553395
1604186
1656750
1710915
1766804
1824616
1884042
1945948
2009550
20702
21386
22064
22799
23530
24346
25171
26005
26884
27755
28616
29542
30512
31515
32497
33576
34667
35791
36894
38092
39346
40641
42057
43406
44861
46246
47742
49241
50880
52531
54318
56086
58054
59923
61845
63902
65957
68086
70272
72608
75015
77410
79906
82473
85123
87913
90735
93690
96861
99978
103219
106586
110051
113713
117439
121336
125225
129238
133464
137864
142360
147029
151917
156935
162180
167476
172928
178525
184452
190400
196683
203146
209825
216721
223895
231236
238811
246695
254589
262945
271610
280515
289475
298970
308680
318747
329070
339696
350933
362518
374304
386509
399252
412425
425889
439652
453974
468670
483830
499602
515807
532742
550181
568346
586967
606173
625780
646415
667480
689163
711594
734851
758610
783154
808823
835326
862795
891408
920513
950564
981269
1013299
1046502
1080678
1116007
1152571
1190558
1229415
1269656
1311264
1354367
1398876
1444752
1492271
1541145
1591315
1643395
1697464
1752829
1810478
1870063
1931179
1994761
2060249
21427
22105
22843
23593
24369
25186
26039
26957
27858
28732
29703
30672
31666
32643
33671
34775
35906
37101
38386
39652
40935
42272
43678
45118
46605
48122
49677
51304
52968
54738
56410
58328
60256
62256
64209
66242
68393
70639
72947
75345
77862
80440
83117
85808
88643
91507
94526
97587
100757
104090
107566
111039
114606
118257
122248
126285
130418
134771
139205
143843
148417
153282
158344
163453
168799
174367
180163
186128
192261
198506
205046
211876
219008
225997
233440
241043
248982
257204
265541
274323
283362
292639
302197
312100
322426
332958
343842
355185
366948
379019
391376
404195
417540
431331
445379
459814
474888
490154
506077
522710
539782
557693
575964
595030
614548
634678
655377
676823
699244
722245
745823
770500
795590
821733
848816
876831
905619
935193
965729
997539
1030164
1063939
1098719
1134285
1171534
1210139
1249648
1290646
1333193
1377176
1422746
1469340
1517323
1567118
1618519
1671480
1726100
1782884
1841753
1902148
1964223
2028722
21142
21797
22528
23260
24004
24818
25619
26456
27310
28231
29165
30135
31079
32092
33171
34250
35389
36512
37685
38857
40127
41492
42858
44243
45696
47244
48791
50366
52014
53710
55470
57240
59148
60999
62987
65084
67258
69457
71722
74038
76376
78882
81518
84246
87013
89959
92867
95827
98981
102237
105571
108985
112572
116225
119969
123854
127940
132131
136504
141105
145794
150568
155528
160624
165858
171315
176974
182712
188698
194779
201264
207802
214596
221664
228754
236186
243989
251825
260104
268687
277403
286573
295897
305689
315615
325931
336655
347789
359273
370891
382981
395521
408575
421939
435839
449875
464705
479916
495692
511887
528764
546072
563825
582094
601208
620924
641242
662299
684244
706571
729809
753751
778516
804103
830251
857516
885536
914474
944138
975386
1007131
1040249
1074641
1109942
1146214
1183716
1222605
1262961
1304381
1347404
1391995
1437981
1485346
1534135
1584591
1636810
1690491
1745871
1803070
1862105
1923180
1986309
2050953
21026
21718
22463
23188
23965
24749
25565
26401
27232
28153
29104
30110
31128
32167
33245
34303
35420
36539
37757
38938
40202
41547
42883
44238
45688
47161
48662
50175
51828
53596
55356
57157
59025
60965
62925
65038
67227
69445
71762
74125
76569
79187
81843
84477
87230
90138
93118
96171
99269
102585
105872
109416
113019
116810
120620
124676
128804
132951
137411
141920
146696
151556
156402
161485
166791
172281
177956
183772
189845
196098
202629
209358
216332
223441
230865
238374
246143
254251
262569
271289
280135
289238
298711
308556
318776
329228
339988
351236
362734
374857
387307
400073
413115
426955
440838
455241
470136
485437
501309
517658
534962
552097
570401
589037
608631
628566
649079
670247
692369
715282
738442
762630
787566
813474
840394
867925
896433
926061
956560
988030
1020174
1054002
1088624
1124360
1161575
1199912
1239344
1280325
1322830
1366194
1411412
1457354
1505352
1554664
1605663
1658701
1713281
1769702
1827551
1887732
1950053
2013895
20800
21516
22235
22984
23709
24504
25311
26170
26982
27855
28800
29759
30682
31655
32700
33780
34883
36062
37238
38427
39653
40961
42349
43815
45292
46746
48243
49848
51491
53201
54959
56761
58675
60624
62678
64743
66834
69029
71260
73627
76046
78605
81124
83817
86607
89432
92404
95548
98685
101948
105274
108731
112385
116121
119957
123966
128014
132162
136509
141026
145649
150457
155421
160466
165769
171191
176835
182585
188460
194590
200977
207613
214389
221448
228784
236249
244066
252012
260402
269012
277988
287353
296638
306227
316306
326842
337576
348927
360402
372262
384535
397066
410136
423338
437166
451626
466477
481696
497459
513843
530776
548211
566214
584797
603904
623951
644488
665933
687767
710336
733727
757670
782562
808395
835184
862736
891200
920686
950829
982403
1014482
1047953
1082115
1117690
1154802
1193046
1232143
1272623
1314680
1358329
1403121
1449031
1497130
1546238
1597119
1649759
1704153
1760058
1818266
1878414
1940158
2003945
20866
21531
22232
22955
23705
24466
25372
26163
27024
27923
28872
29794
30804
31786
32863
33931
35032
36191
37415
38545
39790
41137
42542
43911
45320
46809
48372
50017
51701
53388
55204
57052
58972
60924
62901
64918
67070
69283
71494
73858
76299
78835
81408
84148
86925
89763
92692
95796
99000
102280
105633
109123
112642
116421
120185
124145
128199
132405
136754
141237
145879
150728
155733
160704
165940
171322
177000
182915
188871
195131
201503
208121
214924
222022
229313
236886
244587
252604
260834
269510
278339
287663
297368
307373
317484
327919
338668
349820
361447
373124
385331
398050
410877
424299
438375
453041
467948
483368
499270
515773
532743
550378
568315
587222
606488
626455
647271
668300
690101
712616
735956
760164
785240
810996
837532
864857
893529
922821
953227
984578
1016976
1050265
1084613
1119979
1157106
1195125
1234561
1275142
1317068
1360712
1405772
1451927
1500091
1549492
1600423
1653492
1707792
1764157
1821986
1882155
1944341
2008409
20802
21513
22267
22974
23744
24516
25315
26156
27051
27928
28858
29770
30793
31818
32818
33866
34984
36148
37372
38601
39798
41112
42399
43841
45270
46758
48313
49838
51502
53236
54976
56767
58540
60518
62495
64561
66714
68886
71100
73446
75918
78361
80871
83542
86255
89089
91955
95026
98161
101294
104599
108029
111621
115319
119145
122998
126988
131115
135394
139870
144318
148983
153853
158856
164218
169726
175386
181080
187041
193216
199479
206209
212754
219723
226986
234521
242234
250278
258613
267167
275985
284999
294361
304016
313964
324457
335118
346073
357406
369215
381413
393876
406813
420207
434050
448385
463144
478307
494042
510442
527189
544491
562313
580505
599422
619058
639646
660684
682592
705168
728372
752051
777062
802416
829126
855948
884296
913676
943604
974556
1006540
1039509
1073618
1108955
1145580
1183747
1222570
1262703
1304136
1346960
1391470
1436992
1484549
1533568
1584281
1636669
1690540
1746325
1804031
1863392
1924823
1988333
2053850
21321
22061
22772
23488
24264
25082
25904
26719
27537
28431
29380
30335
31367
32397
33501
34596
35740
36940
38159
39460
40824
42146
43494
44877
46321
47910
49500
51125
52784
54517
56325
58225
60095
62147
64145
66266
68402
70714
73026
75532
78106
80551
83225
85954
88759
91616
94631
97669
100782
104107
107584
111193
114874
118596
122473
126482
130569
134882
139352
143930
148552
153407
158571
163913
169214
174854
180435
186301
192488
198943
205529
212270
219224
226266
233837
241441
249474
257804
266287
275067
284027
293425
303021
312799
323192
333683
344594
355956
367729
379850
392413
405274
418787
432667
446613
461331
476752
492363
508450
525135
542550
560519
578956
598105
617747
638217
659172
680789
702898
726082
749965
774529
799950
826239
853466
881701
910426
940194
971005
1003080
1035883
1070035
1105175
1141676
1179112
1217844
1257905
1299381
1342465
1386828
1432476
1479672
1528080
1578534
1631011
1684613
1740104
1797259
1856295
1917132
1980134
2045442
21324
21996
22709
23468
24203
24971
25791
26680
27553
28451
29426
30400
31371
32372
33450
34554
35682
36838
38054
39351
40593
41948
43379
44767
46281
47759
49318
50911
52524
54267
56022
57799
59621
61584
63601
65632
67827
70098
72335
74678
77097
79705
82262
85021
87921
90766
93704
96828
100057
103338
106630
110126
113731
117444
121319
125352
129527
133750
138182
142768
147511
152427
157431
162572
167797
173320
179016
184897
190842
197250
203868
210620
217662
224710
232028
239738
247672
255760
264173
272917
281944
291186
300580
310514
320847
331481
342494
353842
365711
377696
390036
403010
416232
429871
443909
458576
473770
489469
505444
522100
539485
557387
575642
594570
614129
634188
654937
676493
698887
721838
745680
770215
795666
821922
849027
877128
905612
935412
965842
997502
1030293
1064328
1099535
1135971
1173395
1211980
1252295
1293600
1336169
1379673
1425210
1472107
1520341
1570285
1622231
1675880
1730827
1788021
1846774
1907965
1970877
2035584
21129
21841
22509
23244
23984
24794
25643
26513
27366
28249
29222
30215
31177
32254
33324
34464
35568
36766
37969
39249
40540
41872
43270
44677
46194
47802
49448
51110
52816
54478
56255
58120
60027
61967
64040
66147
68336
70630
72906
75313
77745
80333
82976
85689
88454
91398
94446
97578
100725
104053
107568
111100
114746
118516
122472
126488
130683
134971
139532
144190
148988
153842
158982
164314
169785
175419
181148
187102
193230
199587
206202
213011
220165
227379
234941
242792
250907
259114
267644
276346
285510
294995
304987
315116
325360
336063
347232
358570
370546
382812
395350
408397
422011
435775
450276
465222
480718
496672
513048
529939
547264
565231
584269
603506
623328
643975
665107
686992
709653
733383
757390
782409
808135
834829
862166
890781
920137
950324
981426
1013761
1047743
1082079
1117827
1154465
1192890
1232489
1273363
1315309
1358512
1403327
1449529
1497336
1546515
1597910
1650435
1705020
1761235
1819338
1879470
1941405
2004660
20511
21160
21847
22586
23303
24134
24963
25810
26685
27537
28474
29394
30342
31335
32386
33500
34551
35700
36856
38108
39354
40590
41955
43300
44709
46184
47712
49336
50992
52758
54508
56289
58102
60027
62028
64005
66075
68249
70525
72854
75278
77735
80301
82950
85571
88329
91251
94251
97345
100484
103843
107293
110810
114470
118271
122155
126196
130285
134498
138883
143477
148313
153308
158370
163593
168974
174327
180081
186000
192022
198321
204865
211542
218441
225649
232964
240756
248824
256947
265408
274198
283256
292791
302437
312521
322826
333557
344546
355922
367697
379600
392181
405180
418464
432091
446337
461001
476066
491687
507964
524616
541942
559726
578131
597174
616741
637089
658290
679809
702299
724982
749051
773643
798996
825324
852901
881018
