102402
104906
107504
110080
112763
115556
118318
121269
124223
127308
130461
133620
136910
140262
143624
147068
150707
154423
158214
162195
166166
170206
174384
178743
183096
187550
192335
196981
201864
206872
212067
217149
222594
228097
233877
239581
245400
251383
257506
263872
270584
277180
284070
291092
298301
305854
313457
321208
329185
337537
345911
354561
363122
372062
381199
390781
400585
410594
420685
431145
441971
452915
464136
475718
487533
499747
512300
525134
538125
551582
565462
579543
593902
608721
624099
639885
655829
672168
688941
706235
723851
741835
760533
779707
799378
819387
839999
860876
882551
904872
927726
951024
974959
999503
1024576
1050386
1076948
1104368
1132413
1160869
1190158
1220018
1250877
1282422
1314808
1348076
1382041
1417172
1453478
1490066
1527996
1566741
1606567
1647344
1689231
1732341
1776237
1821409
1867909
1915578
1964431
2014674
20680
21171
21709
22237
22809
23370
23989
24624
25236
25827
26479
27177
27866
28583
29297
30079
30817
31525
32342
33169
33961
34840
35690
36661
37584
38580
39555
40554
41578
42654
43734
44832
46022
47234
48460
49715
51066
52347
53687
55136
56628
58064
59574
61137
62610
64214
65898
67584
69340
71116
72935
74837
76816
78792
80781
82827
84941
87176
89421
91801
94185
96703
99204
101795
104429
107171
110061
113006
116010
119079
122137
125263
128509
131766
135380
138963
142581
146317
150216
154154
158153
162150
166475
170775
175228
179869
184668
189390
194349
199463
204752
210197
215803
221541
227443
233444
239644
246032
252543
259191
266033
272981
280176
287679
295236
303179
311033
319295
327649
336335
345173
354335
363842
373668
383700
393756
404059
414664
425616
436809
448414
460375
472692
485390
498459
511755
525476
539396
553674
568509
583596
599043
614823
631080
647936
665172
682850
701157
719874
738989
758419
778467
799065
820468
842225
864665
887772
911483
935748
960902
986467
1012943
1040201
1068160
1096859
1126210
1156017
1186927
1218577
1251166
1284584
1319044
1354287
1390716
1428088
1466597
1506101
1546557
1588206
1630812
1674679
1719504
1766012
1813386
1862289
1912250
1963676
2016575
20812
21378
22011
22634
23232
23882
24483
25120
25822
26491
27225
28027
28747
29550
30286
31089
31958
32845
33745
34718
35682
36590
37534
38606
39654
40739
41869
43062
44263
45479
46666
48002
49329
50658
52017
53448
54899
56375
57920
59476
61078
62774
64529
66250
68060
69959
71874
73781
75813
77890
80096
82287
84552
86974
89354
91797
94294
96823
99389
102128
104971
107865
110762
113847
116954
120010
123161
126606
130012
133512
137145
140837
144715
148630
152738
156927
161142
165533
170082
174740
179484
184449
189707
194764
200086
205593
211251
216904
222807
229057
235299
241825
248475
255377
262353
269567
276914
284434
292303
300365
308555
317042
325647
334610
343775
353347
363146
373283
383593
394159
404925
416324
427881
439822
451978
464339
477267
490602
504389
518398
532547
547291
562444
578115
594012
610335
627229
644758
662323
680755
699693
718816
738786
759533
780534
802156
824259
847330
870737
894840
919844
945375
971617
998366
1025996
1054563
1083917
1114110
1144928
1176788
1209452
1242894
1277557
1313281
1350235
1387649
1426612
1466597
1507350
1549663
1592647
1637478
1683309
1730391
1778667
1827939
1878986
1932016
1985833
2041476
21060
21646
22292
22920
23564
24235
24917
25654
26342
27084
27816
28640
29434
30240
31108
31994
32875
33795
34697
35699
36701
37712
38772
39866
41057
42217
43400
44636
45877
47192
48557
49947
51318
52733
54252
55747
57284
58876
60547
62193
63962
65787
67623
69427
71378
73392
75481
77541
79773
82023
84341
86707
89130
91692
94281
97006
99781
102551
105525
108509
111574
114801
118109
121501
125012
128513
132174
135829
139739
143641
147612
151588
155838
160236
164784
169519
174244
179271
184322
189484
194955
200647
206303
212230
218179
224264
230649
237136
244010
250762
257747
264996
272452
280163
288061
296264
304765
313296
322352
331503
340913
350701
360679
371059
381491
392301
403679
415187
426870
438964
451506
464417
477708
491156
505031
519560
534242
549570
565310
581422
598100
615030
632712
650799
669338
688332
707782
728006
748947
770436
792279
814693
838035
861868
886275
911837
937820
964490
991736
1020008
1049013
1079094
1109738
1141376
1174183
1207640
1241679
1277301
1314145
1351585
1390166
1430056
1470984
1513074
1556233
1600849
1646479
1693906
1742469
1792056
1843695
1896439
1950414
2006390
20525
21104
21725
22302
22959
23624
24329
25040
25848
26606
27391
28105
28967
29828
30702
31606
32499
33373
34380
35368
36393
37431
38500
39608
40762
41926
43096
44347
45626
46902
48271
49684
51133
52582
54081
55654
57256
58805
60476
62222
64003
65825
67796
69741
71747
73735
75851
78036
80284
82536
84862
87230
89699
92259
94890
97616
100504
103351
106237
109243
112375
115709
119148
122542
126144
129815
133562
137342
141376
145373
149524
153808
158325
162936
167584
172418
177399
182573
187817
193295
198829
204648
210622
216567
222831
229257
235911
242841
249958
257083
264652
272249
280248
288433
296799
305447
314185
323378
332718
342428
352568
362771
373330
384186
395481
406949
418921
431048
443591
456585
469728
483518
497644
511967
526870
542358
558052
574212
590996
608315
626129
644328
662902
682044
701743
722028
743119
764834
787088
809940
833701
858003
883077
909010
935205
962145
990299
1019169
1048920
1079520
1110876
1143312
1176651
1211033
1246438
1282765
1320326
1358993
1398577
1439433
1481179
1524785
1569247
1614799
1661881
1710306
1760419
1812008
1864760
1919030
1974559
2032394
20970
21591
22191
22831
23512
24254
24949
25673
26408
27156
27923
28772
29590
30466
31334
32186
33135
34088
35141
36091
37180
38303
39436
40542
41709
42902
44148
45403
46740
48107
49499
50982
52434
53983
55536
57214
58902
60626
62380
64235
66090
67996
70006
71982
74077
76204
78530
80819
83268
85826
88258
90832
93486
96210
99053
101905
104809
107792
111017
114323
117726
121076
124661
128373
132152
136037
140063
144251
148407
152775
157346
161900
166594
171478
176448
181614
186975
192353
197916
203835
209956
216076
222512
229006
235751
242709
249893
257315
264922
272754
280772
289072
297680
306427
315349
324595
334121
343968
354293
364495
375090
386158
397382
409012
421063
433523
446126
459328
473068
487134
501308
516307
531538
547269
563419
579947
596819
614461
632379
651252
670594
690653
711269
732227
753695
775873
798793
822359
846637
871471
897421
923845
951093
979295
1008325
1037883
1068736
1100042
1132595
1166277
1200598
1236123
1272707
1310008
1348930
1388686
1429602
1471690
1514710
1559242
1605119
1652227
1701253
1750881
1802691
1855999
1910733
1967795
2026318
20951
21597
22260
22933
23535
24259
25003
25808
26560
27325
28146
29001
29872
30750
31609
32520
33485
34488
35416
36486
37588
38718
39847
41041
42282
43543
44816
46112
47489
48875
50315
51854
53450
54956
56666
58353
60057
61806
63665
65585
67541
69531
71616
73711
75899
78221
80518
82954
85383
87921
90570
93227
96057
98907
101845
104785
107887
111102
114359
117857
121381
124993
128726
132492
136437
140554
144616
148961
153315
157932
162518
167339
172231
177282
182509
187760
193333
199104
205047
210994
217237
223740
230391
237293
244310
251634
259169
266845
274716
282833
291274
300040
308856
318208
327647
337290
347357
357625
368190
379062
390388
402041
413997
426462
439264
452384
465876
479616
493882
508568
523649
539243
555326
572064
588902
606499
624549
643282
662578
682386
702744
723678
745375
767632
790813
814093
838181
863021
888539
914780
941923
970018
999078
1028947
1059349
1091037
1123683
1157228
1191373
1227021
1263286
1300933
1339551
1379569
1420899
1463156
1506841
1551908
1597936
1645098
1694236
1744931
1796366
1849739
1905257
1961899
2020457
20741
21411
22053
22790
23457
24141
24936
25675
26432
27220
27996
28801
29662
30574
31423
32349
33374
34385
35456
36541
37738
38882
40009
41236
42531
43762
45037
46407
47810
49268
50801
52358
53869
55478
57066
58760
60520
62330
64255
66163
68072
70173
72303
74323
76621
78852
81204
83689
86103
88723
91430
94082
96851
99793
102827
105870
109104
112345
115746
119099
122648
126480
130319
134175
138094
142222
146511
150977
155503
160002
164650
169576
174571
179727
185187
190623
196418
202198
208228
214479
220841
227562
234421
241658
248785
256229
263867
271663
279797
288329
296863
305766
314786
324223
333883
343776
354078
364592
375579
386740
398201
410024
422466
435066
448150
461436
475185
489476
504282
519374
534870
550762
567522
584614
602152
620337
638614
657654
677496
697870
718719
740268
762660
785426
809119
833349
858450
883931
910543
937804
965688
994525
1024092
1054941
1086327
1118833
1152494
1187083
1222355
1258833
1296871
1335943
1375941
1417281
1459323
1502708
1547783
1594561
1642592
1691739
1742711
1794779
1848229
1903633
1960882
2020268
20782
21433
22061
22716
23402
24068
24833
25578
26331
27134
27941
28792
29669
30628
31527
32464
33489
34528
35548
36638
37726
38872
40007
41181
42476
43794
45116
46498
47883
49254
50770
52279
53911
55582
57244
58906
60628
62543
64469
66401
68437
70478
72518
74711
77028
79380
81789
84176
86672
89306
92060
94892
97750
100658
103676
106714
109866
113209
116587
120162
123757
127510
131304
135076
139148
143409
147675
152196
156652
161367
166182
171166
176403
181747
187253
192834
198631
204656
210807
217247
223670
230477
237303
244506
251913
259410
267313
275353
283649
292139
300886
310001
319280
328712
338629
348596
359114
369930
381133
392643
404334
416490
429184
442015
455357
468944
483046
497409
512501
528190
544098
560410
577287
594587
612497
631073
650288
669779
690057
710654
732024
753893
776538
799849
823781
848678
874129
900776
927513
955545
984304
1014042
1044606
1076329
1108461
1142195
1176674
1212482
1248882
1286824
1325390
1365297
1406189
1448644
1492749
1537874
1584328
1632246
1681893
1732669
1784989
1838944
1894405
1951299
2010658
20576
21162
21831
22471
23174
23867
24625
25398
26153
26961
27734
28588
29437
30296
31206
32164
33170
34190
35172
36241
37309
38469
39611
40847
42077
43338
44667
46019
47318
48743
50234
51713
53321
55009
56677
58340
60059
61878
63713
65637
67647
69650
71692
73932
76177
78470
80832
83308
85772
88415
91096
93788
96584
99445
102512
105631
108864
112204
115623
119180
122812
126553
130369
134409
138621
142763
147154
151671
156232
160958
165802
170827
176076
181286
186839
192364
198258
204250
210383
216809
223330
230073
236969
244370
251767
259398
267207
275344
283569
292150
301046
310167
319453
329092
339176
349498
359991
370880
382269
393878
405683
417958
430504
443376
456511
470346
484704
499252
514394
530087
546068
562750
579555
597208
615288
633841
653132
673015
693337
713981
735430
757622
780737
804381
828885
854156
879954
906425
934166
962434
991802
1021703
1052453
1084028
1117047
1150833
1185676
1221662
1258717
1296955
1336596
1377031
1418679
1461563
1505488
1550659
1597783
1646261
1696078
1747378
1800294
1854781
1910680
1968457
2028282
20875
21486
22145
22837
23463
24151
24908
25650
26430
27236
28049
28965
29823
30718
31684
32661
33567
34575
35603
36720
37811
38967
40169
41395
42659
43986
45270
46632
47965
49424
50887
52494
54069
55757
57483
59143
60949
62792
64698
66679
68748
70783
72997
75094
77407
79781
82173
84633
87175
89747
92434
95198
97946
100949
103965
107104
110380
113710
117144
120648
124373
128079
132044
136045
140216
144542
149019
153575
158147
162917
167873
172958
178215
183543
189060
194950
200917
206939
213206
219593
226290
233034
240070
247452
254944
262709
270648
278858
287136
295878
304919
314163
323623
333344
343582
354064
364840
375948
387357
399098
411178
423752
436330
449609
463057
477158
491421
506331
521570
537409
553628
570323
587424
605071
623359
642236
661878
682101
702852
724037
745858
768529
791902
815953
840718
866164
892692
919765
947603
976584
1006236
1036807
1068710
1100731
1134142
1168744
1204172
1240791
1278119
1316933
1356898
1397951
1440286
1483958
1528893
1575269
1622925
1672238
1722819
1775204
1829141
1884940
1942198
2001277
20572
21182
21867
22484
23182
23889
24656
25383
26199
27020
27833
28682
29530
30454
31373
32357
33307
34312
35365
36414
37486
38655
39825
41090
42385
43704
45039
46359
47754
49207
50643
52185
53742
55394
57072
58798
60592
62432
64375
66359
68407
70497
72607
74812
77093
79302
81763
84148
86697
89354
92067
94901
97768
100787
103865
106977
110299
113680
117219
120794
124483
128242
132189
136264
140483
144767
149199
153744
158357
163080
168025
173174
178388
183777
189405
195029
200887
207072
213208
219782
226437
233348
240461
247816
255179
262824
270810
278945
287600
296220
305223
314390
323949
333849
344034
354460
365357
376288
387638
399511
411557
424057
436955
450275
464120
478152
492563
507638
523054
538775
555138
572075
589254
607117
625573
644480
664116
684375
704949
726374
748509
771427
795074
819138
844072
869761
896195
923398
951514
980346
1009913
1040813
1072380
1104775
1138533
1173226
1208785
1245539
1283525
1322675
1363000
1404155
1446659
1490296
1535828
1582242
1630431
1679748
1731116
1783859
1838277
1894027
1951531
2010701
20856
21517
22173
22825
23522
24221
24976
25719
26446
27231
28040
28890
29769
30619
31562
32540
33524
34510
35553
36613
37735
38852
40035
41261
42567
43900
45248
46659
48099
49562
51012
52528
54206
55853
57623
59385
61209
63055
64969
66884
68884
70954
73189
75354
77629
79994
82420
84805
87427
90155
92874
95589
98416
101387
104456
107692
110955
114273
117753
121364
125065
128874
132760
136832
141024
145266
149727
154157
158757
163493
168520
173654
178920
184377
190033
195823
201676
207882
214307
220930
227691
234595
241570
249050
256582
264391
272412
280784
289394
297995
307071
316392
325783
335632
345936
356393
367172
378290
389833
401532
413697
426442
439390
452864
466658
480869
495574
510661
526248
542154
558677
575726
593063
610971
629522
648566
668208
688758
709905
731469
753604
776635
800183
824338
849721
875597
902444
929873
957842
986608
1016547
1047239
1079530
1112066
1146029
1181056
1217060
1254115
1292377
1331201
1371682
1413527
1456555
1500571
1546441
1593335
1641857
1691688
1743252
1796293
1851116
1907782
1966094
2025506
20843
21498
22153
22796
23519
24220
24954
25749
26575
27416
28245
29071
29933
30830
31734
32663
33647
34689
35720
36825
37926
39059
40278
41485
42701
44039
45329
46768
48209
49725
51304
52844
54403
56070
57704
59428
61256
63094
64992
66969
69027
71130
73239
75523
77770
80206
82666
85153
87703
90482
93184
95976
98897
101905
105149
108420
111685
115128
118614
122273
126064
129891
133770
137840
142054
146330
150702
155241
159904
164812
169878
174996
180401
185837
191330
197187
203256
209551
216069
222678
229502
236663
243995
251463
259133
267066
275143
283473
292148
301064
310322
319796
329533
339572
349895
360506
371394
382876
394586
406711
418811
431620
444744
458311
472403
486914
501678
516873
532624
548856
565744
582946
600652
618886
637657
657157
676994
697559
718502
740394
762964
786251
809973
834619
860245
886441
913208
940901
969538
998784
1029177
1060674
1092926
1126012
1160264
1195558
1231842
1269725
1308528
1348327
1389533
1431173
1474757
1518953
1565337
1612880
1662183
1712779
1764613
1818650
1873766
1930938
1989689
2050381
21106
21723
22393
23068
23773
24470
25217
26014
26781
27581
28367
29232
30140
31008
31958
32943
33917
34928
35967
37037
38188
39358
40516
41740
42965
44244
45588
46966
48422
49935
51489
52991
54595
56233
57904
59727
61493
63349
65238
67246
69305
71423
73588
75774
78091
80466
82845
85402
88023
90780
93548
96390
99258
102255
105419
108585
111915
115353
118804
122464
126165
130012
133942
137943
142199
146502
150996
155550
160225
165162
170278
175589
180961
186482
192182
197972
203982
210165
216647
223230
230080
237157
244283
251557
259416
267256
275423
283745
292254
301280
310536
320098
329985
340113
350586
361289
372388
383823
395397
407355
419754
432422
445610
459104
473294
487822
502664
518001
533781
550111
566877
584188
602130
620469
639037
658373
678473
699320
720461
742327
764709
788112
812232
837083
862554
889038
915960
944001
972648
1002591
1033252
1065048
1097677
1131026
1165466
1200747
1237075
1274820
1313630
1353884
1395171
1437609
1480988
1526544
1573113
1620984
1670423
1721389
1773993
1828125
1883939
1941373
2000204
20679
21290
21941
22617
23304
24013
24730
25486
26266
27001
27821
28653
29551
30457
31322
32295
33339
34352
35382
36427
37540
38667
39794
41014
42275
43535
44910
46301
47704
49207
50760
52313
53919
55672
57427
59190
61008
62950
64897
66779
68858
70877
73092
75279
77698
80136
82538
85052
87656
90386
93222
96047
98962
101936
105121
108347
111739
115237
118745
122361
126130
129989
133960
138108
142301
146567
150926
155512
160206
165135
170094
175374
180680
186224
191940
197875
204016
210355
216817
223540
230338
237315
244595
251971
259688
267527
275641
283999
292738
301576
310874
320293
330045
339929
350154
360739
371690
383091
394870
406857
419257
432046
445099
458623
472694
487091
501955
517305
533091
549420
566128
583587
601382
619598
638551
658012
678037
698733
719671
741748
764306
787600
811657
836445
861947
888040
914911
942960
971874
1001462
1032275
1064061
1096416
1129484
1163846
1199428
1235963
1273536
1312394
1352465
1393697
1436067
1479612
1524822
1571261
1619264
1668520
1719023
1771257
1825035
1880630
1938210
1997245
2058471
21268
21938
22600
23282
23986
24721
25457
26204
27014
27792
28634
29494
30426
31387
32333
33314
34326
35402
36460
37582
38749
39957
41136
42393
43705
45022
46366
47812
49346
50792
52390
53988
55624
57265
59028
60827
62720
64669
66699
68726
70812
72936
75208
77580
79917
82313
84764
87325
89995
92703
95477
98474
101447
104555
107697
110989
114310
117911
121447
125208
129031
133059
137114
141289
145542
149988
154650
159296
164191
169298
174494
179916
185372
191015
196890
202876
209125
215608
222124
228967
235984
243128
250480
258106
266000
274090
282522
291142
300045
309288
318634
328465
338559
348707
359446
370476
381786
393559
405581
418079
430935
444105
457622
471643
486115
500864
516197
531844
548175
565049
582439
600227
618396
637253
656454
676565
697168
718537
740490
762878
786371
810418
835241
860433
886517
913605
941402
970036
999646
1030198
1061458
1093712
1127126
1161369
1196788
1233155
1270831
1309412
1348994
1389519
1431937
1475820
1520890
1566989
1614685
1663951
1714949
1767463
1821509
1877297
1934013
1993039
2053786
20881
21528
22179
22875
23621
24344
25087
25890
26699
27533
28407
29205
30102
31007
31948
32918
33930
35007
36042
37067
38138
39281
40437
41641
42942
44220
45577
46919
48371
49831
51369
52995
54625
56241
58007
59816
61688
63538
65445
67393
69474
71640
73786
76088
78347
80742
83147
85682
88288
91036
93809
96649
99623
102547
105618
108855
112162
115516
119022
122609
126510
130403
134365
138517
142786
147212
151724
156343
161184
166064
171117
176329
181704
187135
192641
198432
204632
210925
217349
224057
230890
237848
245169
252679
260295
268263
276300
284740
293455
302438
311717
321354
331029
341316
351813
362563
373674
384949
396780
408878
421336
434185
447436
461197
475315
489885
504742
520311
536041
552568
569319
586803
604842
623100
642170
661716
681884
702967
724268
746153
768839
792365
816603
841480
867136
893584
920777
949066
978094
1007932
1038688
1070076
1102720
1136448
1170939
1206841
1243735
1281681
1320890
1361260
1402859
1445550
1489902
1535760
1582554
1631113
1680691
1731905
1784729
1839124
1895074
1952590
2012112
20682
21321
21949
22637
23328
24077
24801
25582
26339
27144
27988
28845
29767
30651
31635
32613
33634
34734
35839
36944
38066
39211
40396
41700
42965
44306
45636
47004
48420
49865
51352
52928
54578
56262
57945
59783
61585
63457
65452
67480
69483
71650
73781
76045
78421
80706
83272
85807
88511
91116
93900
96782
99680
102676
105853
109054
112468
115906
119448
123118
126851
130874
134838
138901
143134
147576
152192
156873
161660
166503
171609
176759
182181
187888
193584
199606
205660
211915
218464
225215
231993
239115
246416
253750
261710
269875
278054
286544
295396
304444
313740
323320
333311
343520
354082
364990
376327
387688
399271
411468
424021
437005
450224
463949
478091
492803
507695
523269
539298
555665
572446
589960
607843
626411
645356
664998
685244
706186
727552
749448
772550
795956
820103
845134
871040
897682
925321
953520
982358
1012252
1043249
1075311
1108079
1142025
1176858
1212780
1249755
1287867
1327213
1367787
1409876
1453317
1498015
1543834
1591349
1639293
1689508
1741191
1794368
1848897
1905458
1963349
2023603
20769
21430
22082
22749
23508
24262
25026
25765
26542
27331
28196
29053
29931
30844
31743
32710
33717
34765
35821
36941
38047
39225
40458
41725
42981
44224
45606
46993
48469
49924
51494
53171
54773
56434
58163
59976
61829
63737
65695
67635
