102505
105000
107616
110405
113160
115949
118865
121821
124933
128103
131214
134516
137901
141295
144884
148591
152329
156197
160139
164120
168220
172568
176972
181497
186059
190722
195574
200541
205667
210718
216084
221573
227135
232869
238806
244854
250996
257393
264005
270692
277624
284858
292086
299542
307240
315094
323129
331374
339710
348452
357240
366302
375670
385362
395286
405317
415750
426468
437518
448856
460432
472197
484430
496917
509794
522915
536381
550176
564318
578750
593742
608945
624664
640793
657254
674150
691721
709701
727938
746758
766222
786200
806559
827468
848592
870472
892846
916129
939737
964204
989119
1014790
1041130
1068060
1095797
1124588
1153798
1183747
1214830
1246676
1278996
1312216
1346427
1381545
1417512
1454278
1492179
1531195
1571417
1612765
1655166
1698916
1743375
1788992
1835384
1883683
1932940
1983708
2035620
21089
21677
22278
22871
23494
24159
24834
25480
26158
26883
27585
28337
29070
29841
30652
31441
32290
33124
33989
34916
35846
36783
37761
38732
39766
40783
41890
43010
44190
45313
46456
47680
48914
50230
51537
52887
54324
55829
57269
58801
60394
61961
63613
65289
66997
68808
70677
72580
74499
76416
78400
80483
82637
84854
87139
89455
91861
94400
96913
99508
102188
104963
107747
110720
113722
116774
119876
123122
126426
129906
133425
136960
140471
144172
148044
152028
156055
160284
164613
169174
173748
178488
183258
188143
193308
198421
203727
209339
214936
220775
226782
232910
239136
245733
252320
259110
266116
273329
280666
288454
296170
304245
312545
320965
329653
338715
347824
357362
367038
377006
387179
397718
408483
419563
431065
442570
454582
467068
479854
492851
506244
519966
534252
548743
563710
579106
595034
611214
628160
645458
663236
681281
699810
718898
738565
758668
779096
800490
822244
845081
868203
892196
916883
941915
968043
994731
1022142
1050346
1079268
1108901
1139459
1170701
1202932
1235707
1269625
1304725
1340852
1378174
1416226
1455090
1495311
1536614
1578724
1622097
1666774
1713075
1760380
1808687
1858502
1909865
1962730
2016777
20779
21409
21999
22593
23237
23908
24565
25272
25990
26681
27413
28163
28946
29774
30601
31415
32324
33161
34058
34951
35873
36881
37862
38914
39960
41099
42285
43451
44657
45853
47094
48431
49845
51227
52594
54048
55552
57121
58717
60289
61969
63767
65541
67295
69145
71116
73055
75058
77162
79273
81485
83816
86161
88493
91053
93579
96125
98913
101696
104638
107570
110566
113701
116773
120093
123367
126795
130377
134027
137768
141624
145577
149612
153763
157915
162284
166870
171542
176507
181345
186464
191727
197113
202778
208529
214396
220529
226704
232875
239558
246316
253199
260339
267756
275291
283030
291102
299369
307630
316270
325300
334487
344029
353792
363985
374335
384744
395619
406748
418331
430109
442311
455045
468155
481339
495177
509149
523628
538474
553789
569346
585413
602014
619059
636645
654536
672942
691939
711452
731369
752076
773291
795476
818120
841325
865436
890320
915613
941211
967764
995299
1023694
1053061
1082968
1113834
1145621
1178184
1211758
1246181
1281753
1318173
1355940
1394625
1434535
1475512
1517846
1561074
1605583
1651432
1698409
1746788
1796679
1848140
1900841
1955194
2011127
20525
21138
21740
22343
22973
23663
24360
25015
25742
26486
27286
28017
28818
29630
30520
31374
32269
33173
34136
35106
36119
37153
38183
39301
40424
41587
42757
44003
45272
46589
47884
49218
50647
52133
53571
55088
56690
58273
59949
61677
63537
65396
67260
69120
71129
73145
75286
77463
79653
81899
84190
86612
89199
91785
94353
97098
99911
102814
105842
108949
112149
115423
118640
122057
125512
129017
132622
136355
140269
144433
148723
153098
157516
162093
166875
171747
176794
181827
187014
192593
198123
203865
209862
215897
222240
228717
235393
242121
249183
256463
263846
271423
279500
287608
296076
304711
313565
322719
331941
341568
351571
361800
372304
383133
394053
405616
417246
429307
441783
454403
467747
481432
495550
509673
524668
539902
555384
571627
588390
605584
623151
641437
660105
679350
699178
719786
740762
762291
784456
807166
830699
854926
879749
905423
931935
959207
987381
1016167
1045684
1075902
1107371
1139923
1173411
1207404
1242869
1279120
1316887
1355428
1395339
1436118
1478117
1521642
1565881
1611985
1659190
1708081
1757961
1809707
1862833
1917545
1973680
2032009
20901
21487
22110
22778
23438
24166
24907
25697
26420
27179
27967
28797
29656
30553
31497
32436
33364
34320
35377
36398
37392
38470
39612
40758
41916
43081
44398
45710
47068
48460
49906
51357
52896
54579
56187
57807
59491
61311
63110
64975
66961
68989
71083
73140
75338
77518
79831
82294
84722
87221
89770
92408
95151
97883
100879
103896
106950
110158
113429
116857
120346
123958
127752
131576
135455
139529
143621
147924
152136
156742
161275
166064
171031
176177
181439
186883
192547
198296
204039
209992
216169
222593
229191
235909
242955
250073
257540
265251
273324
281405
289846
298529
307469
316589
326056
335924
346108
356506
367070
378070
389360
400748
412717
424939
437546
450656
463966
477798
491990
506727
521889
537601
553944
570356
587394
605199
623425
641848
660869
680887
701281
722151
743806
766103
789074
812847
837260
862233
887810
914458
941721
969923
998705
1028549
1059184
1090713
1123351
1157090
1191611
1227091
1263817
1301497
1340651
1380977
1422291
1465007
1509069
1554602
1601010
1649003
1698520
1749261
1801673
1856063
1911847
1969481
2028876
21086
21756
22340
22999
23690
24371
25060
25841
26613
27392
28256
29081
29947
30776
31685
32597
33551
34584
35613
36719
37865
38996
40162
41463
42740
44013
45348
46644
48038
49513
50976
52547
54077
55660
57253
58911
60733
62570
64443
66454
68454
70551
72678
74869
77181
79447
81834
84311
86875
89542
92374
95208
98070
101090
104183
107353
110622
113967
117382
120906
124639
128446
132398
136430
140654
144832
149257
153803
158603
163370
168440
173521
178835
184169
189730
195608
201623
207743
214132
220673
227430
234293
241575
248897
256544
264602
272735
281087
289521
298154
307082
316572
326230
336171
346396
356866
367756
378986
390693
402732
415219
428025
440816
454676
468539
482852
497679
512816
528444
544466
561211
578421
595759
613922
632805
652002
671825
692121
713230
734845
757306
780375
804476
829050
854345
880399
907548
935418
964063
993696
1024422
1055853
1088400
1121910
1156429
1192218
1228703
1266620
1305683
1345899
1387758
1430614
1474704
1519770
1566403
1614394
1664081
1715017
1767743
1822161
1878194
1935742
1995265
2056861
20984
21590
22276
22925
23625
24381
25141
25954
26785
27624
28482
29313
30213
31161
32132
33137
34217
35272
36325
37425
38559
39716
40919
42178
43513
44858
46243
47631
49100
50539
52084
53683
55298
56987
58757
60597
62421
64392
66393
68392
70540
72708
74903
77226
79598
82039
84628
87252
90008
92785
95678
98580
101684
104831
108011
111358
114822
118416
122119
125976
129841
133828
137976
142228
146684
151191
155834
160695
165545
170541
175723
181132
186703
192523
198520
204657
211048
217682
224377
231289
238492
245960
253518
261350
269456
277779
286204
295019
304155
313447
323248
333204
343646
354482
365560
376903
388573
400772
413298
426167
439374
453092
466902
481521
496484
511915
527884
544197
561291
578650
596714
615203
634322
654153
674357
695560
717284
739787
762810
786768
811251
836740
863030
890023
917840
946399
975873
1006221
1037599
1069767
1103516
1137969
1173512
1210353
1248364
1287456
1327527
1368989
1411770
1456153
1501401
1548416
1596675
1646657
1697961
1750752
1805702
1861831
1920251
1980210
2042213
21056
21743
22439
23146
23829
24549
25325
26110
26920
27750
28609
29474
30407
31381
32319
33354
34399
35464
36536
37663
38896
40125
41347
42644
43974
45397
46788
48324
49891
51466
53104
54799
56530
58319
60114
61896
63887
65968
67952
70035
72261
74450
76776
79281
81766
84360
86940
89667
92433
95322
98335
101413
104565
107842
111109
114560
118139
121860
125644
129625
133629
137915
142292
146711
151193
155942
160940
165965
171068
176421
181944
187534
193386
199530
205877
212311
219035
225967
233038
240420
247918
255801
263806
272223
280878
289756
298620
308067
317818
327753
338090
348612
359682
370942
382491
394280
406806
419707
432971
446644
460896
475303
490346
505855
521783
538102
555171
572950
590737
609354
628534
648330
668804
689909
711659
734085
757411
781484
806360
832126
858526
885650
914063
942997
973174
1003998
1035813
1068448
1101986
1136593
1172575
1209931
1248379
1287795
1328679
1370624
1414085
1458687
1505098
1552646
1602264
1652954
1705736
1759943
1816117
1873779
1933157
1994725
2057888
21299
21985
22713
23433
24205
24982
25755
26650
27475
28365
29253
30232
31158
32092
33100
34147
35233
36342
37530
38724
39972
41236
42502
43856
45176
46579
48035
49441
51045
52689
54365
56096
57939
59763
61729
63659
65708
67744
69810
72020
74308
76724
79264
81817
84447
87116
89916
92787
95606
98631
101747
105004
108341
111744
115316
119057
122838
126795
130848
134915
139241
143700
148236
152890
157638
162567
167931
173203
178601
184233
190061
195966
202170
208651
215423
222320
229443
236814
244460
252113
260193
268493
277021
286045
295119
304411
314127
324108
334441
345202
356188
367537
379204
391212
403840
416771
429927
443679
457777
472602
487643
503294
519602
536192
553446
571359
589910
608343
627675
647561
668249
689664
711735
734367
757596
781611
806571
832678
859242
886625
915069
943988
973978
1005041
1037007
1070057
1104242
1139434
1175633
1213289
1252025
1291757
1333101
1375859
1419825
1465000
1512106
1560151
1609699
1660987
1713707
1768141
1824776
1883176
1943504
2005701
20590
21218
21880
22590
23336
24107
24864
25686
26493
27331
28190
29086
29977
30944
31940
32946
33985
35067
36157
37303
38475
39733
40975
42316
43682
45039
46479
47994
49521
51184
52885
54547
56329
58070
59940
61916
63887
65896
68058
70257
72529
74893
77320
79815
82447
85027
87759
90526
93442
96446
99427
102638
105910
109262
112678
116361
120058
123821
127785
131843
136051
140481
144975
149688
154448
159357
164435
169726
175142
180862
186640
192590
198708
205084
211719
218539
225540
232712
240115
247722
255646
263840
272333
281147
290179
299279
308901
318864
329030
339647
350467
361821
373361
385354
397763
410496
423754
437318
451651
466159
480912
496376
512355
528836
545788
563290
581386
599793
618951
638907
659503
680639
702451
724909
748162
772198
796858
822251
848602
875430
903590
932401
962152
993032
1024787
1057690
1091575
1126833
1163046
1200596
1239106
1278587
1319748
1362495
1406182
1451419
1497714
1545845
1595554
1646221
1699129
1753580
1810127
1868351
1927956
1990094
2053831
21334
22015
22700
23444
24198
24948
25769
26502
27355
28209
29098
30023
30981
31969
32986
34041
35172
36263
37375
38560
39788
40967
42288
43676
45090
46521
48000
49502
51062
52646
54404
56178
57997
59863
61721
63675
65720
67850
70003
72241
74602
76942
79377
81896
84562
87289
90089
93006
95921
98923
102114
105425
108773
112224
115656
119384
123211
127113
131230
135434
139824
144250
148697
153465
158459
163525
168764
174239
179774
185630
191596
197745
204128
210727
217569
224696
231836
239252
246891
254857
262998
271562
280394
289542
298771
308555
318438
328646
339252
350333
361822
373373
385457
397719
410530
423565
437151
451202
465892
480809
496468
512557
529027
546066
563597
581498
600086
619519
639378
659774
680929
702938
725841
749226
773295
798063
823981
850684
878035
906019
935466
965514
996144
1027836
1061153
1095228
1130318
1166596
1203911
1242698
1282636
1323876
1366429
1410746
1456034
1502759
1551168
1601343
1653042
1706360
1761143
1817804
1876554
1937102
1999569
2063618
21282
21980
22668
23394
24141
24929
25758
26637
27507
28396
29336
30276
31246
32219
33203
34328
35398
36521
37700
38905
40169
41476
42817
44176
45573
47051
48544
50094
51691
53366
55068
56858
58638
60530
62497
64507
66576
68675
70908
73233
75619
78028
80520
83123
85848
88596
91522
94398
97422
100634
103882
107209
110642
114322
118005
121821
125758
129863
134028
138334
142654
147203
151911
156839
161958
167136
172556
178048
183879
189869
195969
202355
208932
215707
222704
229770
237109
244615
252505
260719
269062
277971
287005
296196
305788
315679
325828
336160
347002
358191
369522
381447
393636
406391
419444
432921
447037
461573
476468
491829
507673
524016
540799
558366
576119
594559
613608
633470
653664
674769
696549
719121
742451
766323
790789
816345
842854
870217
898077
927356
957195
987937
1019812
1052534
1086485
1121698
1158141
1195158
1233756
1273539
1314880
1357132
1401227
1446735
1493659
1541808
1591447
1642457
1695797
1750605
1806653
1864933
1925232
1986898
2050890
21214
21903
22585
23362
24117
24885
25666
26544
27363
28240
29119
30119
31082
32093
33096
34141
35196
36383
37618
38849
40084
41342
42701
44092
45535
47006
48491
50002
51610
53317
55042
56882
58735
60605
62546
64608
66731
68888
71075
73421
75764
78182
80764
83331
86067
88831
91765
94761
97813
100900
104240
107665
111088
114791
118542
122314
126282
130261
134398
138673
143077
147738
152409
157384
162400
167601
173108
178724
184451
190618
196840
203168
209682
216424
223508
230620
238108
245839
253720
262106
270598
279192
288339
297724
307419
317132
327586
338160
348908
360176
371834
383902
396223
408876
421903
435620
449655
463967
478915
494311
510462
526983
543945
561654
579940
598716
617994
638185
658923
680191
702076
724909
748014
772254
796867
822659
849388
876837
905392
934704
965008
995973
1028105
1061150
1095567
1130750
1167241
1205159
1244078
1284495
1326093
1369028
1413691
1459132
1506129
1554704
1604700
1656678
1710416
1765735
1822247
1881077
1942101
2005016
20495
21185
21866
22589
23312
24041
24799
25615
26467
27265
28116
29001
29978
30920
31915
32948
33964
35073
36281
37447
38697
40038
41313
42641
44053
45473
46954
48474
50001
51626
53370
55061
56829
58703
60596
62569
64549
66638
68766
70966
73253
75608
78123
80620
83151
85754
88477
91346
94308
97336
100403
103723
107049
110492
114018
117723
121467
125453
129625
133858
138176
142611
147310
152000
157074
162066
167243
172743
178403
184037
189972
196150
202599
209069
215889
222966
230286
237764
245443
253467
261697
270274
279026
287982
297332
306892
316766
326949
337409
348280
359410
371046
383205
395329
408160
421197
434812
448874
463494
478565
494028
509798
526528
543671
561169
579340
597945
617000
636706
657432
678562
700331
723339
746917
770856
795741
821410
847729
875124
903480
932685
963116
994067
1026215
1059006
1093240
1128602
1164740
1202504
1241249
1280973
1322696
1365102
1409640
1455437
1502220
1550664
1601100
1653059
1706741
1761992
1818918
1877305
1937865
2000891
20717
21447
22127
22869
23625
24371
25145
25939
26801
27661
28562
29531
30470
31437
32507
33558
34665
35773
36941
38079
39353
40601
41956
43315
44711
46178
47638
49185
50780
52406
54133
55907
57706
59504
61450
63469
65505
67621
69833
72092
74353
76707
79182
81732
84378
87114
89917
92734
95694
98805
101994
105263
108652
112056
115634
119301
123170
127063
131188
135423
139800
144181
148860
153589
158615
163644
168830
174342
179867
185735
191787
197941
204420
211021
217878
225130
232396
239964
247711
255745
263900
272479
281153
290285
299627
309331
319180
329403
340036
351011
362390
374196
386339
398748
411762
425018
438808
452882
467585
482559
497976
514149
530592
547739
565524
583739
602492
621932
642113
663258
684694
706997
729599
753093
777554
802585
828536
855651
883374
911820
941373
971891
1003194
1035458
1068918
1103615
1139236
1176474
1214445
1253663
1293996
1335789
1378901
1423777
1470122
1517994
1566952
1617774
1670251
1724153
1780257
1837910
1897529
1958886
2022062
20968
21688
22360
23126
23907
24680
25422
26265
27146
28019
28943
29906
30853
31870
32938
34009
35111
36283
37423
38637
39879
41082
42426
43825
45252
46745
48332
49890
51409
53039
54752
56447
58261
60161
62047
64034
66185
68379
70574
72854
75226
77659
80134
82709
85338
88120
90973
93853
96856
100041
103188
106550
109915
113550
117187
120938
124764
128843
132920
137269
141673
146297
151074
156044
160945
166048
171436
177024
182751
188699
194743
201080
207506
214135
221165
228276
235711
243468
251448
259700
268212
276755
285668
294936
304354
314350
324662
335128
345969
357347
368920
380780
393257
405743
418703
432277
446317
460967
475932
491362
507185
523651
540711
558256
576495
595312
614648
634447
655251
676355
698324
720731
743821
767821
792544
818447
844923
872156
900596
929908
959631
990746
1022920
1055824
1089910
1125080
1161828
1199337
1238085
1278284
1319606
1362271
1406085
1451606
1498823
1547417
1597586
1648766
1702117
1757273
1813666
1872558
1933300
1995886
2060322
21289
21986
22675
23361
24092
24863
25648
26509
27375
28209
29101
30030
31040
32025
33097
34198
35270
36370
37543
38763
40012
41329
42687
44007
45487
46902
48471
50095
51708
53391
55199
57055
58915
60794
62757
64782
66959
69177
71468
73724
76047
78479
81050
83741
86425
89234
92105
95157
98218
101377
104686
108104
111584
115222
118854
122686
126667
130808
135106
139367
143906
148697
153472
158446
163538
168724
174124
179696
185605
191608
197871
204323
211040
217809
225015
232270
239682
247453
255416
263559
272289
281164
290352
299847
309687
319722
330066
340515
351547
362906
374678
386691
399297
412379
425823
439507
453929
468506
483891
499729
516188
533157
550605
568368
586718
605874
625629
646117
667001
688607
710930
733901
757570
782228
807550
833935
860915
888999
917647
947365
977916
1009664
1041935
1075603
1110792
1146697
1183994
1222317
1261712
1302680
1344907
1388518
1433915
1480043
1527875
1577177
1628481
1681270
1735596
1791258
1849709
1909777
1971312
2035221
20942
21664
22333
22998
23683
24443
25254
26080
26887
27761
28674
29619
30612
31610
32621
33705
34758
35875
37033
38248
39524
40749
42052
43411
44816
46285
47773
49287
50959
52653
54342
56099
57907
59774
61681
63655
65561
67638
69841
72115
74369
76835
79351
81898
84553
87321
90192
93042
96144
99295
102490
105765
109196
112694
116375
120167
124031
128085
132162
136439
140827
145388
150209
155079
160080
165393
170802
176336
182062
187862
194061
200176
206756
213591
220485
227648
235038
242707
250498
258519
266964
275632
284605
293907
303415
313316
323445
333761
344648
355911
367426
379458
391661
404389
417453
431037
444872
459324
474053
489677
505292
521758
538708
556102
574117
592721
611984
631729
652278
673609
695461
717881
740890
764863
789483
815036
841618
868657
896892
926183
956184
987054
1019275
1052237
1086346
1121649
1158198
1195774
1234655
1274921
1316612
1358854
1402603
1448103
1495399
1543830
1593632
1645384
1699242
1754299
1811276
1870371
1930598
1992666
2057522
21400
22142
22844
23550
24329
25141
25948
26771
27636
28563
29451
30387
31384
32421
33477
34554
35649
36799
38000
39223
40543
41870
43277
44711
46037
47511
49011
50585
52144
53865
55569
57349
59161
61044
63022
65118
67222
69411
71645
73937
76360
78821
81390
84030
86630
89442
92495
95490
98614
101842
105282
108662
112247
115908
119650
123409
127265
131351
135709
140097
144524
149197
154000
159142
164218
169648
175142
180943
186843
192911
199049
205483
212113
218949
226159
233462
241132
248907
257041
265399
274004
282793
292134
301501
311349
321476
332026
342619
353671
365288
376862
388975
401867
414989
428237
442059
456514
471397
486581
502175
518589
535658
552954
571050
589725
608948
628869
649545
670521
692313
714668
737834
761684
786262
811637
837932
865059
892988
921947
952121
982698
1014668
1047603
1081460
1116331
1152509
1189824
1228384
1268219
1309491
1351816
1395661
1440806
1487530
1535567
1585247
1636822
1689854
1744495
1800700
1858635
1918465
1980568
2044448
20923
21607
22310
23023
23794
24537
25319
26149
27004
27877
28806
29806
30792
31805
32798
33902
34978
36113
37289
38491
39707
41027
42399
43830
45292
46763
48284
49780
51451
53151
54817
56585
58384
60249
62162
64071
66207
68310
70484
72786
75096
77511
79991
82586
85281
88002
90875
93745
96793
99950
103199
106468
109834
113395
117051
120899
124800
128858
133037
137312
141720
146317
150999
155892
160895
166091
171557
177253
183017
188987
195213
201377
208077
214875
221888
229085
236415
244175
252188
260293
268715
277306
286399
295941
305365
315012
325257
335851
346907
358265
369930
381583
394160
406724
419849
433438
447546
461975
476941
492446
508377
524796
541738
559375
577599
596151
615406
635551
656356
677745
699560
722528
745759
769960
794654
820418
847122
874692
903178
932395
962830
994183
1026260
1059324
1093815
1129289
1166398
1204012
1243243
1283526
1325338
1368169
1412638
1458487
1506068
1554873
1605208
1657039
1710946
1766602
1823842
1882892
1943761
2007144
21207
21929
22603
23363
24148
24925
25770
26588
27446
28307
29267
30126
31088
32098
33113
34144
35251
36390
37508
38733
40022
41345
42695
44062
45462
46943
48492
50056
51653
53301
