102677
105330
108220
111099
113985
117074
120196
123324
126560
129889
133218
136696
140345
144123
148004
152029
156075
160140
164421
168645
173250
177879
182664
187591
192600
197744
203036
208473
214112
219832
225667
231692
237991
244461
251086
257695
264632
271805
278999
286331
293892
301693
309698
318224
326691
335429
344581
354069
363569
373410
383509
393882
404358
415157
426443
437889
449756
461781
474298
487154
500337
513867
527462
541559
556204
571234
586786
602659
619161
636049
653283
670833
689019
707640
726828
746442
766547
787335
808514
830505
852930
876000
899969
924436
949573
975436
1002023
1029334
1057383
1085986
1115488
1145569
1176884
1209182
1242396
1276287
1310885
1347030
1383834
1421558
1460717
1500616
1541652
1584051
1627545
1671940
1717989
1765323
1813628
1863638
1914941
1967059
2020842
20928
21524
22139
22711
23324
23950
24593
25278
25977
26660
27397
28118
28884
29693
30497
31365
32244
33165
34086
35046
36044
37092
38104
39176
40325
41436
42583
43766
44969
46209
47489
48791
50106
51491
52887
54332
55876
57454
59032
60692
62325
64058
65867
67717
69547
71482
73523
75545
77643
79761
81963
84301
86671
89116
91606
94200
96852
99590
102374
105235
108256
111317
114335
117509
120824
124215
127735
131289
135007
138763
142741
146696
150713
154901
159239
163729
168173
172900
177705
182690
187744
193142
198557
204121
209854
215984
222027
228248
234606
241147
247827
254837
262051
269496
276900
284677
292797
301054
309590
318337
327317
336596
346100
355834
365864
376213
386752
397481
408713
420299
432248
444472
457240
470151
483428
496984
511131
525492
540416
555947
571526
587746
604603
621766
639649
657797
676666
695846
715675
736156
757474
779095
801195
824049
847588
871834
896790
922586
949128
975962
1004063
1032822
1062480
1092849
1123921
1156106
1189309
1223743
1258586
1294474
1331723
1369459
1408916
1449375
1490667
1533957
1577908
1623251
1670038
1717787
1766832
1817300
1869647
1923360
1978426
2035445
20795
21373
21941
22593
23236
23909
24600
25300
26054
26856
27628
28407
29258
30095
30932
31876
32787
33760
34765
35803
36843
37956
39032
40091
41285
42462
43691
44974
46226
47526
48951
50380
51828
53350
54928
56568
58186
59910
61643
63388
65307
67254
69223
71223
73326
75476
77725
80015
82342
84781
87224
89738
92361
95085
97927
100878
103847
106885
109935
113089
116555
119919
123453
127091
130898
134724
138683
142716
146896
151125
155490
159949
164671
169507
174539
179558
184731
190132
195791
201675
207627
213727
219975
226435
233044
239867
246946
254281
261687
269338
277307
285484
293741
302321
311171
320207
329646
339403
349389
359679
370171
381021
392038
403592
415273
427425
440023
452989
466352
480116
494207
508631
523766
538808
554615
571111
588079
605567
623292
641722
660665
680356
700420
720969
742242
764435
787219
810530
834468
859278
884454
910604
937514
965287
993956
1023303
1053884
1085026
1117349
1150487
1184964
1220484
1256519
1294315
1332615
1372281
1413002
1454741
1497940
1542647
1588478
1635702
1684122
1734071
1785973
1839346
1894149
1950738
2008786
20655
21264
21897
22560
23269
23963
24666
25401
26144
26907
27737
28594
29450
30304
31127
32039
32963
33970
34944
36003
37062
38201
39334
40539
41777
43000
44311
45683
47103
48501
49927
51389
52889
54439
55997
57677
59440
61259
63119
65094
67061
69079
71144
73387
75580
77866
80265
82669
85116
87604
90166
92793
95618
98505
101459
104491
107684
110897
114310
117733
121225
124825
128599
132474
136445
140513
144757
149166
153697
158345
163043
167989
172977
178310
183801
189477
195252
201085
207131
213385
220010
226669
233641
240710
248030
255607
263417
271424
279514
288041
296645
305706
314966
324564
334649
344939
355424
366381
377366
388962
400943
413327
425996
439124
452223
466146
480574
495157
510268
525835
541977
558597
575290
593031
611228
630032
649086
668893
689421
710247
731985
754392
777284
801313
825597
851019
877297
904069
931668
960218
989492
1019769
1050668
1082980
1115914
1150300
1185565
1221779
1259320
1298075
1337913
1378752
1420954
1464275
1509144
1555685
1602967
1652235
1702980
1755057
1809327
1864721
1921812
1981234
2041968
20975
21637
22310
22996
23650
24370
25075
25823
26588
27431
28315
29166
30065
31002
31936
32864
33890
34929
35989
37115
38262
39432
40638
41925
43275
44657
46074
47546
48989
50529
52101
53736
55348
57017
58817
60583
62417
64358
66318
68309
70460
72669
74966
77281
79679
82202
84784
87506
90252
93014
96002
98941
101933
105140
108410
111843
115280
118879
122555
126401
130456
134505
138618
142957
147362
151992
156838
161624
166608
171724
177097
182646
188323
194306
200427
206718
213078
219652
226442
233665
240889
248511
256384
264277
272307
280746
289472
298493
307980
317676
327534
337522
348051
358843
370099
381406
393383
405878
418498
431507
445102
459110
473490
488334
503574
519472
535734
552686
569919
587717
606217
625330
645001
665270
686482
708228
730357
753387
777113
801436
826917
852703
879203
906752
935435
965111
995575
1027200
1059500
1092790
1127348
1163427
1200032
1237525
1276578
1317149
1358986
1402114
1446431
1492048
1539549
1588081
1638422
1690317
1743661
1798748
1855914
1914994
1975782
2038324
21052
21764
22488
23242
23937
24690
25487
26295
27128
28015
28882
29828
30780
31743
32739
33752
34868
35927
37121
38324
39526
40763
42107
43452
44826
46243
47693
49190
50802
52452
54166
55806
57606
59521
61397
63326
65420
67507
69656
71815
74043
76439
78853
81366
84060
86828
89489
92326
95334
98406
101472
104706
108056
111592
115154
118793
122585
126370
130498
134684
138898
143322
147896
152617
157567
162627
167924
173269
178780
184561
190460
196572
203008
209614
216247
223262
230462
237838
245401
253331
261392
269938
278682
287505
296672
306363
316271
326475
336841
347657
358721
370402
382245
394517
407135
420235
433559
447396
461901
476824
491923
507618
524043
540881
558287
576423
595260
614280
634435
654740
675807
697581
719976
743378
767046
791651
817730
844129
871148
899395
928377
958512
989089
1021360
1054375
1088368
1123570
1159581
1197223
1236126
1276238
1317318
1359658
1403756
1449047
1495854
1544507
1594769
1646463
1699680
1754456
1811127
1869591
1930850
1993134
2058035
20993
21708
22380
23122
23925
24703
25492
26279
27131
28042
28937
29827
30808
31832
32902
33972
35105
36230
37376
38585
39884
41181
42571
43919
45357
46844
48291
49847
51420
53099
54794
56596
58339
60235
62188
64188
66241
68394
70659
72960
75363
77796
80375
82997
85740
88541
91437
94489
97595
100799
104058
107384
110872
114589
118397
122314
126283
130371
134556
138866
143349
148002
152855
157713
162813
168213
173671
179145
184950
190995
197315
203862
210551
217380
224474
231764
239282
247192
255286
263590
272362
281402
290622
300011
309700
319626
330149
341039
352198
363695
375636
388014
400569
414014
427544
441601
456169
471177
486622
502408
518952
535980
553731
572015
590711
609988
630207
650783
672270
694326
717412
740857
765243
790354
816316
843354
870920
899305
928749
959295
990675
1023009
1057036
1091941
1127819
1165020
1203174
1243250
1283946
1325738
1369294
1414561
1461742
1509699
1559612
1610976
1664083
1718730
1775555
1834141
1894530
1957127
2021689
20888
21566
22256
23011
23802
24567
25337
26176
26983
27873
28776
29727
30692
31716
32722
33820
34946
36141
37285
38483
39717
41004
42366
43796
45270
46757
48339
49945
51631
53349
55161
57039
58903
60871
62855
64911
67057
69296
71585
73966
76340
78859
81488
84205
86983
89940
92885
95972
99083
102359
105792
109268
112880
116523
120371
124320
128559
132879
137234
141826
146539
151456
156527
161634
166986
172434
178321
184152
190310
196761
203289
209927
216946
224187
231574
239304
247233
255444
264040
272887
281912
291321
300984
311166
321499
332213
343059
354565
366295
378316
390748
403638
416985
430796
445035
459662
475164
490938
507448
524238
541645
559399
578100
597242
617251
637770
658982
681142
703705
727171
751680
776785
802699
829694
857242
885876
915383
945980
977361
1010051
1043766
1078885
1115051
1152208
1190600
1229858
1270877
1313553
1357494
1402783
1449513
1497706
1547830
1599339
1652884
1707951
1764623
1822897
1883491
1945884
2010842
20667
21370
22102
22768
23542
24343
25151
25985
26837
27761
28737
29695
30707
31754
32819
33927
35070
36184
37372
38587
39899
41252
42589
44044
45462
47005
48568
50207
51883
53626
55435
57271
59212
61235
63289
65343
67514
69844
72197
74615
77143
79735
82438
85128
88035
90959
93980
97029
100207
103580
107103
110735
114428
118224
122251
126308
130533
134980
139607
144199
149015
154006
159301
164647
170144
175595
181471
187543
193756
200267
206928
213848
221020
228286
235730
243638
251853
260468
269177
278399
287818
297538
307590
318020
328668
339724
351206
363033
375157
387461
400525
413873
427873
441939
456929
472290
488149
504477
521729
539207
557356
576015
595296
615539
635962
657270
679217
702050
725571
750004
774946
800956
827928
855823
884589
914341
944893
976726
1009472
1043418
1078551
1114748
1152279
1190967
1231299
1272238
1314735
1358617
1404109
1451046
1499897
1549819
1601434
1655291
1711072
1768506
1827885
1889415
1952456
2018096
20594
21269
21966
22684
23461
24239
25039
25856
26754
27631
28581
29588
30610
31672
32748
33815
34953
36107
37352
38592
39835
41203
42630
44119
45593
47101
48711
50352
52052
53819
55661
57555
59485
61507
63566
65650
67857
70099
72473
74935
77473
80125
82815
85596
88459
91428
94660
97797
101092
104559
108079
111719
115404
119282
123376
127587
131881
136243
140765
145574
150455
155460
160710
166208
171734
177666
183519
189759
196196
202748
209642
216590
223879
231535
239442
247456
255876
264621
273594
282579
292253
302116
312341
322704
333611
344611
356278
368228
380547
393246
406592
420256
434418
448820
464122
479855
496050
512689
529868
547559
565972
585033
604629
624835
645703
667382
690015
713237
737570
762450
787999
814566
842159
870352
899674
929866
961114
993474
1027270
1061908
1097701
1134756
1173033
1212724
1254095
1296292
1339791
1384567
1430943
1479150
1528957
1580427
1633610
1689029
1746337
1805248
1866231
1929090
1994395
2061562
21404
22151
22876
23651
24491
25355
26217
27106
28003
28981
29963
31003
32052
33146
34232
35443
36614
37859
39128
40449
41856
43301
44850
46384
47978
49638
51306
53074
54849
56707
58608
60535
62657
64765
66880
69166
71525
73982
76381
78989
81625
84345
87241
90068
93092
96231
99505
102901
106401
110028
113752
117583
121506
125662
130066
134450
138914
143646
148418
153429
158661
164047
169520
175087
180938
187016
193219
199778
206502
213564
220721
228186
235914
243789
251986
260518
269403
278484
287974
297648
307800
318302
328956
339986
351434
363579
375987
388772
402031
415614
429602
444015
458859
474550
490833
507481
524752
542463
560651
579517
599095
619300
640546
662360
684428
707543
731669
756087
781644
808063
835339
863379
892451
922554
953560
985836
1018976
1053385
1089021
1125702
1163571
1203105
1243535
1286048
1329888
1374850
1421497
1469492
1519120
1570271
1623249
1678521
1735180
1794317
1854932
1917774
1982730
2049759
21193
21939
22709
23517
24285
25065
25941
26772
27712
28661
29640
30646
31706
32811
33917
35046
36269
37509
38788
40160
41510
42895
44317
45775
47304
48828
50502
52169
53979
55790
57706
59723
61668
63774
66038
68272
70616
72986
75533
78050
80668
83409
86292
89162
92144
95244
98371
101685
105137
108650
112376
116142
119992
124022
128302
132660
137163
141680
146481
151375
156605
161791
167300
172909
178772
184816
191064
197541
204146
211059
218123
225513
233183
241162
249292
257873
266340
275442
284848
294352
304222
314419
324984
336022
347322
359094
371421
383994
397027
410432
424242
438503
453598
469151
484964
501496
518706
536203
554369
573203
592311
612384
633174
654787
676867
699438
723029
747607
772761
798912
826210
854282
883083
912691
943878
975881
1008902
1042740
1078221
1115223
1152808
1192092
1232538
1274609
1317952
1362415
1408952
1456600
1506309
1557037
1609687
1664022
1720569
1778690
1839011
1901456
1965892
2032306
20939
21623
22347
23103
23833
24633
25506
26376
27292
28177
29124
30072
31077
32120
33183
34297
35446
36632
37872
39186
40571
41989
43452
44947
46499
48077
49766
51435
53218
55045
56917
58824
60809
62847
65020
67153
69424
71748
74192
76634
79209
81879
84713
87549
90450
93512
96609
99915
103372
106794
110589
114346
118194
122088
126207
130582
135004
139589
144493
149552
154758
159963
165421
171006
176857
182873
189005
195514
202193
209058
215978
223209
230857
238699
246779
255235
263861
272807
282004
291512
301131
311368
321787
332884
344214
355885
367941
380414
393499
406861
420587
434793
449487
464741
480489
496659
513372
530841
548772
566977
586342
606206
626909
648180
670434
692829
716173
740294
765151
791146
817894
845614
874534
904122
934204
965967
998397
1031761
1066777
1103005
1140527
1179354
1219545
1260738
1303494
1347269
1392870
1440061
1488555
1538850
1591131
1644807
1700894
1758739
1818362
1879831
1943611
2009304
21058
21773
22531
23332
24107
24919
25780
26646
27570
28527
29475
30487
31522
32538
33609
34800
35942
37153
38392
39692
41022
42410
43868
45358
46935
48484
50078
51805
53520
55366
57238
59122
61142
63294
65413
67689
69978
72289
74695
77308
79903
82655
85501
88426
91447
94542
97683
101081
104497
108160
111834
115564
119477
123450
127568
131836
136305
140951
145776
150822
156015
161321
166845
172539
178278
184453
190746
197276
204049
210951
218174
225615
233184
241090
249364
257706
266564
275684
285058
294761
304697
314965
325701
336818
348008
359691
371990
384523
397710
411132
425248
439788
454909
470171
486228
502592
519802
537320
555457
574364
593954
614350
635285
656745
678825
701739
725579
750088
775507
801583
828907
856865
885819
916133
946996
979317
1012679
1047199
1082510
1119275
1157652
1196759
1237512
1279340
1322607
1367265
1413541
1462047
1511488
1562664
1616080
1670887
1727579
1786254
1846559
1909279
1974243
2041511
20961
21657
22364
23156
23989
24822
25685
26564
27478
28356
29361
30364
31400
32500
33618
34768
35958
37180
38419
39704
41071
42529
43956
45455
46988
48565
50269
51985
53712
55534
57418
59355
61342
63392
65510
67799
70050
72393
74935
77531
80151
82949
85714
88611
91630
94764
97922
101286
104674
108161
111779
115598
119530
123694
127991
132388
136822
141541
146368
151385
156480
161903
167496
173195
179039
185066
191381
197958
204606
211554
218726
226229
233827
241737
249875
258284
267124
276038
285375
294885
304949
315241
325924
336982
348362
360077
372519
384914
397889
411243
425408
439732
454594
469993
485975
502591
519580
537380
555533
574489
594113
614271
635284
657017
679264
702198
725899
750624
776222
802558
829540
857685
886741
916648
947778
980223
1013547
1047913
1083572
1120552
1158600
1198146
1239104
1280971
1323962
1368859
1415389
1463269
1512956
1564226
1617222
1672344
1728910
1787345
1848059
1910509
1975045
2042435
21030
21756
22451
23230
24026
24874
25693
26557
27429
28364
29379
30379
31380
32438
33589
34729
35933
37186
38431
39687
41020
42458
43914
45412
46954
48581
50155
51807
53545
55416
57328
59246
61218
63329
65419
67673
69948
72332
74689
77190
79688
82304
85127
88089
91063
94161
97236
100527
103887
107330
110886
114576
118418
122473
126617
130909
135424
139950
144714
149594
154651
159978
165306
170948
176676
182605
188827
195390
201863
208632
215842
223057
230742
238600
246691
254951
263572
272571
281872
291601
301538
311729
322116
332931
344377
356013
368248
380663
393503
406853
420617
435015
449672
465077
480888
496967
513818
531221
548938
567398
586491
606219
627057
648320
670295
693036
716577
740890
765972
791857
818916
846817
875578
905055
936065
967825
1000791
1035136
1070131
1106486
1143964
1182947
1223066
1264850
1307720
1351683
1397919
1445300
1494631
1545465
1598078
1652238
1708260
1767004
1826850
1888821
1953250
2019595
20815
21542
22276
23037
23816
24620
25449
26320
27252
28167
29069
30046
31051
32093
33189
34343
35542
36770
37973
39339
40621
41981
43440
44906
46447
48080
49709
51467
53223
54995
56906
58834
60890
62973
65064
67219
69485
71866
74271
76864
79438
82192
84932
87709
90765
93838
96960
100261
103683
107180
110778
114475
118361
122373
126556
130917
135303
140016
144850
149670
154807
160117
165571
171224
176988
183054
189283
195822
202526
209404
216311
223624
231290
239412
247377
255815
264619
273586
282977
292533
302573
313056
323701
334776
346034
357843
370123
382779
395857
409413
423299
437563
452569
468019
483880
500462
517537
535210
553423
572324
591754
611625
632513
653919
676052
698947
722756
747408
772785
798885
825886
854154
883097
912928
944046
976161
1009515
1044138
1079947
1116470
1154502
1193801
1234326
1276610
1319852
1364453
1410820
1458836
1508620
1559932
1612750
1667620
1724595
1783618
1844217
1906731
1971622
2039153
21020
21755
22501
23240
24019
24874
25747
26608
27537
28500
29484
30451
31588
32619
33746
34876
36074
37342
38639
39963
41304
42725
44134
45599
47171
48712
50364
52080
53874
55724
57620
59629
61576
63594
65718
68006
70277
72671
75119
77660
80327
82989
85813
88761
91789
94940
98162
101537
104933
108560
112205
115972
119925
123963
128334
132651
137159
141815
146756
151676
156985
162397
167827
173568
179528
185723
191971
198498
205242
212358
219519
226957
234603
242592
250814
259387
268194
277245
286625
296276
306392
316948
327681
338774
350320
362315
374573
387315
400413
414148
428050
442502
457794
473201
489180
505769
522834
540497
558942
577985
597664
618073
639081
660818
683456
706530
730511
755260
780990
807798
835148
863491
893047
923625
954896
987419
1021366
1056310
1092115
1129314
1167852
1207823
1249025
1291273
1335074
1380069
1427062
1475517
1525848
1577851
1631291
1686518
1743903
1803291
1864631
1927706
1993166
2060690
21425
22134
22837
23612
24441
25297
26120
27038
27955
28951
29987
30993
32041
33147
34289
35465
36634
37878
39190
40613
42047
43450
44917
46417
48027
49659
51428
53153
54958
56806
58721
60656
62733
64813
66961
69253
71653
74104
76552
79222
81981
84732
87592
90650
93703
96925
100231
103526
106980
110630
114496
118357
122432
126707
131088
135536
140107
145033
149941
155098
160305
165783
171445
177264
183256
189511
195897
202577
209543
216512
224009
231657
239614
247802
256215
265051
274056
283296
293121
303003
313345
324167
335271
346659
358348
370647
383173
396061
409519
423420
438010
452741
468062
484145
500611
517415
534935
553021
571803
591196
611308
632313
653941
676193
699224
723203
747701
773236
799477
826756
854869
883863
913838
945159
977205
1010186
1044768
1080243
1116571
1154602
1193657
1234159
1275413
1318766
1363807
1410597
1458666
1508372
1559737
1612759
1667464
1724133
1782963
1843278
1906019
1970758
2038001
21012
21704
22464
23217
24013
24816
25628
26471
27387
28331
29275
30339
31401
32437
33537
34678
35816
37084
38345
39697
41065
42480
43903
45406
46888
48452
50097
51818
53487
55292
57236
59163
61193
63321
65458
67616
69829
72190
74644
77131
79689
82362
85117
87902
90963
94033
97259
100542
103913
107472
111161
114993
118978
122985
127200
131533
136075
140637
145380
150412
155464
160665
166138
171848
177702
183839
190017
196520
203243
210128
217242
224576
232395
240183
248290
256563
265375
274365
283778
293252
303198
313445
324218
335142
346522
358359
370562
383211
396042
409690
423582
438011
452612
467907
483859
500385
517619
535277
553660
572735
591964
612286
633215
654604
677020
700031
724027
748627
774311
800649
827717
856063
885425
915804
947090
979493
1012665
1047202
1082976
1119431
1157718
1196990
1237540
1279732
1323073
1368177
1414719
1463007
1512802
1564029
1617047
1671828
1728270
1786862
1847460
1909816
1974991
2042257
20979
21674
22438
23219
23998
24779
25592
26453
27378
28257
29228
30206
31233
32256
33365
34523
35744
36955
38209
39470
40811
42128
43483
44911
46449
48039
49605
51301
52982
54789
56628
58546
60568
62503
64637
66882
69134
71521
74065
76569
79149
81752
84655
87639
90626
93757
96873
100259
103754
107248
110935
114662
118662
122794
126955
131335
135796
140406
145173
150189
155143
160417
165680
171257
177022
183096
189315
195727
202406
209217
216350
223867
231561
239647
247632
255988
264732
273720
282988
292668
302626
312944
323713
334485
345884
357641
369853
382322
395088
408436
422202
436672
451632
467059
482750
499276
516397
534093
552181
570920
590488
610723
631417
652917
675161
698024
721847
746174
770993
796908
823942
851893
881028
910934
942321
974465
1007640
1041862
1077060
1113413
1151301
1190323
1230704
1272278
1315209
1359894
1406454
1454062
1503647
1554427
1606982
1661583
1717707
1776268
1836462
1898935
1963589
2031081
20998
21694
22376
23132
23943
24748
25602
26482
27381
28228
29172
30152
31186
32269
33348
34496
35611
36791
38009
39233
40510
41894
43306
44748
46261
47840
49481
51124
52859
54663
