102448
105022
107659
110379
113209
116097
119063
121986
125026
128174
131313
134621
137965
141530
145024
148721
152435
156263
160196
164204
168346
172545
176949
181403
185969
190668
195581
200565
205668
210902
216290
221687
227403
233079
239002
245139
251347
257760
264332
271030
277983
285110
292256
299679
307473
315392
323515
331761
340395
348936
357956
367138
376521
386132
396027
406361
416588
427103
438301
449583
461011
472897
485200
497691
510334
523491
536818
550663
564573
579227
594274
609505
625408
641396
657998
675123
692672
710609
728998
747984
767346
787181
807634
828687
850407
872979
895650
918699
942699
967553
992684
1018470
1045123
1072177
1100241
1128737
1157937
1188028
1219027
1250656
1283296
1316849
1351228
1386666
1422669
1459678
1497681
1536605
1576806
1618239
1660349
1703720
1748393
1794127
1841367
1889467
1939039
1990216
2042613
21065
21615
22181
22805
23419
24026
24664
25291
25963
26642
27351
28075
28792
29505
30253
31032
31843
32677
33538
34447
35438
36396
37301
38284
39244
40325
41342
42430
43541
44679
45896
47157
48388
49725
51026
52376
53762
55228
56663
58174
59741
61378
63042
64751
66461
68252
70025
71856
73733
75656
77621
79683
81801
83935
86193
88494
90916
93357
95866
98487
101223
103859
106650
109517
112469
115540
118682
121852
125057
128335
131770
135291
138903
142586
146399
150341
154355
158411
162649
167058
171543
176294
181017
185874
190873
195917
201342
206834
212388
218116
223846
229778
236053
242465
249199
255970
262900
270243
277534
284958
292559
300532
308720
316974
325657
334560
343735
352990
362481
372472
382573
392978
403718
414687
426232
437844
449750
461968
474591
487644
501022
514583
528344
542819
557438
572426
587978
603964
620510
637456
654837
672962
691114
709782
729040
749034
769234
790396
811776
834129
856653
880315
904254
929349
954664
981065
1007849
1035616
1063734
1092860
1122791
1153836
1185795
1218491
1251820
1285829
1321015
1357108
1394701
1433008
1472496
1513175
1554937
1597716
1641806
1686790
1733031
1780456
1829631
1880460
1932568
1985832
2040822
21076
21676
22252
22846
23467
24098
24781
25473
26161
26877
27625
28378
29178
30011
30837
31664
32557
33401
34292
35252
36181
37180
38186
39212
40302
41440
42647
43881
45106
46368
47665
48970
50319
51698
53157
54649
56139
57702
59265
60947
62644
64398
66228
68156
70063
72009
74064
76204
78364
80524
82764
85039
87394
89936
92418
94985
97596
100308
103089
105948
108923
111994
115136
118307
121674
125080
128571
132152
135843
139689
143659
147708
151850
156044
160408
164958
169647
174424
179456
184501
189670
194927
200374
205979
211753
217666
223731
230062
236603
243263
250126
257280
264556
271929
279491
287231
295240
303585
312015
320707
329685
338978
348323
358182
368271
378815
389370
400394
411647
423384
435504
447658
460254
473385
486696
500569
514746
529543
544418
559698
575507
591753
608352
625564
643419
661828
680693
699994
719652
740054
760893
782828
805064
827724
851124
875301
900407
926018
952385
979413
1007282
1035758
1065207
1095301
1126028
1157572
1190642
1224424
1259171
1294869
1331897
1369730
1408694
1448491
1489682
1532101
1575776
1620672
1666935
1714543
1763537
1813789
1865356
1918808
1973480
2029624
20645
21234
21840
22433
23029
23660
24345
25083
25815
26564
27345
28135
28959
29776
30613
31466
32378
33305
34223
35217
36232
37262
38286
39324
40436
41605
42776
43947
45175
46484
47881
49251
50605
52025
53531
55082
56640
58253
59875
61599
63395
65212
67119
69011
71040
73097
75207
77389
79659
82038
84362
86805
89397
92063
94760
97553
100344
103313
106210
109376
112577
115782
119090
122560
126133
129815
133543
137475
141455
145640
149899
154281
158705
163409
167951
172927
178020
183068
188408
193693
199196
204952
210741
216898
223211
229619
236294
243154
250071
257326
264815
272408
280203
288219
296667
305205
314054
322987
332477
342078
352041
362350
372805
383453
394733
406163
418021
430204
442686
455620
468657
482277
496217
510735
525530
540980
556695
572939
589636
606911
624582
642614
661365
680552
700347
720765
741637
763024
785189
808214
831925
856130
881166
906970
933317
960554
988723
1017615
1047305
1077659
1109023
1141580
1175002
1209193
1244297
1280728
1318102
1356605
1396161
1436763
1478571
1521380
1565888
1612006
1658914
1707229
1757036
1808316
1860841
1915449
1971220
2028752
20992
21568
22171
22757
23433
24131
24827
25585
26332
27149
27908
28792
29635
30483
31406
32312
33231
34204
35163
36228
37310
38411
39572
40734
41891
43043
44282
45521
46873
48256
49666
51127
52674
54221
55810
57469
59231
60975
62776
64579
66481
68450
70556
72729
74891
77000
79245
81555
83984
86445
88886
91494
94253
96974
99793
102682
105634
108787
111988
115188
118551
122020
125707
129387
133223
137199
141244
145390
149625
154147
158653
163363
168138
173088
178146
183594
188902
194475
200328
206274
212475
218620
225116
231806
238623
245694
252963
260485
268171
276264
284480
292929
301628
310627
319808
329341
339064
349288
359634
370236
381206
392609
404271
416265
428713
441502
454573
468106
482183
496697
511364
526713
542447
558462
575163
592180
609900
628206
646749
665996
685706
706298
727401
748935
771200
794169
818021
842506
867623
893665
920266
947623
975819
1005059
1035168
1065842
1097833
1130624
1164546
1199192
1235015
1271811
1310085
1349381
1389759
1430984
1473941
1518243
1563633
1610044
1658530
1708273
1759138
1811538
1866114
1922417
1979899
2039290
20976
21640
22281
22961
23639
24311
25031
25758
26544
27382
28213
29078
29895
30801
31793
32771
33779
34791
35821
36969
38119
39242
40418
41599
42857
44137
45459
46755
48205
49592
51076
52558
54194
55782
57413
59119
60975
62781
64705
66692
68727
70842
73052
75181
77443
79757
82127
84636
87210
89879
92652
95459
98512
101443
104454
107554
110875
114281
117760
121368
125134
128869
132708
136743
140918
145277
149759
154305
159018
163818
168837
173933
179199
184660
190217
195926
201825
207857
214160
220753
227460
234398
241536
248880
256419
264173
272211
280644
289114
297653
306584
315840
325445
335301
345516
356013
366643
378065
389440
401290
413486
425993
438975
452537
466305
480440
495076
510265
525821
541619
558217
575331
592829
611010
629704
648866
668530
688947
710051
731843
754106
776980
800790
825322
850802
876782
903820
931497
960075
989352
1019871
1051134
1083408
1116474
1150785
1185857
1221960
1259175
1298122
1337915
1378864
1421037
1464847
1509644
1556106
1604275
1653388
1704282
1756630
1810852
1866508
1923463
1982569
2043426
21045
21708
22393
23059
23747
24471
25207
25951
26773
27605
28425
29314
30211
31138
32098
33092
34134
35198
36210
37341
38503
39686
40952
42191
43472
44830
46233
47695
49152
50690
52253
53882
55524
57146
58906
60778
62623
64488
66535
68645
70723
72955
75248
77520
79859
82340
84873
87480
90154
92953
95792
98728
101802
104967
108258
111633
114983
118585
122311
126080
129844
133746
137946
142222
146630
151041
155746
160612
165575
170588
175864
181321
187050
192708
198647
204860
211125
217669
224379
231457
238540
245919
253605
261434
269636
277937
286475
295338
304446
313805
323558
333711
344009
354611
365580
377027
388815
400871
413112
426041
439367
453147
467222
481807
496722
512118
528052
544354
561270
579078
597196
615663
634979
654609
674801
696113
717837
740158
763437
787115
811648
836991
863308
890116
917854
946335
975879
1006403
1037756
1069929
1103540
1138095
1173791
1210693
1248653
1287140
1327026
1368269
1410632
1454592
1500264
1547061
1595504
1645375
1696901
1750312
1805465
1861819
1920040
1979994
2042226
20924
21607
22255
22963
23670
24425
25187
25966
26739
27559
28427
29381
30277
31189
32146
33169
34230
35265
36341
37461
38621
39839
41085
42300
43606
44956
46377
47844
49378
50943
52496
54122
55818
57572
59343
61198
63093
65035
67032
69210
71262
73458
75852
78246
80767
83233
85910
88533
91328
94160
97112
100125
103202
106467
109760
113070
116659
120387
124265
128221
132138
136263
140589
145014
149538
154177
159050
164034
169276
174514
180044
185680
191556
197585
203884
210300
216945
223850
230764
238300
245752
253407
261371
269698
278181
286890
295846
305323
315056
325024
335378
346035
356931
368247
379746
391820
404307
417126
430199
443959
457769
472338
487129
502411
518199
534682
551491
568946
586897
605349
624436
643969
664154
685071
706677
729155
752261
776121
800600
825799
852182
879049
906674
935265
964610
995264
1026927
1059683
1093082
1127640
1162849
1199468
1237276
1276477
1317064
1358926
1401933
1446404
1492265
1539864
1588652
1638761
1690798
1744387
1799880
1856506
1914777
1975137
2037223
20817
21494
22145
22865
23580
24291
25041
25887
26765
27613
28503
29438
30377
31345
32378
33440
34446
35541
36652
37833
39054
40283
41624
42934
44333
45675
47159
48635
50122
51722
53340
55069
56879
58731
60679
62659
64708
66843
69013
71225
73447
75774
78177
80674
83224
85832
88480
91319
94289
97281
100369
103520
106869
110340
113798
117518
121134
124957
128855
132891
137081
141338
145788
150446
155231
159974
165150
170290
175664
181276
186995
193041
199072
205317
211850
218479
225378
232518
239800
247481
255293
263426
271840
280505
289602
298854
308497
318248
328326
338742
349571
360709
372239
383949
396090
408710
421751
435132
448827
463110
477946
493127
508873
524988
541809
559262
577123
595347
614032
633796
654017
674957
696564
718597
741852
765663
790132
815474
841683
868796
896481
924782
954193
985096
1016474
1049205
1082791
1117646
1153438
1190324
1228514
1267699
1308335
1350314
1393679
1438305
1484336
1532121
1580703
1631104
1683336
1737276
1793100
1850589
1909863
1970981
2033571
21206
21869
22586
23287
24001
24718
25455
26223
27018
27909
28780
29757
30715
31767
32755
33851
34993
36170
37321
38470
39700
40907
42233
43622
45013
46421
47849
49373
50928
52573
54275
56040
57918
59751
61663
63575
65588
67685
69958
72097
74401
76713
79219
81759
84334
86976
89828
92696
95674
98780
101943
105234
108668
112052
115595
119326
123049
126989
131041
135121
139465
143900
148580
153281
158075
163210
168436
173832
179334
185013
191046
197229
203577
210225
217109
224129
231447
238959
246719
254495
262694
271200
279925
288865
298142
307759
317655
327893
338336
349200
360307
371923
384082
396320
408858
421944
435277
449207
463824
478659
493994
509941
526348
543074
560442
578473
597128
616274
635926
656080
677118
698887
721117
744294
768204
792813
818111
844431
871307
899567
928434
958392
988958
1020495
1053138
1086717
1121494
1157258
1194571
1233219
1272595
1313850
1355956
1399302
1444132
1490261
1538222
1587530
1638203
1690605
1744994
1800991
1858855
1918327
1980822
2044501
21225
21903
22604
23348
24109
24916
25693
26526
27350
28243
29184
30140
31139
32175
33214
34284
35421
36493
37618
38882
40072
41384
42712
44055
45477
46956
48445
49990
51627
53268
54979
56804
58684
60628
62485
64560
66640
68797
70949
73310
75589
77989
80436
83040
85754
88530
91361
94323
97307
100503
103759
107161
110579
114105
117783
121516
125391
129364
133545
137733
142192
146744
151506
156416
161302
166439
171707
177234
183124
188991
195173
201427
207957
214617
221661
228829
236140
243771
251566
259665
268102
276688
285553
294690
304120
313892
323990
334412
345211
356284
367629
379400
391742
404521
417514
430981
444989
459383
474130
489199
505180
521430
538221
555644
573381
592025
611012
630793
651104
672168
693874
716427
739427
763428
788205
813782
840053
866917
895064
923865
953648
984374
1016075
1048862
1082736
1117433
1153259
1190382
1228563
1268259
1309235
1351305
1394773
1439851
1486299
1534127
1583802
1634484
1686802
1741147
1797758
1855669
1915505
1977115
2041205
21072
21761
22478
23207
23928
24675
25454
26274
27107
27947
28833
29790
30763
31729
32746
33784
34838
35973
37094
38321
39584
40865
42137
43501
44952
46391
47893
49400
51045
52723
54479
56190
58001
59922
61943
63957
65989
68126
70400
72758
75119
77613
80130
82675
85331
87962
90757
93690
96617
99671
102950
106370
109877
113425
117086
120787
124833
128924
133139
137479
141944
146680
151413
156218
161260
166553
172010
177566
183312
189310
195497
201762
208345
215066
222070
229156
236540
244168
252006
260289
268676
277392
286191
295401
304857
314851
325118
335574
346488
357468
369005
380943
393233
405896
418838
432332
446215
460752
475786
491071
506830
523282
540361
557692
575657
594356
613616
633532
653926
674860
696564
719058
742262
766370
791083
816419
842218
869446
897402
926132
955789
986455
1018471
1051612
1085712
1120630
1156542
1194083
1232767
1272558
1313649
1356271
1400285
1445571
1492082
1540164
1589752
1641143
1693975
1748704
1805423
1863529
1923364
1985815
2050192
21258
21901
22593
23317
24115
24893
25702
26579
27478
28334
29239
30152
31057
31986
32990
34058
35184
36295
37429
38646
39931
41187
42548
43970
45386
46880
48408
50062
51662
53372
55081
56862
58692
60582
62569
64486
66615
68755
70984
73254
75674
78147
80643
83249
85929
88697
91562
94545
97541
100681
103946
107237
110682
114298
118047
121734
125628
129601
133674
137860
142297
146928
151730
156546
161517
166843
172140
177713
183549
189420
195619
201988
208632
215432
222282
229479
236889
244513
252654
260685
269095
277758
286786
296024
305638
315667
325978
336320
347210
358487
370271
382242
394587
407373
420581
434015
447919
462437
477532
493010
509034
525486
542391
560157
578214
596973
616370
636305
656922
678321
700514
723219
746513
770443
795596
821201
847471
874892
903441
932563
962667
993685
1025974
1059129
1093331
1128468
1165041
1202918
1241758
1281407
1322687
1365270
1409599
1455407
1502554
1551444
1601683
1653261
1706721
1761903
1818977
1877727
1938388
2001001
20985
21695
22370
23086
23828
24639
25414
26226
27026
27952
28843
29788
30741
31743
32775
33843
35006
36108
37285
38446
39726
41004
42354
43688
45152
46621
48160
49691
51368
53026
54792
56664
58582
60476
62432
64421
66570
68700
70879
73226
75558
77989
80578
83151
85857
88553
91603
94542
97621
100664
103895
107237
110725
114267
117996
121768
125690
129742
133930
138090
142601
147269
152025
157048
162050
167257
172713
178262
183969
189999
196130
202552
209185
216051
223126
230328
237813
245557
253636
261943
270371
279120
288298
297518
307176
316935
327192
337889
348867
360146
371868
383902
396320
409068
422275
436101
450137
464564
479663
495190
511442
527904
544831
562369
580860
599796
619095
639394
660354
681543
703583
726524
750081
774783
799637
825557
852265
879984
908518
938005
968542
999757
1032065
1065537
1099869
1135410
1171980
1209738
1248637
1289106
1330628
1373783
1418273
1464220
1511438
1560483
1611146
1663290
1717495
1773236
1830749
1889769
1951545
2014889
20596
21268
21984
22676
23464
24218
25004
25790
26636
27513
28405
29284
30191
31165
32190
33242
34347
35450
36610
37816
39046
40325
41586
42973
44318
45785
47281
48801
50406
52021
53673
55334
57177
59010
60894
62838
64832
66849
69063
71298
73609
76051
78546
80998
83561
86202
89010
91944
94871
97909
101110
104371
107771
111307
114925
118580
122381
126537
130581
134757
139122
143605
148144
153019
158034
163197
168414
173953
179656
185310
191269
197385
203833
210435
217261
224339
231695
239197
247054
254981
263339
271668
280448
289796
299195
308853
318896
329192
339975
351127
362336
374049
386263
398598
411630
424942
438675
453012
467716
482824
498424
514585
531297
548538
566293
584568
603498
623011
643300
664166
685656
707782
730765
754640
779151
804363
830212
857117
884929
913574
942992
973427
1005153
1038003
1071828
1106899
1142841
1179915
1218340
1257961
1298906
1340933
1384202
1429454
1476051
1523840
1573408
1624319
1676940
1731299
1787620
1845293
1905143
1966357
2029698
21041
21741
22459
23185
23932
24652
25460
26271
27167
28069
28944
29916
30864
31897
32905
33993
35143
36278
37451
38726
40017
41331
42675
44005
45361
46813
48347
49953
51595
53332
55070
56866
58686
60523
62508
64530
66695
68828
71102
73411
75818
78316
80920
83540
86362
89188
92086
95120
98217
101434
104693
108122
111654
115195
118861
122697
126640
130729
134984
139368
143862
148649
153493
158484
163531
168809
174314
179826
185599
191580
197748
204297
210971
217813
224866
232224
239655
247360
255287
263377
271979
280697
289707
299064
308778
318749
329100
339661
350591
362179
374051
386082
398480
411409
424806
438302
452736
467344
482321
498207
514335
531042
548310
566148
584294
603211
622810
643132
663849
685133
707280
730203
754042
778471
803656
829808
856664
884417
913283
942880
973781
1005313
1037878
1071426
1106167
1141992
1178901
1217208
1256857
1297752
1339976
1383411
1428145
1474341
1522362
1571540
1622802
1675568
1729519
1785494
1843613
1903359
1964917
2029043
20891
21583
22294
22985
23734
24478
25276
26128
27003
27872
28791
29759
30718
31709
32716
33788
34917
36023
37140
38303
39553
40819
42129
43471
44886
46317
47818
49421
50992
52692
54430
56238
58078
59934
61812
63769
65800
67949
70151
72515
74848
77273
79780
82327
84968
87728
90636
93611
96628
99766
103021
106428
109968
113500
117221
121098
125053
129161
133397
137783
142254
146942
151712
156637
161676
166940
172385
178154
183833
189695
195928
202355
208950
215705
222783
230034
237492
245106
253281
261543
269960
278655
287718
296958
306664
316858
327182
337942
348890
360417
372043
384247
396897
409719
423172
436911
451077
465817
480824
496509
512734
529411
546417
564295
582532
601402
621008
641271
662093
683641
705692
728793
752077
776622
801476
827238
854022
881643
910338
940113
970402
1001925
1034571
1068136
1102782
1138168
1174977
1213154
1252624
1292910
1334661
1377607
1422439
1468594
1516305
1565683
1616324
1669089
1723732
1779568
1837245
1896391
1958230
2022010
21059
21764
22516
23210
24009
24773
25559
26357
27221
28107
29034
29991
31014
32002
33055
34098
35162
36275
37474
38673
39963
41325
42661
44045
45491
47033
48568
50141
51806
53521
55238
57072
58956
60886
62850
64900
67057
69224
71511
73843
76130
78649
81141
83833
86576
89344
92284
95258
98399
101554
104813
108203
111769
115475
119241
123022
127053
131253
135559
139969
144537
149186
153966
158935
164154
169548
175045
180664
186590
192685
198859
205331
211997
218992
225957
233341
240799
248631
256721
265003
273518
282260
291328
300594
310246
320358
330805
341620
352574
363944
375702
387959
400531
413555
426912
440632
454947
469638
484911
500527
516504
533010
550331
568212
586692
605748
625420
645571
666234
687825
710170
733047
756841
781219
806433
832668
859834
888032
917006
946686
977385
1009372
1042254
1076383
1111495
1147363
1184422
1222967
1262663
1303562
1346142
1389932
1435263
1481493
1529466
1578786
1629907
1682803
1737219
1793540
1851328
1911141
1972974
2037039
20860
21533
22224
22947
23764
24552
25346
26157
27018
27903
28836
29782
30772
31786
32872
33910
35005
36107
37287
38537
39683
40934
42240
43580
44931
46420
47909
49415
50991
52648
54331
56069
57834
59664
61612
63498
65444
67537
69751
72017
74346
76739
79333
81850
84500
87296
90083
92951
96050
99145
102310
105493
108862
112510
116275
120012
123858
127916
132087
136310
140732
145302
150050
154974
159986
165101
170569
176121
181867
187784
193815
200034
206611
213274
220104
227253
234570
242181
250103
258296
266669
275116
283937
293170
302577
312466
322449
332864
343565
354681
366350
378392
390542
403366
416265
429700
443632
457922
472635
488026
503941
520329
537206
554616
572554
591180
610309
630395
650877
671846
693566
715913
739121
763310
788224
813875
839928
867011
895088
924135
954091
985115
1017077
1049827
1083556
1118636
1154900
1192595
1231400
1271584
1313114
1355594
1399655
1444735
1491611
1539811
1589766
1641270
1694277
1749199
1805789
1864214
1924742
1987031
2051525
20981
21659
22402
23106
23868
24639
25440
26281
27073
27924
28806
29753
30704
31643
32718
33790
34874
35996
37162
38375
39625
40887
42184
43530
44949
46412
47936
49487
51100
52831
54488
56281
58105
60007
61966
63914
65976
68080
70233
72474
74870
77196
79667
82268
85000
87795
90578
93509
96573
99613
102871
106164
109663
113266
116867
120566
124578
128605
132754
137121
141471
146125
150894
155799
160910
166148
171532
177121
182827
188865
194791
201055
207485
214168
221154
228333
235776
243414
250997
259307
267779
276675
285606
294882
304508
314580
324670
335104
345794
357138
368618
380572
392996
405651
418834
432383
446325
460728
475702
491074
506804
523255
540112
557621
575803
594448
613866
633745
654341
675661
697563
720237
743633
767497
792059
817195
843654
871110
899523
928562
958501
989833
1021906
1055208
1089383
1124857
1161550
1199545
1238503
1278721
1320443
1363276
1407456
1453086
1500199
1548903
1598989
1651043
1704864
1760339
1817299
1876124
1936783
1999743
2064680
21379
22091
22754
23534
24270
25102
25909
26719
27599
28480
29386
30325
31347
32377
33473
34600
35745
36882
38067
39266
40572
41897
43220
44644
46109
47618
49197
50782
52509
54232
