102474
104991
107649
110343
113120
115991
118842
121795
124899
127986
131147
134467
137747
141346
144873
148550
152295
156147
160055
164087
168198
172490
176956
181324
185852
190550
195347
200316
205461
210696
216009
221390
227041
232888
239013
245253
251437
257767
264275
270896
277805
284879
292094
299439
306867
314772
322740
331016
339456
348154
357102
366276
375843
385556
395316
405443
415739
426380
437377
448531
460028
471845
484030
496534
509314
522327
535722
549565
563644
578327
593288
608590
624352
640426
656959
674058
691487
709211
727432
746295
765662
785448
805974
826830
848432
870357
892743
915790
939720
964324
989267
1015139
1041669
1068779
1096652
1125195
1154721
1185230
1216255
1248113
1280677
1314285
1348383
1383352
1419295
1456273
1494197
1533171
1573393
1614641
1657021
1700114
1744566
1790445
1837459
1885237
1934953
1985976
2038403
21170
21710
22290
22830
23449
24059
24671
25289
26004
26741
27438
28150
28918
29670
30453
31309
32132
33020
33885
34785
35709
36693
37597
38605
39617
40726
41803
42883
43978
45208
46392
47640
48940
50206
51487
52783
54191
55591
57034
58519
60153
61773
63445
65200
66971
68850
70613
72433
74387
76453
78521
80589
82740
85015
87304
89741
92187
94723
97284
99963
102567
105287
108125
111089
114103
117113
120291
123592
126832
130166
133599
137169
140801
144630
148555
152490
156594
160720
164990
169472
173937
178666
183435
188436
193505
198579
204004
209646
215301
221145
226992
233201
239510
245954
252615
259540
266567
273838
281326
288982
297013
304942
313178
321589
330387
339261
348411
358041
367532
377467
387742
398322
408792
419959
431416
443288
455408
467862
480650
493595
507065
520835
535103
549549
564508
580017
595885
612183
628990
646098
663954
682466
701006
720136
739955
760273
781203
802440
824639
847211
870299
894095
918798
944309
970269
997364
1024492
1052927
1081910
1111647
1142336
1173575
1205785
1239003
1273412
1308708
1345249
1382064
1420359
1459618
1499802
1541824
1584253
1627696
1672555
1718899
1766194
1814983
1865143
1917066
1969575
2023972
20769
21339
21912
22547
23189
23840
24498
25181
25913
26642
27415
28195
28996
29809
30661
31493
32344
33245
34234
35190
36155
37208
38257
39321
40449
41560
42787
43984
45174
46404
47711
49102
50546
52022
53472
54992
56483
58021
59684
61341
63033
64873
66725
68612
70588
72448
74480
76591
78865
81045
83307
85662
88094
90633
93165
95865
98520
101269
104179
107050
110088
113224
116386
119584
122889
126252
129861
133495
137239
141144
145229
149426
153633
157965
162455
166988
171716
176599
181678
186802
191981
197419
202948
208729
214593
220646
226870
233313
239860
246706
253607
260766
268062
275666
283423
291357
299564
308098
316750
325608
334909
344390
354262
364174
374555
385213
396084
407339
418924
430878
442997
455541
468414
481531
495214
509061
523527
538164
553426
569201
585419
601880
619146
636826
655259
673783
692963
712755
733041
753794
775030
796991
819776
843114
866995
891473
916631
942513
969553
997115
1025662
1054867
1084981
1115876
1147731
1180694
1214361
1248726
1284300
1321120
1358855
1397525
1437778
1478946
1521138
1564664
1609702
1655512
1702853
1751420
1801678
1853130
1906207
1960495
2016465
20693
21290
21892
22511
23157
23823
24497
25195
25989
26722
27470
28231
29023
29879
30729
31630
32527
33461
34428
35374
36383
37449
38491
39667
40888
42127
43324
44596
45858
47250
48610
50010
51466
52920
54418
55979
57594
59289
60997
62682
64491
66487
68355
70303
72340
74460
76668
78843
81146
83535
85906
88285
90861
93492
96106
98865
101590
104598
107615
110752
113954
117295
120716
124228
127796
131417
135207
139083
143087
147235
151565
155988
160430
165120
169871
174806
179901
185110
190497
196124
201722
207523
213533
219761
226180
232745
239664
246693
253807
260895
268614
276504
284556
292702
301116
309838
318891
328301
337961
347720
357965
368345
379112
390290
401400
413168
425150
437556
450413
463606
477020
490803
505056
519627
534696
550380
566420
582964
599979
617477
635502
654030
673138
692957
712997
733792
755474
777654
800285
823689
847845
872632
898222
924130
950796
978485
1006937
1036366
1066764
1098067
1130054
1163261
1197346
1232379
1268538
1305603
1343738
1383027
1423608
1465317
1508615
1552653
1597740
1644495
1692642
1742450
1793733
1846314
1900726
1956712
2014047
20961
21596
22218
22904
23543
24169
24884
25623
26350
27103
27918
28777
29627
30444
31323
32252
33203
34158
35149
36183
37263
38354
39470
40636
41906
43158
44438
45739
47125
48517
50013
51426
53004
54566
56204
57897
59595
61311
63058
64869
66803
68785
70747
72793
75022
77276
79540
81803
84254
86791
89459
92131
94849
97574
100431
103362
106466
109496
112785
116200
119569
123091
126823
130503
134326
138250
142298
146524
150888
155349
160011
164743
169654
174757
179979
185395
190907
196660
202450
208702
214915
221405
227935
234574
241701
248896
256271
263790
271594
279518
287780
296368
305178
314268
323706
333250
343461
353717
364285
375215
386441
397991
409877
422220
434819
447894
461162
474928
489190
503674
519031
534600
550547
567173
583985
601120
618984
637446
656542
676013
696290
717246
738882
760918
783409
807040
831120
855897
881629
908083
935476
963565
992622
1022114
1052566
1084318
1116750
1150094
1184188
1219346
1256413
1293918
1332773
1372730
1413815
1456258
1499825
1544929
1591232
1639257
1688559
1739205
1791161
1845287
1900791
1958170
2017311
20553
21190
21860
22453
23119
23822
24536
25289
26059
26850
27654
28524
29311
30151
31047
32007
32961
33984
35040
36088
37171
38309
39521
40743
41968
43238
44515
45850
47293
48727
50210
51703
53234
54864
56535
58232
60004
61884
63799
65781
67705
69813
71873
74119
76419
78736
81025
83457
85912
88486
91095
93945
96762
99778
102898
105975
109105
112415
115817
119359
122968
126795
130673
134562
138562
142771
147284
151837
156427
161258
166105
171184
176343
181685
187243
192874
198785
204839
211075
217497
224100
231052
238044
245303
252706
260388
268271
276465
284896
293435
302315
311628
321060
330871
340953
351538
362282
373347
384619
396382
408434
420684
433533
446747
460524
474321
488896
503715
519010
534786
551057
567969
585201
603008
621400
640558
660334
680372
701388
722822
744986
767944
791552
815556
840617
866413
893125
920424
948828
977810
1007710
1039007
1071169
1103968
1137764
1172426
1208297
1245617
1283992
1323372
1363994
1405801
1449173
1493695
1539403
1586664
1635422
1685626
1737282
1790792
1845712
1902028
1960310
2020683
20604
21219
21862
22521
23179
23903
24606
25363
26152
27001
27844
28681
29587
30517
31456
32394
33424
34469
35534
36647
37778
38889
40100
41320
42563
43909
45238
46647
48067
49624
51143
52728
54319
56011
57697
59363
61205
63069
64967
67016
69172
71205
73367
75675
78017
80321
82777
85336
87992
90662
93452
96388
99324
102396
105528
108878
112284
115794
119377
123218
126918
130862
134890
138986
143227
147685
152212
156942
161859
166927
172196
177452
182976
188660
194443
200470
206791
213175
219877
226669
233763
241020
248558
256188
264223
272356
280836
289461
298575
307813
317331
327220
337309
347736
358458
369618
381089
393049
405227
417907
430883
444130
458002
472464
487199
502352
517793
533999
550620
567672
585375
603690
622668
642159
662662
683528
705010
726900
749816
773200
797586
822555
848101
874701
901914
930155
959178
989304
1020072
1051935
1084804
1118702
1153525
1189551
1226431
1264797
1304397
1345205
1387351
1430586
1475586
1521693
1569218
1618591
1669204
1721025
1774990
1830347
1888246
1947701
2008927
20689
21313
21999
22724
23415
24134
24922
25673
26478
27294
28169
29097
30048
31024
32019
33002
34014
35103
36152
37316
38453
39711
40959
42205
43556
44912
46365
47878
49397
50926
52509
54199
55856
57598
59375
61289
63111
65110
67137
69233
71385
73582
75962
78243
80695
83176
85812
88513
91319
94179
97149
100161
103252
106517
109873
113391
116936
120560
124442
128318
132395
136585
140933
145407
150027
154706
159543
164510
169778
175097
180649
186256
192132
198307
204550
211148
217704
224634
231588
238793
246231
254026
262113
270492
278869
287840
296720
306124
315638
325513
335680
346323
357309
368631
380300
392413
404958
417718
431101
444947
459164
473736
488569
504083
520265
536529
553434
570809
589010
607490
626554
646368
666971
688018
709686
732595
755691
779808
804623
830014
856380
883620
911598
940259
970305
1001298
1032889
1065407
1098947
1133583
1169787
1206786
1244966
1284085
1324804
1366759
1410060
1454575
1500734
1548487
1597526
1648310
1700436
1754246
1809481
1866946
1926299
1986880
2049838
20935
21617
22277
22998
23756
24523
25282
26092
26922
27755
28677
29521
30402
31414
32390
33386
34477
35561
36751
37892
39111
40339
41672
42985
44434
45819
47262
48764
50295
51906
53536
55259
57040
58852
60794
62775
64708
66809
68967
71163
73415
75790
78255
80703
83315
85935
88634
91435
94329
97297
100370
103608
106950
110277
113794
117347
121016
124808
128836
132918
137135
141605
146160
150818
155670
160649
165737
171047
176556
182198
188106
193962
200115
206425
212929
219693
226751
233902
241400
249180
257167
265291
273797
282550
291476
300790
310317
320137
330391
340934
351882
363051
374668
386636
398856
411600
424753
438135
452153
466420
481347
496803
512688
529038
545867
563209
581144
599610
618760
638468
658714
679839
701507
723910
747002
770819
795102
820494
846679
873675
901492
930405
960050
990692
1022271
1054986
1088664
1123096
1158551
1195528
1233747
1273382
1314205
1356489
1399647
1444472
1490017
1537496
1586866
1637471
1689661
1743549
1799127
1856173
1916156
1977162
2040547
21273
22022
22700
23437
24221
24915
25724
26537
27431
28342
29273
30207
31106
32082
33080
34184
35251
36377
37540
38728
39964
41213
42568
43888
45318
46760
48190
49774
51385
53054
54740
56442
58301
60101
62040
64023
66151
68355
70533
72769
75135
77527
79940
82462
85085
87807
90639
93525
96586
99669
102939
106306
109672
113099
116721
120488
124357
128367
132491
136787
141119
145608
150234
155112
160102
165244
170544
176073
181847
187666
193649
199800
206183
212992
219751
226771
233987
241447
249148
257336
265507
274208
282982
292016
301377
311162
321097
331427
342151
353018
364444
376283
388422
400949
413693
426905
440442
454574
469082
484048
499465
515468
531941
549089
566835
585176
604100
623582
643484
664067
685351
707445
730081
753450
777996
803101
828861
855430
883144
911206
940601
970892
1002170
1034318
1067578
1101578
1137065
1173472
1211036
1249883
1290121
1331496
1374654
1418652
1464458
1511683
1560409
1610596
1662315
1715950
1771030
1828101
1887067
1947751
2010793
20850
21515
22196
22906
23629
24377
25180
26010
26805
27707
28594
29495
30476
31486
32493
33566
34642
35764
36936
38156
39365
40683
41951
43307
44691
46160
47605
49137
50751
52432
54099
55867
57738
59556
61471
63384
65476
67658
69897
72230
74502
76964
79391
81968
84628
87395
90158
93083
96091
99255
102429
105651
109099
112606
116146
119959
123817
127864
132029
136197
140504
145049
149708
154575
159694
164751
170063
175487
181137
187035
193107
199246
205717
212350
219075
226121
233514
241240
248974
257161
265532
274081
282709
291803
301305
311210
321085
331476
342131
353054
364073
375732
387826
400083
413051
426348
440198
454255
468970
483821
499490
515522
532051
549146
566901
585066
604018
623335
643315
663961
685549
707771
730601
754034
778302
803616
829444
856022
883916
912452
941938
972256
1003834
1036216
1069666
1104137
1139781
1176601
1214796
1253937
1294362
1336049
1379477
1423755
1469135
1516661
1565224
1616242
1668268
1722041
1777914
1835498
1894686
1955757
2019166
20840
21500
22203
22875
23648
24449
25272
26119
26951
27773
28691
29585
30589
31537
32542
33570
34717
35828
37004
38175
39338
40545
41817
43211
44664
46091
47586
49168
50791
52437
54136
55951
57743
59620
61556
63504
65587
67708
69925
72160
74512
76933
79377
81993
84664
87381
90202
93046
96074
99241
102462
105746
109125
112633
116245
119935
123849
127876
131995
136284
140628
145185
149814
154558
159496
164820
170074
175547
181237
186951
192967
199245
205631
212113
218945
225881
233270
240970
248669
256748
265024
273592
282317
291476
300765
310467
320446
330781
341525
352568
363954
375809
387963
400483
413440
426965
440798
455063
469925
484901
500607
516690
533514
550547
568555
586887
605911
625615
645803
666611
688106
710313
732987
757045
781594
806939
832948
859691
887343
915892
945343
975920
1007500
1039789
1073357
1108033
1143950
1180834
1219001
1258266
1299091
1341277
1384880
1429908
1475941
1523613
1572725
1623558
1676042
1729947
1786399
1843771
1902989
1964752
2028279
21159
21912
22647
23378
24156
24935
25720
26550
27410
28328
29239
30176
31143
32157
33224
34319
35465
36584
37806
39043
40336
41586
42955
44339
45830
47340
48849
50418
52100
53742
55510
57180
59061
60974
63001
65049
67149
69356
71561
73915
76373
78740
81360
84037
86695
89435
92312
95326
98334
101399
104699
108160
111701
115199
118987
122938
126930
131007
135318
139777
144342
148958
153752
158765
163823
169199
174671
180326
186167
192250
198458
204989
211491
218381
225430
232726
240246
248100
256305
264622
273279
282099
291163
300519
310225
320299
330817
341602
352632
363901
375662
387814
400377
413286
426720
440542
454750
469278
484387
499923
516152
533040
550217
568057
586496
605596
625100
645495
666447
688010
710374
733558
757264
781544
806806
832866
859856
887847
916814
946426
976898
1008991
1041678
1075238
1109642
1145542
1182837
1221156
1260470
1301443
1343539
1387011
1432051
1478327
1526387
1575903
1627114
1679623
1734138
1790279
1847791
1907437
1969085
2033048
20894
21555
22212
22926
23600
24340
25166
25916
26719
27569
28483
29361
30350
31323
32309
33331
34378
35473
36637
37863
39056
40318
41634
42963
44292
45735
47306
48813
50419
52064
53825
55591
57375
59226
61185
63213
65251
67369
69545
71825
74154
76554
79071
81654
84238
86934
89810
92702
95622
98716
101973
105198
108593
112154
115738
119533
123491
127485
131594
135953
140339
144796
149514
154440
159424
164598
169885
175463
181138
186934
192964
199297
205935
212485
219428
226454
233749
241402
249135
257308
265736
274264
283058
292113
301755
311580
321673
332155
342875
354002
365700
377443
389582
402313
415399
428881
442646
456946
471786
486894
502610
518828
535421
552691
570611
588987
608140
627850
648275
669384
691261
713461
736267
760057
784838
810211
836531
863801
891931
920890
950675
981295
1012801
1045729
1079668
1114836
1151011
1188474
1227074
1266736
1307958
1350398
1394413
1440007
1486436
1534801
1584574
1636586
1689819
1744750
1801390
1859560
1919872
1982222
2046490
21434
22118
22846
23599
24356
25127
25917
26713
27599
28511
29515
30490
31511
32508
33545
34630
35711
36868
38109
39341
40626
41913
43261
44664
46185
47713
49287
50907
52595
54343
56098
57890
59750
61717
63681
65729
67873
69966
72196
74481
76957
79382
81961
84567
87267
90053
92965
96044
99178
102403
105769
109132
112699
116376
120145
124005
128042
132253
136557
140971
145476
150109
155031
159938
165164
170584
176222
182057
188050
194171
200547
207119
213868
220773
227962
235411
243112
250942
259090
267377
276062
285116
294179
303804
313581
323845
334068
344907
356210
367746
379572
391775
404396
417491
431226
445176
459640
474521
490044
505996
522369
539355
556958
575070
593805
612772
632610
653342
674511
696588
719202
742396
766660
791269
817155
843798
871410
899550
928823
958828
990077
1022327
1055405
1089513
1124380
1160942
1198440
1237098
1276976
1318572
1361613
1405856
1451290
1498084
1546936
1597484
1649345
1703476
1758649
1815578
1874465
1935084
1997474
2062306
21289
21925
22605
23359
24124
24896
25691
26491
27385
28283
29218
30137
31110
32083
33157
34261
35309
36508
37679
38918
40163
41437
42754
44186
45673
47119
48628
50208
51837
53509
55266
57057
58928
60893
62933
65016
67144
69316
71466
73770
76187
78683
81274
83926
86772
89607
92589
95542
98660
101816
105052
108456
112013
115683
119476
123436
127461
131576
135871
140309
144896
149548
154452
159515
164648
169904
175479
181114
186926
193113
199423
205927
212492
219177
226282
233656
241282
249049
257039
265302
273775
282783
291886
301459
311181
321450
331780
342564
353774
365210
377000
389171
401658
414493
427890
441851
456134
470907
486392
502129
518248
535153
552476
570343
588842
608182
627707
648389
669433
691025
713392
736288
760281
784988
810509
836647
863531
891692
920770
950772
981685
1013202
1046293
1080324
1115431
1151609
1189085
1227792
1267766
1308920
1351158
1395128
1440958
1487376
1535610
1585408
1636133
1689008
1743866
1800460
1858672
1918916
1981408
2045770
21033
21709
22431
23100
23852
24663
25443
26268
27097
28006
28933
29871
30840
31875
32884
33984
35068
36213
37402
38605
39887
41207
42525
43889
45308
46779
48271
49843
51488
53227
54955
56774
58620
60448
62413
64357
66414
68563
70789
73071
75427
77882
80485
83098
85847
88681
91558
94546
97678
100932
104230
107581
111042
114627
118394
122244
126232
130274
134371
138792
143311
147877
152777
157696
162886
168205
173698
179279
185130
191170
197449
203711
210301
217220
224127
231409
239067
246904
255011
263278
271937
280742
289970
299360
308983
319173
329635
340388
351543
362768
374508
386491
399114
411974
425491
439227
453589
468304
483309
499144
515364
532003
549270
567050
585810
604823
624428
644627
665739
687355
709653
732591
756427
781189
806159
832137
859214
887050
916013
945794
976376
1008088
1040924
1074607
1109181
1145041
1181988
1220338
1259912
1300827
1342930
1386744
1431759
1478506
1526132
1575620
1627253
1679927
1734672
1790349
1848617
1908757
1970514
2034513
20974
21668
22409
23165
23956
24760
25554
26423
27258
28119
29037
29947
30941
31916
32938
34035
35146
36242
37357
38544
39785
41094
42400
43799
45172
46660
48168
49731
51438
53124
54791
56471
58265
60149
62172
64224
66336
68551
70770
73084
75525
77939
80461
83068
85754
88507
91394
94392
97448
100603
103897
107221
110710
114370
118157
121983
125987
129926
134076
138318
142819
147456
152169
157107
162150
167375
172864
178489
184196
190250
196456
202719
209267
215928
223047
230135
237542
245449
253436
261637
269999
278820
287990
297465
307178
317179
327416
337952
348915
360143
371613
383841
396148
408981
422371
436047
450137
464847
479706
495372
511502
527942
544913
562641
580879
599822
619482
639677
660364
681907
704131
726971
750502
774933
799867
825507
852236
879684
908111
937351
967959
999506
1031923
1065409
1100005
1136018
1173107
1211255
1250490
1291036
1332845
1376027
1420759
1467000
1514718
1563845
1614525
1667080
1721452
1777276
1835087
1894896
1956212
2019859
20799
21466
22187
22867
23662
24443
25259
26085
26974
27889
28783
29738
30668
31654
32685
33768
34821
35983
37118
38318
39549
40789
42121
43450
44847
46364
47899
49458
51074
52767
54493
56247
58099
60014
61972
63974
66042
68229
70451
72690
74993
77383
79859
82488
85128
87904
90727
93686
96752
99865
103032
106441
110005
113695
117338
121182
125082
129151
133272
137579
142105
146858
151604
156504
161632
166887
172343
177915
183722
189589
195683
201953
208525
215320
222277
229479
236883
244484
252177
260352
268648
277385
286342
295493
305044
314897
325021
335428
346377
357620
369258
381351
393742
406347
419474
432951
447048
461535
476431
491750
507647
524085
541114
558208
576485
595195
614171
633806
654443
675609
697361
719987
743443
767524
792459
817978
844724
871949
900364
929570
959699
990862
1023035
1056261
1090526
1126052
1162484
1200471
1239507
1279911
1321366
1364216
1408208
1454001
1501211
1549751
1599917
1651932
1705494
1761359
1818364
1877329
1938571
2001641
20851
21549
22228
22961
23678
24454
25190
25950
26781
27678
28627
29575
30524
31475
32519
33628
34725
35880
37007
38177
39436
40711
42023
43375
44802
46209
47710
49251
50797
52395
54103
55888
57656
59532
61380
63339
65398
67465
69645
71956
74275
76660
79139
81648
84285
87083
89920
92830
95783
98803
101940
105234
108615
112141
115858
119578
123439
127541
131824
136140
140504
145126
149825
154595
159672
164831
170202
175800
181532
187415
193555
199694
206323
212981
219991
227179
234607
242173
250138
258219
266642
275392
284271
293334
302736
312677
322909
333460
344393
355661
367156
379157
391360
403940
417045
430716
444728
459055
473841
489209
505232
521896
538770
556304
574554
593377
612929
632597
653051
674313
696371
718745
742094
766010
790696
816484
843032
870432
898905
927991
958188
989317
1021256
1054461
1088577
1124271
1160696
1198180
1236927
1276707
1318182
1360723
1404850
1450289
1497393
1546437
1596814
1648394
1701713
1757120
1814543
1873651
1934004
1996760
2061193
21381
22112
22828
23567
24357
25129
25922
26718
27591
28486
29410
30356
31333
32326
33383
34442
35558
36667
37893
39124
40338
41678
42930
44278
45745
47238
48784
50429
52091
53793
55622
57445
59272
61241
63267
65256
