102436
105034
107688
110481
113228
116109
118979
122005
125097
128169
131361
134683
137977
141407
145051
148791
152503
156397
160413
164394
168556
172858
177251
181660
186166
190770
195570
200436
205525
210820
216243
221806
227484
233322
239163
245267
251491
257816
264445
271102
277931
285038
292422
299741
307462
315284
323463
331572
339923
348565
357491
366820
376131
385541
395450
405554
415843
426528
437417
448665
460067
471811
484081
496702
509348
522262
535810
549528
563554
578206
593025
608228
623851
639980
656660
673815
691112
709077
727273
746114
765274
785147
805615
826318
847886
869793
892139
915482
938942
963318
988408
1014013
1040323
1067623
1095562
1124207
1153465
1183669
1214619
1246235
1278755
1312083
1346232
1381453
1417722
1454819
1492898
1532129
1572232
1613313
1655004
1698471
1743278
1789274
1836228
1884267
1933748
1984363
2036499
21046
21626
22213
22758
23347
23948
24593
25252
25911
26646
27335
28052
28792
29490
30231
31056
31858
32715
33595
34481
35447
36354
37374
38347
39370
40418
41507
42602
43702
44846
45996
47219
48437
49763
51047
52381
53772
55242
56683
58181
59705
61272
62888
64519
66214
68003
69807
71691
73573
75530
77534
79617
81739
83905
86159
88506
90896
93395
95837
98412
101038
103669
106464
109347
112321
115277
118416
121452
124782
128115
131515
135056
138690
142332
146183
150151
154171
158220
162443
166980
171456
176059
180841
185694
190705
195889
201124
206669
212320
218000
223920
229911
236136
242602
249236
256004
262936
270065
277250
284678
292220
300131
308194
316537
325086
333968
343107
352407
361966
371869
381857
392330
403017
413897
424918
436508
448300
460543
473310
486478
499831
513440
527513
542123
557037
572350
588144
604059
620482
637580
655049
673019
691245
710078
729448
749337
769919
791090
812797
835313
858208
881501
905434
930279
955741
981848
1008876
1036725
1064904
1094057
1124277
1155220
1186823
1219677
1252927
1287618
1322941
1359297
1396906
1435513
1474990
1515916
1558005
1600952
1645454
1690683
1737233
1785399
1834765
1885723
1937947
1991729
2046403
20946
21515
22102
22695
23291
23941
24635
25337
26077
26794
27565
28337
29182
30015
30833
31693
32549
33466
34377
35295
36337
37357
38381
39503
40544
41658
42782
43939
45165
46424
47770
49122
50507
51953
53384
54867
56392
57901
59439
61130
62783
64544
66315
68161
70106
72165
74218
76312
78462
80672
82968
85303
87701
90144
92660
95395
98093
100827
103561
106405
109281
112337
115469
118690
122098
125572
129189
132769
136601
140529
144483
148433
152615
157057
161421
165997
170719
175520
180418
185497
190867
196282
201873
207527
213227
219123
225231
231657
238175
244909
252060
259118
266565
274134
281864
289826
298172
306606
315221
324076
333307
342881
352576
362442
372803
383362
394142
405339
416822
428673
440683
453325
466118
479251
493038
507139
521410
536188
551510
567012
583073
599839
616782
634353
652345
670721
689663
709519
729653
750448
771945
793791
816459
839638
863738
888495
913953
939746
966435
993730
1021998
1051174
1081301
1111953
1143824
1176689
1210039
1244461
1279931
1316468
1353925
1392652
1432574
1473366
1515546
1559018
1603577
1649794
1696969
1745348
1795393
1846889
1899981
1954568
2010389
20759
21363
21955
22528
23142
23773
24473
25169
25898
26617
27430
28242
29117
29949
30796
31684
32576
33485
34449
35431
36445
37472
38537
39642
40744
41959
43220
44501
45769
47065
48410
49804
51241
52672
54260
55909
57508
59184
60879
62544
64398
66271
68164
70200
72297
74337
76442
78653
80928
83216
85617
88056
90573
93162
95837
98543
101389
104342
107324
110418
113666
117014
120423
124012
127574
131306
135042
138878
142889
147023
151343
155780
160320
164923
169626
174493
179475
184639
190011
195566
201183
206957
213047
219214
225513
232140
238842
245913
253176
260587
268220
276000
283929
292100
300625
309341
318308
327547
336978
346733
356896
367189
378021
389006
400311
411986
424002
436416
448984
461817
475339
489376
503435
517985
533098
548782
564575
581202
598095
615676
633713
652144
671403
691033
711366
732258
753791
775841
798243
821447
845480
870169
895526
921791
948853
976520
1005062
1034450
1064728
1095779
1127602
1160431
1194783
1229926
1266025
1302944
1340992
1380223
1420334
1462065
1504944
1549125
1594579
1641140
1688925
1738412
1789550
1842372
1896545
1952260
2009646
20728
21352
21992
22621
23298
23961
24630
25362
26029
26798
27623
28396
29233
30143
31041
31942
32889
33854
34817
35875
36967
38060
39154
40276
41491
42729
43971
45294
46580
48004
49404
50841
52325
53896
55502
57142
58753
60426
62250
64080
65999
67975
69975
72049
74248
76496
78745
81121
83563
86017
88655
91329
94065
96870
99799
102805
105831
108950
112205
115564
118956
122466
126031
129820
133777
137781
141863
146060
150444
154953
159510
164076
169081
174076
179255
184675
190101
195791
201773
207791
214005
220282
226836
233556
240518
247632
254963
262582
270392
278332
286701
295177
303942
313023
322250
331733
341561
351800
362416
373186
384305
395681
407496
419515
432062
444822
458253
471931
485874
500428
515395
530717
546757
563175
580014
597342
615368
633486
652441
672279
692453
713067
734581
756654
779177
802724
826659
851593
877279
903452
930788
958877
987807
1017706
1048138
1079549
1112142
1145506
1179919
1215255
1251679
1289167
1328240
1367967
1409318
1451909
1495387
1540547
1586716
1634901
1684056
1734627
1786642
1839808
1895279
1952260
2011095
20868
21521
22187
22852
23576
24300
25057
25807
26581
27378
28234
29102
29995
30889
31775
32704
33691
34754
35803
36928
38087
39206
40440
41622
42862
44116
45543
46945
48406
49910
51402
52934
54482
56169
57844
59604
61397
63247
65125
67083
69200
71281
73423
75624
77983
80408
82916
85398
88008
90644
93449
96252
99212
102213
105252
108389
111648
115008
118502
122143
125801
129584
133482
137477
141755
146016
150399
154942
159707
164606
169686
174792
180135
185657
191319
197196
203320
209480
215825
222335
229018
236017
243172
250596
258116
265942
274074
282563
291291
300230
309425
318775
328675
338814
349157
359933
370757
381921
393634
405640
417846
430754
443780
457252
471249
485734
500771
515964
532024
548314
565119
582440
600341
618626
637568
657186
677212
698202
719492
741288
764196
787572
811584
836643
862463
888968
915964
944065
973111
1002840
1033947
1065929
1098612
1132288
1167170
1203310
1239886
1278112
1317153
1357368
1398575
1441486
1485684
1531733
1578478
1627255
1677300
1728967
1782251
1837016
1893576
1952333
2012366
20568
21196
21808
22477
23136
23853
24634
25376
26165
26948
27830
28611
29531
30520
31408
32399
33401
34446
35445
36571
37643
38809
40070
41263
42554
43818
45140
46589
48043
49546
51064
52657
54262
55983
57713
59518
61325
63294
65264
67252
69257
71336
73640
75898
78318
80685
83255
85774
88542
91294
94114
96999
100033
103198
106418
109758
113291
116848
120506
124257
128158
132046
136232
140507
144982
149506
154024
158857
163773
168866
174226
179640
185331
191223
197140
203376
209595
216067
222805
229729
236830
244364
252034
259842
267832
276039
284602
293250
302374
311961
321673
331633
341943
352621
363612
374940
386672
398568
411004
423944
437170
450797
464952
479432
494487
510044
526018
542346
559413
576773
594905
613171
632312
652085
672554
693540
715059
737516
760522
784470
808947
834256
860406
887436
915242
943700
973159
1003725
1035114
1067532
1101053
1135568
1171285
1207693
1245573
1284347
1324572
1366218
1409404
1453540
1499058
1546266
1594916
1644929
1696377
1749574
1804887
1861329
1919769
1979714
2041707
21170
21839
22489
23207
23941
24754
25502
26299
27103
27974
28868
29757
30705
31696
32751
33759
34799
36000
37079
38272
39514
40713
41977
43288
44659
46103
47612
49133
50690
52315
53959
55702
57512
59358
61194
63098
65093
67101
69222
71459
73668
75912
78330
80745
83282
85784
88447
91206
94053
97037
100106
103214
106395
109749
113207
116784
120480
124207
128108
132213
136309
140695
145030
149625
154367
159213
164279
169453
174794
180257
185884
191726
197764
204052
210575
217174
224059
231170
238464
246088
253764
261898
270114
278492
287291
296230
305677
315431
325420
335583
346135
356991
368158
379881
391734
404215
417000
430092
443633
457756
472348
487496
502937
518766
535110
551755
569344
587294
605785
624919
644619
665039
685791
707321
729652
752867
776828
801502
826727
853129
879986
907740
936483
966052
996775
1028591
1061082
1094890
1129700
1165646
1202684
1240787
1280164
1320592
1362135
1405191
1449732
1495861
1543187
1592438
1642992
1694888
1748810
1804176
1861558
1920735
1981581
2044696
21048
21697
22396
23091
23845
24634
25398
26175
26959
27804
28634
29512
30442
31440
32422
33428
34527
35582
36742
37880
39012
40194
41459
42758
44102
45501
46962
48493
49963
51587
53227
54901
56658
58444
60352
62293
64170
66239
68418
70636
72913
75236
77663
80139
82695
85421
88148
91025
93882
96821
99913
103098
106411
109767
113231
116928
120642
124570
128561
132671
136873
141189
145710
150234
155017
160020
165062
170228
175698
181209
186870
192894
199061
205392
211800
218456
225456
232752
240100
247762
255544
263540
271937
280813
289843
299031
308575
318481
328733
339275
350267
361429
372886
384640
396952
409481
422652
436123
450082
464336
479437
494665
510624
526941
543743
560984
578865
597431
616396
636109
656168
677020
698668
720878
743715
767431
791773
816880
842975
869937
898016
926525
955918
986048
1017486
1049825
1083570
1118301
1153803
1190514
1228815
1267971
1308608
1350213
1393888
1438331
1484480
1531626
1580650
1631042
1683056
1736900
1792312
1849461
1908617
1969896
2033179
21112
21808
22496
23191
23941
24697
25474
26329
27203
28072
28979
29910
30826
31810
32808
33867
34999
36154
37307
38502
39736
40928
42257
43662
45055
46531
47953
49492
51096
52777
54454
56269
58049
59881
61778
63718
65794
67948
70152
72555
74865
77266
79717
82293
84902
87552
90251
93105
96137
99100
102295
105493
108875
112367
115897
119594
123357
127323
131346
135622
139997
144507
149093
153827
158739
163916
169150
174513
180118
185800
191689
197900
204252
210746
217669
224602
231815
239172
246714
254677
262903
271468
280300
289206
298419
307940
317814
328173
338740
349468
360785
372370
384424
396742
409514
422497
435955
449743
464269
479243
494586
510298
526772
543645
561199
579309
597681
616874
636660
657085
678248
700244
722650
745796
769924
794697
820412
846861
874229
902232
931047
960878
991946
1023931
1056857
1091054
1126066
1162155
1199430
1238144
1278015
1319285
1361804
1406158
1451237
1498493
1546614
1596615
1647887
1700652
1755273
1812144
1870269
1930487
1992390
2056509
21317
22017
22715
23406
24173
24948
25793
26603
27503
28340
29219
30139
31125
32104
33165
34236
35332
36497
37623
38818
40057
41403
42759
44083
45452
46873
48377
49889
51482
53195
54813
56537
58344
60133
62129
64162
66223
68279
70383
72603
74963
77405
79807
82297
84984
87731
90552
93369
96443
99559
102799
106053
109530
113033
116656
120385
124213
128187
132223
136432
140929
145459
150285
155213
160172
165314
170670
176164
181853
187602
193640
199725
206133
212729
219573
226619
233960
241479
249122
257146
265202
273763
282657
291820
301330
311185
321198
331568
342445
353315
364601
376402
388636
401254
414129
427352
441184
455442
470109
485380
500886
516765
533323
550579
568493
586768
605579
625326
645834
666473
687843
710144
732826
756598
780668
805786
831569
858493
886184
914536
944247
974928
1006563
1039097
1072500
1107064
1142538
1179511
1217212
1256754
1297166
1338842
1382085
1426484
1472160
1519995
1568846
1619751
1672027
1726001
1781522
1838796
1897973
1959430
2022625
20890
21550
22295
22996
23672
24426
25181
26029
26834
27660
28530
29509
30452
31430
32434
33424
34460
35590
36724
37844
39035
40341
41710
43077
44482
45886
47315
48867
50418
52014
53659
55379
57169
58995
60958
62963
65043
67093
69275
71593
73874
76271
78739
81323
83942
86673
89471
92427
95465
98476
101650
104867
108224
111595
115178
118826
122558
126501
130615
134855
139123
143643
148247
153080
158101
163293
168457
173821
179508
185501
191449
197655
204139
210626
217389
224364
231562
239061
246837
254836
263064
271645
280292
289329
298518
308194
318201
328617
339282
350190
361746
373396
385362
397836
410356
423666
437369
451547
466003
481152
496833
513006
529561
546686
564393
582435
601190
620664
640832
661585
683250
705223
727962
751221
775453
800463
826469
853058
880718
909274
938558
968686
1000002
1032223
1065727
1100149
1136004
1172480
1210193
1249147
1289584
1331314
1374376
1418646
1464819
1512553
1561615
1612217
1664332
1717935
1773524
1830823
1889699
1950586
2013837
20866
21579
22246
22939
23669
24443
25224
26067
26918
27753
28582
29501
30460
31447
32460
33520
34597
35744
36918
38088
39303
40643
41909
43278
44604
46093
47598
49134
50728
52392
54082
55875
57693
59520
61448
63456
65559
67694
69915
72251
74687
77115
79623
82139
84779
87406
90284
93269
96364
99543
102708
106101
109575
113112
116748
120655
124548
128555
132717
137041
141474
146014
150772
155609
160631
165739
171137
176601
182293
188170
194179
200388
206779
213457
220443
227592
234960
242608
250467
258465
266896
275470
284352
293523
302994
312916
323161
333556
344391
355365
366816
378961
390983
403762
416999
430456
444295
458688
473866
489379
505192
521613
538521
556237
574385
593085
612255
632073
652645
673937
696008
718156
741629
765524
790368
815924
842402
869534
897629
926621
956634
987319
1019305
1052158
1086008
1121076
1157590
1195138
1233744
1273896
1315172
1357803
1402142
1447640
1494501
1542750
1592829
1644648
1697938
1752727
1808977
1867640
1928017
1990532
2055147
21190
21877
22606
23344
24058
24814
25603
26401
27263
28151
29050
29966
30932
31905
32972
34031
35133
36240
37407
38611
39888
41200
42500
43891
45356
46827
48365
49899
51511
53182
54879
56626
58507
60413
62369
64360
66496
68691
70870
73197
75605
77994
80549
83151
85794
88520
91313
94249
97197
100322
103571
106907
110419
113996
117715
121529
125559
129655
133763
138018
142457
147052
151899
156796
161830
167084
172528
178194
184054
190001
196184
202511
209002
215829
222748
229897
237455
245340
253253
261569
270138
278989
287910
297254
306773
316851
327111
337692
348817
360129
371708
383577
396113
408802
422089
435961
450074
464519
479471
494972
511273
527753
544902
562537
580757
599534
619156
639210
659918
681258
703335
726145
749493
773690
798806
824576
851178
878823
907282
936481
967148
998371
1030742
1063940
1098506
1134288
1171033
1208669
1247819
1288265
1330211
1373252
1417303
1462832
1510351
1559235
1609970
1661860
1715584
1771260
1828466
1887212
1948110
2010822
20755
21440
22116
22845
23558
24302
25054
25856
26649
27517
28400
29345
30303
31329
32315
33333
34331
35443
36569
37751
38993
40256
41618
42955
44315
45738
47211
48770
50352
51961
53693
55413
57284
59137
60976
62986
64993
67022
69123
71348
73714
76070
78534
81016
83684
86332
89059
92038
95001
98084
101278
104490
107906
111440
115036
118773
122712
126658
130777
135113
139474
143878
148510
153392
158303
163464
168734
174219
179855
185709
191762
197979
204493
211111
217900
225056
232442
239947
247736
255775
264090
272485
281392
290515
299996
309634
319441
329730
340555
351592
362947
374714
386917
399453
412430
425639
439684
454038
468759
483947
499602
515779
532477
549747
567690
586085
605094
624738
645022
665796
687475
709730
732732
756382
780818
806178
832287
859321
887114
915746
945671
976210
1007783
1040426
1074012
1108565
1144448
1181316
1219841
1259595
1300348
1342480
1385846
1430761
1477329
1525350
1574479
1625260
1677495
1731823
1788173
1846260
1906019
1967704
2031224
20744
21404
22095
22816
23590
24330
25107
25967
26795
27678
28550
29449
30422
31366
32406
33469
34605
35721
36921
38188
39435
40713
42073
43457
44861
46315
47860
49389
51004
52634
54323
56018
57892
59798
61738
63737
65839
67935
70075
72363
74720
77052
79531
81957
84561
87276
90007
92938
95960
99079
102243
105554
109068
112570
116186
120007
123814
127831
131956
136272
140714
145229
149933
154817
159744
164945
170250
175814
181306
187234
193238
199458
205989
212632
219560
226656
233871
241505
249360
257556
265880
274389
283368
292721
302210
312087
322161
332756
343701
354823
366416
378309
390632
403203
416226
429829
443606
457980
472790
488268
504048
520470
537467
554836
572914
591419
610381
630264
650639
671652
693341
715901
739213
763160
788102
813619
839909
866917
895054
923973
954227
985274
1017075
1050065
1083949
1119209
1155593
1193198
1231934
1271910
1313133
1355925
1399954
1445439
1492315
1540870
1591046
1642747
1695756
1750544
1807131
1865670
1926373
1988447
2052809
21209
21915
22626
23347
24093
24883
25652
26470
27294
28174
29046
29988
30966
32000
33000
34092
35216
36337
37523
38668
39889
41202
42456
43892
45297
46749
48349
49949
51633
53298
55032
56793
58649
60542
62456
64566
66640
68753
70971
73273
75671
78053
80538
83170
85977
88699
91571
94553
97629
100839
104045
107508
110931
114520
118187
121958
125927
130073
134247
138582
143028
147553
152345
157170
162262
167458
172878
178434
184202
190177
196427
202784
209305
216059
222885
230160
237641
245366
253283
261496
270024
278692
287738
297087
306707
316653
326825
337381
348355
359673
371184
383325
395892
408833
422215
435715
449871
464551
479576
495149
511165
527681
544616
562132
580522
599266
618546
638741
659292
680727
702879
725748
749260
773374
798363
824209
850577
878166
906564
935697
965977
997372
1029659
1062994
1097485
1132889
1169528
1207443
1246570
1286895
1328842
1372025
1416588
1462618
1509947
1559058
1609900
1662168
1715529
1771576
1829232
1888482
1950240
2013103
20920
21581
22245
22970
23759
24497
25319
26087
26958
27827
28714
29656
30568
31516
32552
33579
34718
35844
36999
38266
39438
40719
42068
43433
44872
46278
47800
49311
50902
52469
54210
55966
57808
59656
61590
63565
65763
67909
70094
72388
74748
77139
79635
82251
84807
87537
90383
93259
96364
99546
102775
106127
109504
113035
116742
120471
124392
128453
132624
136980
141365
145900
150507
155470
160548
165842
171229
176798
182535
188584
194707
201134
207643
214350
221282
228476
235790
243577
251589
259704
268131
277014
286132
295469
305034
315033
325141
335843
346571
357832
369361
381372
393799
406517
419604
433189
447088
461442
476304
491712
507930
524214
541113
558841
577047
596184
615409
635306
655700
676978
699090
721573
744729
768689
793378
819050
845515
873159
901577
930700
961091
992237
1024716
1057819
1092198
1127630
1164463
1201966
1240515
1280929
1322462
1364797
1408901
1454269
1501955
1551001
1601482
1653116
1706975
1762195
1819143
1878086
1938829
2001449
20740
21425
22158
22891
23655
24405
25220
26080
26927
27837
28742
29686
30608
31600
32565
33631
34728
35782
36933
38156
39358
40682
41957
43353
44796
46220
47720
49241
50861
52615
54318
56059
57879
59729
61671
63649
65789
67917
70126
72347
74690
77168
79643
82283
84970
87647
90468
93512
96645
99747
102969
106372
109805
113379
117085
120793
124792
128809
132994
137270
141653
146137
150949
155861
160918
166097
171484
177134
182781
188728
194804
201119
207688
214323
221277
228518
235817
243466
251286
259382
267813
276324
285419
294639
304166
313990
324307
334896
345918
356904
368387
380308
392640
405423
418601
432188
445977
460272
475209
490558
506483
522877
539884
557509
575762
594475
613662
633403
653528
674650
696403
719118
742582
766921
792268
817790
844291
871634
899759
929011
959155
990125
1022069
1054791
1089302
1124746
1161132
1198640
1237587
1277609
1319053
1362131
1405956
1451746
1498883
1547426
1597421
1649474
1703168
1758128
1815499
1874908
1935662
1998477
2063798
21405
22098
22809
23525
24289
25089
25942
26790
27708
28592
29497
30483
31473
32493
33545
34672
35776
37001
38251
39515
40746
42136
43537
44940
46429
47984
49553
51165
52834
54520
56300
58123
60019
62007
64015
66067
68189
70488
72848
75253
77695
80199
82863
85651
88433
91226
94300
97324
100592
103960
107405
110900
114537
118222
122082
126005
130154
134422
138878
143498
148202
153065
158025
163175
168607
174014
179650
185594
191647
197861
204189
210951
217827
224829
232227
239744
247559
255660
264009
272663
281670
290908
300347
309942
320053
330403
341246
352168
363371
375306
387523
400075
413021
426505
440314
454587
469128
484267
499886
515951
532826
550094
567964
586393
605391
625034
645340
666326
688193
710456
733267
757035
781548
807110
832992
860348
888140
917182
947151
977760
1009823
1042685
1076586
1111500
1147225
1184417
1223080
1262851
1303943
1346080
1389601
1434268
1480472
1528661
1578529
1629763
1682786
1737440
1793940
1852492
1912445
1974475
2038216
21158
21827
22528
23251
24017
24825
25636
26511
27410
28290
29229
30197
31179
32207
33246
34343
35460
36645
37854
39126
40403
41686
43098
44439
45872
47344
48885
50506
52187
53891
55715
57477
59380
61285
63285
