102783
105481
108312
111220
114175
117267
120496
123669
126995
130393
133882
137464
141175
145033
148917
152949
157006
161213
165480
169894
174536
179240
184036
189098
194171
199400
204775
210257
215873
221637
227646
233802
240088
246584
253259
260007
267159
274353
281655
289287
297113
305211
313468
322026
330666
339665
348716
358091
367819
377629
387886
398499
409210
420180
431606
443388
455588
468049
480630
493655
507267
520965
535133
549826
564810
580069
595833
612314
628883
645894
663722
681851
700468
719497
739215
759699
780452
802114
823964
846498
869632
893433
918026
943348
969570
996285
1023785
1052171
1081284
1111258
1141998
1173338
1205486
1238881
1272832
1308089
1344209
1381448
1419402
1458809
1499737
1541103
1583438
1627259
1672019
1718707
1766189
1815510
1865787
1917581
1971232
2026203
20896
21482
22102
22694
23293
23942
24612
25355
26051
26790
27587
28337
29146
30027
30790
31642
32577
33495
34427
35374
36302
37323
38364
39421
40514
41667
42873
44005
45253
46459
47752
49184
50612
52029
53532
55073
56574
58158
59793
61466
63162
64903
66702
68578
70502
72461
74496
76576
78768
80971
83276
85628
88018
90481
93095
95745
98468
101152
104005
106869
109876
112980
116053
119380
122822
126380
129988
133675
137501
141415
145549
149621
153847
158258
162824
167349
172142
177085
182113
187306
192706
198172
203770
209601
215599
221723
227933
234477
240966
247950
255121
262359
269848
277530
285582
293726
302223
310938
319707
328719
338329
348128
358300
368769
379416
390336
401453
412978
424810
436996
449470
462448
475778
489364
503411
517903
532887
548387
564351
580587
597239
614490
632117
650122
668822
687827
707691
727979
749063
770842
792986
816132
839479
863804
888778
914493
940933
968152
995979
1024999
1054853
1085218
1116378
1148880
1182397
1216519
1251617
1287788
1325261
1363893
1403661
1444512
1486478
1529839
1574489
1620393
1667528
1715829
1765536
1817016
1869565
1924045
1980161
2038319
20929
21557
22189
22845
23538
24235
24921
25628
26426
27213
28009
28855
29715
30577
31478
32404
33341
34340
35378
36384
37447
38481
39567
40709
41869
43056
44323
45653
46967
48344
49762
51303
52780
54310
55863
57506
59203
60887
62690
64567
66482
68489
70472
72594
74729
76863
79163
81488
83931
86410
88976
91673
94439
97350
100267
103198
106292
109345
112576
115910
119251
122789
126513
130362
134220
138316
142395
146564
151013
155540
160149
165014
169985
174954
180058
185474
190947
196633
202428
208481
214577
221029
227662
234530
241412
248603
256067
263606
271363
279382
287671
296366
305086
314243
323660
333389
343440
353699
364376
375202
386527
398045
410021
422327
435026
448284
461654
475473
489394
504024
519347
534869
550670
567299
584177
601554
619662
638277
657556
677346
697553
718570
740042
762229
784824
808099
832320
857617
883214
909762
937085
965376
994307
1024005
1054937
1086567
1119164
1153059
1187818
1223683
1260386
1298279
1337147
1377624
1419043
1461581
1505983
1551228
1598010
1645992
1695797
1746704
1799518
1854044
1910005
1967609
2027330
20617
21228
21872
22552
23220
23948
24646
25350
26105
26847
27669
28530
29472
30319
31288
32225
33233
34204
35237
36273
37425
38571
39720
40979
42239
43509
44832
46210
47602
49035
50492
51998
53638
55326
57041
58823
60609
62487
64389
66289
68299
70413
72522
74701
76956
79267
81585
84128
86768
89322
91906
94639
97569
100581
103650
106765
110053
113495
116975
120515
124106
127898
131841
135903
139971
144158
148670
153293
157940
162791
167830
172906
178245
183739
189468
195284
201147
207337
213720
220166
226951
233911
240986
248305
255868
263717
271700
280015
288623
297337
306254
315738
325427
335442
345753
356421
367392
378640
390483
402657
414952
427775
440899
454614
468518
482902
497565
512962
528530
544714
561819
579280
597180
615741
634835
654311
674400
694937
716288
738617
761732
785142
809454
834259
859896
886715
914085
942330
971428
1001424
1032022
1063944
1096723
1131118
1165962
1202045
1239012
1277482
1317025
1357723
1399726
1443134
1487681
1533817
1581075
1630290
1680896
1732978
1786940
1841708
1898793
1957484
2018319
20556
21197
21871
22541
23224
23948
24636
25332
26135
26950
27780
28706
29498
30425
31408
32344
33369
34400
35477
36629
37768
38955
40146
41422
42713
43972
45333
46763
48243
49806
51365
52957
54602
56290
58016
59870
61657
63571
65544
67586
69709
71828
74061
76348
78686
81147
83715
86346
89138
91876
94846
97785
100842
103897
107173
110503
113948
117410
121030
124775
128699
132737
136815
141103
145473
150085
154842
159847
164812
169904
175266
180726
186352
192193
198310
204412
210763
217400
224176
231110
238148
245572
253155
261310
269541
277965
286666
295574
304774
314335
324082
334202
344703
355478
366858
378350
390038
402272
415006
428267
441667
455600
469767
484392
499698
515432
531663
548332
565417
583311
601679
620444
640095
660545
681535
702895
725084
747760
771234
795526
820573
846254
873080
900530
928702
958075
987757
1019154
1051393
1084117
1118207
1153445
1189821
1227257
1265261
1304693
1345564
1388115
1431571
1476253
1522809
1570921
1620423
1671841
1724597
1778742
1834716
1892297
1952044
2013905
20725
21328
22066
22777
23503
24297
25055
25857
26678
27527
28398
29267
30230
31174
32193
33242
34303
35392
36489
37705
38872
40141
41407
42684
44013
45408
46845
48335
49872
51445
53118
54749
56535
58354
60262
62173
64111
66191
68259
70404
72649
74913
77278
79720
82232
84845
87483
90280
93120
96071
99116
102210
105473
108749
112268
115865
119505
123278
127118
131157
135310
139560
143915
148476
153230
157999
163096
168295
173457
178954
184617
190459
196630
202814
209387
216117
223005
230007
237188
244709
252361
260303
268672
277180
285879
294913
304187
313911
323832
334033
344753
355625
366834
378317
390217
402731
415479
428914
442657
456665
471020
485908
501185
517015
533516
550424
567774
586013
604624
623758
643347
663891
684846
706687
729217
752645
776654
801175
826667
852925
880027
908018
936780
966389
996837
1028651
1061529
1095260
1130044
1165945
1202988
1241087
1280680
1321590
1363581
1407219
1452078
1498277
1546119
1595421
1646313
1699353
1753986
1809670
1867624
1927338
1989244
2052288
20898
21586
22270
23001
23715
24466
25278
26083
26917
27798
28713
29613
30542
31592
32548
33603
34693
35872
37029
38164
39404
40624
41913
43282
44639
46088
47564
49032
50606
52285
54028
55752
57564
59395
61295
63221
65288
67344
69491
71714
74129
76513
78952
81584
84222
86904
89665
92601
95701
98742
101892
105146
108550
112060
115789
119470
123323
127197
131262
135484
139808
144250
148875
153594
158628
163670
168918
174337
179902
185746
191741
198001
204386
210962
217778
224652
231922
239500
247383
255364
263390
271938
280682
289746
299142
308685
318634
328846
339379
350252
361575
373307
385232
397659
410253
423456
437208
451277
465775
480721
495980
511981
528493
545543
563025
581159
599609
618999
638959
659360
680476
702320
724775
748113
772180
797222
822774
848990
876633
904702
933744
963688
994262
1026099
1059250
1093571
1128658
1164659
1202099
1240757
1280658
1321595
1364268
1408540
1454095
1501159
1549339
1599063
1650486
1703708
1758789
1815520
1874198
1934571
1996914
2061417
21208
21855
22589
23306
24046
24838
25553
26368
27232
28129
29048
29942
30881
31947
32987
34106
35207
36367
37585
38804
40010
41300
42660
44066
45478
46937
48435
49955
51611
53266
54932
56729
58562
60457
62377
64439
66503
68683
70861
73106
75519
77934
80436
83003
85649
88396
91254
94203
97281
100496
103831
107135
110541
114139
117834
121639
125606
129512
133727
138017
142576
147231
151911
156806
161899
167056
172423
178064
183969
189739
195768
201981
208468
215241
222275
229426
236792
244522
252421
260647
269142
278096
287222
296492
306107
316163
326414
336962
347836
359062
370828
382891
395221
408055
421193
434748
448713
463457
478576
493904
510082
526445
543279
560960
578974
597889
617315
637352
658094
679411
701172
723924
747485
771704
796900
822880
849626
877078
905569
934947
965215
996606
1029103
1062589
1097307
1132746
1169455
1207488
1246688
1287343
1328675
1371718
1416021
1462231
1509669
1558748
1609248
1661322
1714950
1770718
1828215
1887673
1949566
2013080
20913
21585
22285
23041
23769
24537
25338
26183
27031
27940
28868
29791
30809
31859
32922
33984
35060
36195
37363
38518
39719
40994
42314
43628
45008
46476
47974
49474
51088
52675
54407
56212
57924
59761
61723
63726
65823
67975
70152
72501
74862
77180
79660
82171
84840
87603
90442
93396
96530
99571
102829
106090
109501
113154
116862
120688
124674
128690
132746
137119
141529
146157
150891
155828
160885
165998
171539
177020
182835
188743
194758
201183
207758
214504
221498
228819
236200
243869
251931
260133
268544
277283
286141
295383
305127
314848
325098
335818
346496
357745
369339
381494
393914
406886
420103
433773
447925
462706
477824
493437
509308
525743
542803
560676
578959
597819
617275
637528
658396
679690
702100
725010
748445
772892
797991
823874
850616
878240
906884
936499
966856
998449
1030682
1064069
1098572
1134300
1170915
1209114
1248309
1289128
1331191
1374807
1419815
1466346
1513984
1562851
1614081
1666998
1721093
1777115
1834974
1894180
1956021
2019799
20945
21645
22337
23078
23853
24600
25390
26203
27085
27938
28899
29829
30809
31803
32816
33860
34952
36053
37243
38430
39606
40912
42232
43633
45036
46499
48023
49570
51188
52829
54578
56399
58208
60120
62109
64178
66238
68368
70573
72846
75216
77684
80245
82881
85520
88312
91198
94330
97440
100586
103918
107244
110848
114469
118257
122133
126101
130082
134309
138729
143299
147953
152818
157828
162973
168362
173717
179399
185232
191322
197469
203746
210477
217226
224376
231784
239352
247192
255211
263608
272119
281063
290287
299927
309778
319989
330541
341365
352477
364159
376051
388199
400853
413962
427365
441412
455943
470650
485864
501811
518180
535054
552671
570777
589562
608939
628743
649415
670690
692537
715319
738588
762526
787359
813185
839866
867260
895678
925114
955148
986382
1018992
1052071
1086018
1121371
1157802
1195563
1234401
1274520
1316047
1358784
1403465
1449538
1496881
1545610
1595962
1648300
1701994
1757363
1814823
1873766
1935035
1998119
2063620
21459
22186
22877
23599
24356
25193
26049
26865
27762
28698
29632
30627
31655
32716
33784
34902
36025
37221
38452
39706
40915
42252
43623
45043
46564
48069
49619
51265
52898
54682
56571
58354
60282
62357
64415
66595
68723
70970
73279
75638
78105
80770
83424
86091
88948
91774
94875
97865
101122
104458
107919
111476
115048
118792
122617
126648
130813
135059
139483
144004
148829
153703
158737
163908
169022
174603
180297
186207
192323
198591
205000
211588
218592
225750
233244
240838
248771
256803
265173
273772
282729
292100
301687
311461
321505
332020
342862
354141
365759
377499
389898
402557
415862
429404
443405
457990
472806
488098
504113
520839
537890
555640
573714
592230
611698
631821
652446
673840
696114
718979
742543
766751
791878
818055
844888
872525
901085
930646
961094
992320
1025000
1058349
1092903
1128585
1165606
1203972
1243270
1283927
1325899
1369527
1414480
1460462
1508195
1557609
1608598
1661228
1715616
1772129
1829929
1889540
1951496
2015473
20872
21566
22289
23018
23766
24572
25362
26231
27069
27998
28899
29838
30850
31865
32900
34016
35157
36238
37405
38570
39821
41111
42409
43855
45320
46785
48361
49996
51615
53270
55029
56825
58685
60526
62576
64562
66603
68716
71010
73359
75787
78242
80831
83500
86284
88999
91885
94954
98038
101354
104689
108119
111672
115283
119174
122980
126992
131237
135489
139902
144515
149122
153998
159101
164350
169773
175253
181069
186921
193020
199270
205700
212315
219237
226451
233780
241432
249363
257506
265867
274583
283542
292943
302613
312588
322667
333304
344227
355482
367034
379214
391658
404288
417511
431088
445327
460166
475132
490750
506834
523444
540516
558166
576424
595039
614386
634462
655302
676651
698798
721782
745537
770136
795398
821387
848134
875747
904391
934118
964743
996353
1028830
1062334
1097174
1132937
1169623
1207485
1247047
1287588
1329680
1373336
1418613
1464947
1512764
1562415
1613728
1666797
1721144
1777752
1836036
1896275
1958470
2022534
20692
21346
22002
22713
23458
24259
25045
25836
26672
27525
28396
29360
30295
31290
32338
33426
34521
35645
36884
38104
39339
40607
41947
43309
44733
46173
47705
49294
50843
52511
54186
55979
57774
59650
61688
63741
65792
67973
70228
72565
74963
77355
79931
82545
85166
87964
90846
93900
97050
100252
103582
107040
110592
114271
117975
121817
125958
130106
134379
138710
143235
148039
152901
157918
163123
168489
173905
179641
185612
191602
197901
204238
210769
217407
224544
231939
239428
247390
255537
263773
272581
281695
290894
300404
310396
320551
331227
342172
353346
364946
376974
389407
402236
415236
428869
443069
457450
472501
487903
504051
520650
537576
555169
573565
592466
612025
632356
653015
674568
696713
719402
742971
767404
792804
819013
845694
873468
902138
931970
962498
994299
1027271
1060943
1095411
1131042
1168038
1206562
1246383
1287210
1329641
1373278
1418417
1464690
1512790
1562521
1613985
1666573
1721144
1777109
1835688
1895940
1958325
2022255
20925
21595
22362
23108
23879
24643
25516
26356
27187
28048
28961
29902
30878
31943
33005
34064
35160
36311
37502
38707
39992
41308
42663
44035
45468
46997
48559
50100
51720
53340
55099
56873
58743
60577
62544
64520
66599
68760
70963
73342
75749
78269
80775
83391
86146
88957
91932
94875
97982
101303
104658
108171
111628
115287
119094
123021
127045
131217
135597
140150
144769
149538
154494
159513
164767
170148
175757
181623
187565
193598
199844
206295
213136
220182
227386
234848
242443
250344
258367
266894
275783
284784
294082
303904
313886
324294
335084
346009
357498
369141
381446
393946
406948
420070
433993
448239
462998
478170
493823
510069
526911
544130
561606
579955
599065
618656
638967
660136
681925
704507
727563
751227
775884
801390
827538
854910
883026
911893
941826
972871
1004969
1037734
1071919
1107293
1143739
1181303
1220006
1260028
1301193
1343909
1388110
1433846
1480880
1529303
1579436
1631348
1684995
1740218
1797640
1856601
1917447
1980777
2045430
21076
21775
22461
23153
23945
24771
25589
26417
27300
28245
29199
30187
31226
32251
33262
34328
35448
36587
37706
38888
40185
41579
42980
44376
45822
47389
48888
50460
52096
53801
55578
57365
59268
61226
63270
65333
67452
69665
71982
74274
76680
79266
81834
84497
87247
90232
93185
96170
99456
102729
106122
109585
113215
116914
120807
124779
128992
133065
137360
141967
146738
151533
156542
161784
167078
172497
178287
183995
189950
196171
202597
209256
216162
223264
230691
238318
246177
254286
262549
271161
279985
289302
298806
308611
318721
329187
339843
350951
362393
374391
386746
399561
412826
426123
439869
454218
469334
484723
500750
517348
534012
551551
569715
588239
607266
627157
647676
669186
691311
714022
737471
761642
786734
812452
839250
866848
895029
924546
954845
986185
1018298
1051524
1086103
1121775
1158818
1197116
1236708
1277782
1319508
1362773
1407423
1453932
1501919
1551441
1602630
1655319
1709854
1765772
1823515
1883618
1945932
2009883
20679
21378
22123
22844
23646
24404
25186
26022
26943
27809
28694
29666
30646
31679
32717
33751
34819
35927
37114
38287
39592
40882
42244
43643
45044
46549
48102
49735
51353
53047
54749
56537
58407
60305
62238
64235
66413
68613
70784
73126
75579
78020
80542
83125
85902
88716
91608
94707
97786
100961
104314
107748
111282
114845
118607
122377
126397
130478
134780
139124
143655
148427
153431
158457
163729
168957
174524
180194
186170
192256
198529
205066
211784
218851
226083
233538
241115
249034
257359
265736
274391
283390
292615
302249
312094
322249
332699
343674
354843
366403
378317
390858
403642
416806
430624
444898
459610
474652
490308
506406
523078
540149
557760
575744
594581
614208
634457
655265
676874
699094
722082
745895
770603
796139
822423
849559
877315
906328
936329
967147
998974
1031819
1065701
1100471
1136652
1173912
1212404
1252548
1293611
1336583
1380312
1425460
1472469
1520894
1571254
1622773
1676439
1731655
1788318
1847583
1908422
1971243
2036063
20788
21454
22114
22884
23620
24392
25207
26038
26907
27783
28633
29592
30556
31524
32561
33589
34675
35777
37025
38252
39551
40900
42170
43612
44975
46505
48063
49587
51207
52889
54578
56382
58270
60147
62147
64294
66371
68544
70753
73087
75568
78077
80589
83347
86153
89046
92003
94965
98103
101287
104599
108089
111739
115352
119095
122967
127108
131327
135713
140320
144772
149458
154470
159629
164787
170297
175889
181607
187672
193805
200138
206703
213571
220639
227982
235489
243262
251362
259727
268288
277130
286134
295518
305379
315474
325966
336802
347895
359358
371099
383452
396086
409118
422561
436585
451016
465881
481056
496801
512987
529722
547111
565023
583590
602750
622746
643326
664474
686221
708873
732441
756597
781552
807149
833620
860821
889024
918370
948592
980026
1012234
1045476
1079960
1115537
1152274
1190105
1229412
1269649
1311893
1355197
1399670
1445894
1493495
1542983
1593787
1646160
1700127
1756050
1813604
1873271
1934942
1998800
2064795
21439
22162
22886
23627
24369
25167
25946
26826
27686
28597
29497
30460
31479
32473
33548
34693
35838
37022
38209
39508
40817
42179
43563
44966
46464
48021
49581
51187
52908
54579
56425
58218
60210
62145
64175
66256
68461
70745
73010
75472
78045
80561
83186
85927
88763
91708
94718
97850
101104
104486
107959
111442
115116
118894
122838
127028
131225
135585
140023
144681
149432
154351
159501
164764
170259
175979
181901
187814
194057
200527
207044
213729
220699
227950
235497
243201
251228
259540
268222
276922
286161
295570
305231
315207
325573
336361
347294
358783
370713
382869
395568
408421
421882
435872
449923
465051
480365
495990
512276
529254
546738
564622
583080
602242
621874
642353
663480
685323
707956
731225
755478
780489
806115
832828
860166
888507
917645
947848
979179
1011176
1044543
1078853
1114447
1150983
1188927
1228375
1268588
1310175
1353472
1398104
1444199
1491721
1540577
1591263
1644378
1698960
1754787
1812378
1872145
1933809
1997346
2063620
21383
22055
22767
23501
24298
25103
25901
26741
27619
28502
29413
30342
31329
32363
33485
34583
35754
36943
38197
39406
40674
42009
43399
44807
46273
47822
49374
50985
52636
54366
56168
57995
59839
61815
63829
65893
68089
70321
72671
75089
77629
80156
82747
85471
88341
91154
94159
97179
100421
103691
106988
110554
114247
118058
122042
125956
130107
134476
138817
143301
148043
152833
157930
163193
168638
174186
179994
185857
191926
198070
204652
211405
218354
225410
232737
240385
248249
256396
264814
273409
282434
291761
301529
311439
321550
332199
343404
354833
366461
378368
390816
403688
416989
430752
444950
459804
475112
491193
507377
523994
541321
559140
577602
596583
616379
636701
657767
679581
702012
725148
748977
773951
799430
825790
852847
881219
910200
940251
971416
1003360
1036084
1070409
1105425
1142021
1179622
1218430
1258759
1300359
1343086
1386945
1432537
1479598
1528459
1578628
1630497
1684252
1739667
1797175
1856562
1917971
1981369
2046411
21021
21694
22459
23190
23965
24753
25513
26345
27222
28114
29075
30054
31047
32051
33064
34133
35245
36416
37579
38865
40178
41459
42806
44221
45707
47257
48880
50548
52197
53844
55592
57404
59354
61312
63399
65410
67588
69885
72199
74593
77046
79602
82190
84879
87646
90648
93676
96788
99938
103255
106668
110229
113909
117752
121609
125614
129766
134023
138340
142923
147653
152409
157544
162778
168112
173558
179380
185310
191419
197823
204271
211112
218082
225325
232691
240406
248398
256434
265011
273859
282985
292318
301971
311947
322284
333042
343935
355230
366980
379134
391529
404430
417764
431460
445646
460199
475376
491357
507793
524479
541753
559777
578083
597082
616979
637235
658112
679795
702157
724961
748907
773442
798641
824668
851776
879662
908697
938935
970050
1002254
1035385
1069766
1104817
1141040
1178487
1217049
1257117
1298215
1340964
1385077
1430689
1477883
1527240
1577818
1630104
1684033
1739707
1797532
1856797
1917655
1981141
2046351
21082
21722
22422
23235
24020
24796
25655
26504
27355
28184
29136
30112
31129
32191
33230
34301
35466
36629
37842
39116
40432
41785
43091
44527
46052
47622
49161
50836
52510
54254
56008
57879
59774
61723
63807
65848
67996
70166
72524
74941
77404
79870
82409
85135
87964
90787
93811
96922
100120
103463
106930
110371
113997
117677
121503
125482
129577
133956
138307
142785
147663
152560
157637
162795
168133
173547
179252
185226
191208
197586
204120
210852
217966
225237
232692
240261
248202
256351
264857
273539
282704
291907
301377
311290
321594
332174
343205
354634
366365
378379
390716
403390
416733
430556
444705
459294
474412
490022
506277
522940
540069
557705
576056
595213
614775
634985
655906
677802
700177
723481
747238
772054
797447
