102635
105346
108215
111042
114073
117035
120247
123383
126724
130244
133672
137140
140778
144483
148437
152454
156622
160770
165176
169676
174179
178949
183757
188665
193808
199047
204291
209831
215408
221249
227243
233366
239629
246208
253040
259860
266916
274025
281418
289162
296926
305079
313297
321592
330394
339371
348549
358062
367762
377690
387891
398436
409195
420341
431944
443762
455742
468051
480648
493739
507131
520995
535190
549835
564882
580570
596328
612623
629334
646572
664123
682460
701183
720173
739846
760170
781115
802577
824475
847102
870401
894252
918706
943872
969690
996607
1023976
1052058
1081080
1111065
1141690
1173262
1205669
1238678
1272790
1307645
1343659
1380548
1418476
1457516
1497809
1538995
1581782
1625993
1670899
1717196
1764676
1813434
1863851
1915493
1968753
2023699
20879
21486
22100
22694
23330
24004
24670
25330
26045
26784
27552
28338
29103
29906
30819
31696
32550
33433
34395
35389
36455
37481
38500
39558
40689
41856
43055
44241
45517
46759
48115
49534
50857
52214
53654
55207
56796
58290
59956
61595
63311
65090
66914
68827
70733
72739
74806
76907
79123
81348
83692
86009
88448
91002
93574
96295
99028
101730
104665
107686
110673
113810
116982
120287
123757
127220
130938
134772
138695
142751
146826
151030
155352
159693
164210
168940
173793
178810
183840
189160
194630
200335
206041
211972
218011
224218
230661
237295
244150
251153
258298
265707
273192
280945
288981
297441
306076
314713
323642
332963
342518
352384
362535
372783
383447
394333
405639
417168
429020
441182
453704
466692
480230
493850
508225
522909
538077
553471
569462
586050
603031
620440
638450
657028
676086
695641
715615
736544
758105
779783
802305
825269
849136
873663
898675
924479
951394
978872
1007088
1036341
1066587
1097786
1129888
1162554
1196468
1231078
1266725
1303420
1341783
1380788
1421144
1462598
1505126
1549115
1594211
1640357
1687752
1737340
1788018
1840085
1894001
1949109
2006266
20624
21228
21826
22483
23159
23828
24513
25206
25906
26612
27467
28268
29064
29905
30801
31710
32598
33554
34500
35471
36492
37549
38648
39756
40893
42075
43388
44773
46084
47464
48831
50265
51742
53236
54783
56402
58054
59771
61463
63265
65168
67112
69073
71189
73299
75401
77738
80025
82269
84725
87256
89858
92579
95340
98183
101178
104281
107362
110493
113840
117261
120702
124419
128190
131995
135971
140033
144112
148448
152788
157391
161910
166693
171598
176748
181900
187319
192957
198761
204652
210594
217043
223615
230372
237348
244417
251791
259366
267144
275124
283474
291864
300718
309689
318857
328468
338240
348255
358580
369226
380128
391454
403219
415197
427697
440475
453741
467307
481453
495862
510629
525956
541634
558074
574834
591872
609510
627864
646664
665948
685956
706644
727974
749863
772435
795729
819838
844258
869885
895938
922661
950466
978741
1008071
1038075
1069712
1101838
1134952
1169380
1204858
1240989
1278464
1316873
1356752
1397992
1440496
1483953
1528839
1574809
1622536
1671601
1721991
1774304
1828178
1883577
1940362
1998870
2059351
21261
21860
22510
23188
23836
24566
25311
26080
26869
27640
28490
29382
30232
31146
32028
33027
34018
35039
36108
37176
38331
39445
40668
41877
43157
44417
45780
47204
48671
50154
51652
53195
54797
56458
58205
59978
61745
63673
65680
67627
69608
71711
74030
76312
78560
80946
83407
85967
88609
91306
94027
96779
99759
102776
105928
109101
112477
115995
119545
123294
127124
131025
135016
139096
143365
147730
152354
157093
161872
166883
172069
177348
182846
188304
194104
199974
206092
212411
218923
225723
232699
239812
247081
254855
262665
270771
279063
287499
296352
305555
314892
324803
334815
345054
355496
366327
377290
388820
400776
413206
425825
438865
452457
466265
480627
495607
510948
526552
542627
559475
576809
594549
612618
631388
650826
670889
691509
712964
734759
757307
780593
804775
829570
855377
881668
908735
937092
966325
996097
1026696
1058328
1090757
1124511
1159255
1194659
1231589
1269646
1308980
1349097
1390766
1433646
1478045
1523582
1570621
1619078
1668958
1720554
1774155
1829060
1886084
1944379
2004876
20668
21300
21932
22645
23345
24052
24791
25578
26319
27168
27955
28846
29751
30690
31658
32669
33660
34710
35740
36868
38025
39220
40427
41654
42915
44238
45542
46989
48473
50018
51614
53191
54833
56471
58183
60100
62003
63892
65906
67921
70053
72287
74469
76845
79189
81713
84224
86876
89637
92410
95310
98276
101300
104476
107646
111102
114525
118046
121777
125522
129400
133351
137497
141832
146262
150936
155603
160537
165529
170734
176096
181600
187317
193193
199096
205074
211563
218116
224899
231868
239192
246649
254312
262265
270321
278603
287352
296234
305527
315076
324929
335248
345679
356678
367938
379629
391393
403756
416549
429524
442980
456696
471103
486014
501319
516977
533384
550259
567513
585203
603556
622335
641591
661871
682769
704105
726174
749198
772411
796775
821780
847682
873908
901173
929787
958945
988882
1019872
1051747
1084752
1118770
1153863
1190002
1227344
1266044
1305738
1346844
1389369
1433071
1478167
1524813
1572673
1622161
1673231
1725595
1779707
1835539
1893130
1952853
2014440
20821
21479
22110
22791
23501
24266
25047
25835
26647
27506
28389
29286
30185
31178
32164
33106
34117
35214
36334
37464
38646
39884
41094
42415
43765
45175
46605
48069
49547
51080
52683
54355
56143
57922
59787
61642
63637
65688
67805
69904
72046
74314
76699
79070
81598
84178
86810
89586
92441
95330
98291
101456
104703
107938
111349
114895
118479
122173
126109
130106
134292
138475
142871
147357
152081
156898
161893
167044
172348
177842
183491
189442
195511
201700
207952
214534
221300
228205
235418
242901
250846
258692
266824
275252
283819
292761
301999
311618
321510
331792
342300
353273
364211
375791
387741
399981
412693
425814
439377
453331
468001
482736
498158
513944
530438
547402
565005
582844
601232
620086
639821
660255
681535
703201
725437
748506
772438
797241
822733
848896
875609
903480
932294
961942
992413
1024116
1056381
1089948
1124533
1160120
1197037
1235494
1274636
1315606
1357570
1400970
1445663
1491445
1538792
1587669
1638448
1690979
1744945
1800623
1858043
1916659
1977967
2041133
20999
21662
22363
23078
23797
24563
25316
26106
26886
27700
28621
29564
30501
31511
32483
33548
34634
35749
36871
38052
39320
40623
41920
43220
44585
45969
47483
49004
50526
52174
53855
55593
57319
59124
60995
62932
64950
67076
69288
71481
73789
76095
78491
81032
83501
86248
89044
92020
94978
98088
101184
104443
107814
111364
114880
118497
122403
126305
130368
134567
138914
143277
147782
152486
157371
162360
167502
172783
178289
183935
189805
195889
202250
208766
215369
222251
229421
236762
244445
252097
260292
268626
277389
286219
295594
305266
315124
325210
335754
346596
357732
369203
381070
393348
405758
418645
432090
446148
460659
475361
490666
506350
522529
539143
556419
574365
592818
611764
631324
651542
672468
694114
716390
739118
762800
786953
812124
838068
865012
892734
921194
950539
981056
1012399
1044817
1078117
1113079
1149041
1186145
1224283
1263707
1304199
1345827
1389374
1433968
1480103
1527653
1576731
1627401
1679497
1733834
1790087
1847945
1907654
1968735
2032020
20936
21637
22346
23076
23840
24611
25414
26236
27097
27951
28823
29740
30714
31601
32591
33603
34695
35799
36886
38089
39274
40493
41798
43172
44557
46017
47576
49054
50702
52293
54036
55795
57514
59354
61307
63367
65384
67529
69673
71856
74170
76592
79062
81578
84276
86972
89791
92614
95591
98648
101798
105131
108464
111915
115523
119210
122970
126963
131052
135318
139688
144188
148923
153676
158620
163781
169056
174505
180180
185936
191941
198201
204609
211327
218034
224950
232079
239666
247370
255283
263535
272224
281141
290084
299426
309207
319179
329552
340168
351059
362376
374101
386272
398873
411936
425147
438913
453147
467693
482958
498548
514867
531661
548681
566440
584775
603734
623178
643540
664275
685794
707924
731010
754540
779081
804210
830338
856905
884883
913413
942773
973244
1004798
1037276
1070844
1105462
1141263
1178231
1216906
1256102
1296595
1338424
1381939
1426477
1472676
1520186
1569634
1620112
1672597
1727064
1782980
1840529
1899861
1961452
2024612
20957
21621
22312
23104
23874
24652
25486
26285
27151
28029
28963
29891
30862
31832
32903
33995
35200
36362
37567
38800
40116
41374
42773
44162
45553
47023
48624
50243
51925
53613
55335
57176
59037
60962
62956
64967
67012
69229
71383
73733
76159
78603
81157
83753
86401
89248
92204
95200
98249
101402
104722
108111
111622
115213
118935
122821
126927
131014
135263
139595
144111
148788
153502
158459
163621
168973
174530
180215
186158
192160
198365
204777
211480
218137
225142
232558
240166
247936
256076
264452
273046
281805
291075
300669
310410
320345
330635
341506
352582
363947
375776
387997
400603
413540
427047
441065
455214
470188
485370
501322
517674
534430
551918
569836
588436
607658
627366
647821
668674
690534
712982
736219
760032
785017
810395
836513
863631
891496
920577
950684
981902
1014127
1046984
1081213
1116621
1152995
1190785
1229538
1269234
1310660
1353772
1397872
1443703
1490828
1539691
1590019
1641902
1695281
1750357
1807764
1866879
1928020
1991280
2055998
21382
22106
22822
23570
24323
25068
25926
26735
27634
28619
29581
30565
31562
32579
33680
34730
35870
37091
38275
39504
40753
42117
43483
44894
46344
47858
49423
51002
52597
54263
56031
57908
59804
61810
63849
65912
68065
70259
72548
74813
77256
79785
82352
85016
87744
90609
93577
96563
99744
103019
106433
109837
113355
117094
120844
124809
128866
133053
137354
141802
146326
151199
156110
161148
166522
171856
177355
183141
189098
195187
201599
208139
215027
221993
229214
236552
244311
252325
260430
268886
277619
286586
295855
305499
315412
325685
336379
347292
358328
370118
382369
394765
407569
421108
435060
449346
463849
479137
494635
510552
527103
544491
562577
580977
600180
619834
640109
661089
682658
704782
727665
751503
776198
801570
827488
854433
882372
911211
941177
971850
1003630
1036525
1070351
1105662
1141575
1178939
1217394
1257340
1298279
1340331
1384225
1429492
1475901
1523962
1573767
1625165
1678237
1732965
1789708
1848103
1908680
1970545
2034975
21195
21847
22573
23302
24022
24805
25606
26442
27289
28134
29092
30059
31030
31976
33022
34117
35185
36333
37571
38784
40011
41320
42593
44000
45477
46997
48547
50124
51743
53436
55139
57037
58907
60855
62836
64924
67015
69221
71486
73811
76246
78802
81450
84142
86945
89779
92744
95729
98864
102104
105465
109009
112545
116226
119985
123966
127999
132235
136553
141072
145737
150441
155402
160448
165649
171219
176825
182570
188478
194669
200967
207734
214388
221266
228440
235823
243617
251678
259927
268468
277324
286403
295695
305494
315478
325890
336493
347361
358636
370354
382360
394826
407560
420994
434837
449218
464121
479413
495048
511440
528381
545636
563521
581987
600734
620144
640598
661615
683182
705319
728528
752671
777282
802708
829097
856344
884276
913278
943334
974071
1005577
1038524
1072306
1107453
1144070
1181490
1220134
1259614
1300883
1343264
1387533
1433325
1480518
1529014
1579047
1630822
1684429
1739282
1795790
1854671
1916115
1979060
2043338
20955
21614
22260
23002
23780
24523
25320
26169
26978
27841
28731
29679
30587
31596
32643
33709
34781
35931
37119
38287
39546
40869
42156
43594
45099
46583
48100
49667
51267
52919
54618
56404
58218
60142
62027
63952
66066
68306
70566
72873
75265
77640
80179
82754
85537
88397
91217
94173
97163
100266
103481
106940
110414
114043
117743
121651
125651
129782
133878
138298
142774
147458
152337
157342
162429
167760
173244
178975
184838
190917
197258
203749
210384
217224
224457
231861
239458
247298
255283
263739
272375
281268
290549
300062
309806
320019
330489
341542
352829
364334
376222
388568
401341
414696
428305
442316
456830
471917
487421
503205
519466
536791
554446
572622
591216
610382
630266
650875
672141
694297
717206
740927
765059
789970
816000
842858
870584
899471
928932
959335
990922
1023322
1056927
1091347
1127172
1163781
1202041
1241436
1282204
1323926
1367393
1412009
1458382
1506152
1555629
1606178
1659321
1713878
1770370
1828540
1888224
1950563
2014954
20816
21459
22181
22873
23632
24369
25137
25996
26816
27746
28668
29559
30497
31469
32453
33561
34640
35824
37008
38265
39527
40836
42202
43616
45035
46506
48046
49601
51159
52870
54590
56436
58362
60257
62248
64283
66414
68656
70855
73200
75536
78063
80694
83380
86026
88843
91784
94888
98019
101269
104579
107939
111448
115126
119014
122919
127011
131202
135548
140060
144656
149453
154469
159552
164805
170182
175699
181359
187305
193471
199630
206376
213190
220134
227260
234602
242334
250345
258513
267088
275984
285072
294165
303786
313664
324121
334797
345796
357233
368968
381008
393618
406551
419917
433862
448085
462725
477786
493490
509804
526651
544072
561811
580232
599120
618651
638888
659927
681665
703900
727001
751268
776135
801499
827840
855206
883070
911926
941756
972899
1004814
1038014
1072096
1107483
1143813
1181183
1219566
1259813
1301347
1344146
1388207
1433697
1480634
1529454
1579608
1631420
1684979
1740278
1798052
1857200
1918661
1981611
2046879
21143
21825
22559
23318
24091
24887
25698
26605
27538
28438
29392
30323
31347
32357
33458
34544
35694
36888
38030
39249
40511
41886
43295
44700
46128
47702
49334
50952
52633
54271
56028
57863
59785
61776
63762
65848
68065
70305
72562
74899
77374
79879
82482
85107
88051
90953
93878
97006
100223
103499
107008
110577
114222
117936
121736
125739
129790
134055
138404
143034
147694
152562
157632
162917
168265
173797
179398
185467
191465
197719
204241
210999
217911
225292
232707
240353
248172
256259
264734
273336
282224
291575
301094
311023
321375
331776
342670
353845
365510
377416
389897
402664
415887
429589
443777
458373
473362
488995
504949
521737
538888
556493
574820
593730
613133
633136
653901
675434
697489
720219
743787
768311
793410
819452
846284
873954
902820
932499
962996
994490
1026909
1060607
1095520
1131363
1168889
1207337
1247116
1288392
1330796
1374180
1419036
1466094
1514450
1564350
1615643
1668818
1723372
1779759
1838161
1898300
1960419
2024687
20720
21377
22103
22819
23523
24271
25115
25948
26758
27650
28577
29542
30528
31482
32534
33622
34713
35849
37030
38237
39465
40762
42147
43552
44989
46450
47989
49582
51215
52895
54543
56357
58176
60131
62138
64153
66236
68416
70777
73088
75456
77899
80448
83062
85838
88566
91532
94477
97578
100724
104068
107479
111051
114708
118353
122256
126229
130304
134547
138894
143506
148295
153033
158188
163378
168727
174308
180080
185884
192065
198274
204842
211682
218658
225857
233311
240993
248845
257150
265538
274368
283459
292861
302584
312484
322726
333216
344231
355636
367261
379393
392097
404792
418120
431863
445860
460607
475785
491396
507546
523980
541186
558890
577425
596508
616540
636556
657254
678702
701005
724044
748064
772547
797840
824037
850947
878794
907940
937664
968294
1000143
1033217
1067241
1102421
1138441
1176002
1214806
1254735
1295823
1338365
1382331
1427738
1474911
1523264
1573162
1624956
1678436
1733735
1790784
1849368
1909973
1972926
2037929
20971
21638
22371
23113
23839
24649
25412
26243
27132
27986
28900
29844
30790
31823
32870
33976
35104
36265
37468
38705
40002
41317
42677
44066
45572
47017
48526
50178
51898
53595
55331
57136
59133
61010
63033
65116
67311
69528
71759
74066
76474
78908
81518
84280
87013
89832
92760
95798
98982
102196
105532
109001
112562
116334
120126
124084
128063
132313
136508
140982
145596
150420
155366
160369
165639
170981
176567
182391
188282
194481
200917
207429
214254
221369
228626
236065
243855
251725
259979
268543
277299
286418
295794
305349
315475
325755
336520
347778
359234
371054
383355
396027
409191
422506
436529
450948
465589
481078
496807
513171
529878
547428
565585
584167
603486
623184
643767
665275
687026
709777
733034
757284
782142
807773
834406
861947
890350
919430
949634
980836
1013325
1046566
1081042
1116550
1153249
1190973
1230211
1271232
1313312
1356950
1401821
1447816
1495205
1544239
1594986
1647668
1702400
1758282
1816313
1876141
1938003
2001305
20680
21359
22105
22842
23573
24328
25152
25960
26824
27754
28682
29645
30578
31603
32586
33668
34763
35906
37153
38403
39683
40994
42383
43757
45169
46633
48161
49868
51439
53137
54828
56605
58451
60354
62322
64416
66461
68587
70850
73173
75673
78141
80780
83507
86332
89180
92103
95132
98240
101343
104583
108023
111630
115389
119248
123261
127287
131415
135788
140260
144836
149605
154618
159667
164886
170252
175802
181571
187662
193795
200234
206908
213620
220683
228166
235560
243417
251471
259621
268169
277101
286362
295717
305410
315452
325647
336470
347490
359022
370807
382978
395597
408403
421786
435620
449899
464817
479831
495547
511695
528762
546292
564242
582949
602064
621916
642561
664000
685672
708286
731500
755845
780649
806342
832728
860167
888636
917664
947717
978882
1011100
1044128
1078735
1114297
1151060
1189107
1228265
1268636
1310444
1353585
1398194
1444350
1491683
1541374
1591698
1644165
1698389
1754202
1812125
1871974
1933851
1997277
2062841
21224
21969
22729
23436
24150
24970
25804
26661
27482
28449
29326
30232
31241
32264
33390
34477
35649
36777
37960
39314
40545
41860
43225
44645
46054
47517
49102
50760
52425
54112
55849
57714
59649
61592
63591
65673
67861
70159
72470
74882
77317
79867
82517
85207
88093
91006
94058
97106
100290
103539
106953
110439
114090
117829
121678
125650
129731
133900
138373
142975
147658
152478
157566
162821
168176
173689
179303
185203
191179
197442
204041
210760
217769
224981
232356
239946
247825
255943
264381
273000
282104
291402
300931
310847
321121
331732
342690
353862
365640
377678
390138
403009
416319
429915
443981
458331
473209
488984
505082
521671
538812
556526
574839
593931
613577
633868
654795
676386
698644
721914
745571
770135
795661
821918
849016
876902
905909
936171
967038
998908
1031794
1065663
1100567
1136352
1173300
1212185
1251721
1292456
1334887
1378706
1423960
1470680
1519357
1569314
1620832
1673929
1728492
1785500
1844805
1905384
1967848
2032956
20890
21550
22240
22986
23693
24489
25276
26097
26921
27811
28735
29682
30678
31684
32768
33864
35056
36184
37319
38616
39856
41178
42597
44043
45499
47027
48560
50105
51744
53457
55229
57084
58948
60885
62844
64935
67051
69252
71553
73935
76325
78857
81561
84152
86961
89750
92666
95628
98865
102139
105407
108866
112458
116250
120124
124003
128042
132167
136556
141005
145739
150611
155597
160702
165925
171408
177093
182899
188889
195167
201566
208200
215015
222052
229264
236775
244669
252890
261295
270009
278895
287996
297671
307465
317741
328050
338813
349902
361447
373572
385920
398460
411466
425040
439086
453379
468401
483705
499884
516273
533223
550856
568810
587532
606962
626844
647404
668945
690765
713529
736988
761138
786156
812225
838759
866441
894936
924403
954835
986305
1018773
1052384
1087115
1122743
1159918
1198513
1238201
1279165
1321501
1365392
1410541
1457203
1505460
1555259
1606425
1659227
1713705
1770218
1828324
1888894
1950940
2015486
20821
21484
22214
22965
23708
24470
25284
26114
26977
27829
28734
29687
30679
31696
32714
33827
34962
36146
37332
38557
39851
41157
42509
43963
45370
46813
48294
49949
51512
53190
54905
56762
58640
60581
62594
64681
66772
68967
71243
73632
76030
78552
81170
83936
86682
89461
92370
95385
98563
101846
105239
108658
112199
115953
119696
123685
127681
131884
136299
140817
145503
150212
155225
160300
165615
171091
176837
182640
188758
195099
201514
208072
215028
221958
229201
236645
244337
252379
260781
269391
278361
287579
297014
306863
317095
327309
338013
349056
360549
372528
384755
397555
410891
424446
438590
453084
468011
483295
499496
515887
532827
550249
568173
586848
606088
626178
646884
668101
689950
712691
736179
760533
785288
810845
837420
864878
893504
922854
953143
984613
1017172
1050707
1085413
1121136
1157941
1196337
1235898
1276502
1318870
1361974
1406820
1453124
1501008
1550640
1601714
1654374
1708939
1765068
1823042
1883003
1945264
2009520
20954
21648
22350
23087
23871
24622
25439
26290
27147
28022
28977
29973
30934
31937
32984
34145
35301
36526
37738
38941
40235
41595
42967
44373
45795
47260
48840
50497
52128
53759
55603
57408
59259
61136
63132
65178
67335
69564
71843
74196
76620
79147
81801
84513
87233
90202
93190
96316
99487
102789
106142
109724
113415
117252
121149
125112
129241
133612
137970
142430
147192
152144
157182
162452
167919
173610
179267
185147
191233
197577
204216
210919
217831
224998
232561
240232
248087
256426
264946
273868
282800
292118
301625
311600
321936
332565
343549
354891
366543
378726
390984
403931
417219
430995
445252
459996
475390
490966
507226
524129
541248
558982
577366
596459
616290
636777
657732
679242
701413
724568
748522
773173
798815
825044
