102486
105009
107707
110366
113161
116003
118903
121928
124983
128123
131353
134627
137988
141409
144981
148741
152397
156283
160121
164070
168286
172494
176774
181109
185712
190398
195223
200130
205285
210688
216026
221490
227063
232823
238673
244720
250956
257383
263982
270720
277594
284615
291835
299133
306944
314793
322833
331033
339373
348037
356924
365901
375070
384600
394424
404461
414882
425440
436453
447586
458949
470935
483203
495711
508544
521631
535164
548902
562923
577479
592317
607661
623128
639207
655552
672450
689829
707606
726021
744844
763968
783931
804316
825238
846777
868612
890986
914064
937842
962091
987313
1012641
1038994
1065867
1093581
1122079
1151216
1181167
1212023
1243760
1275957
1309458
1343574
1378591
1414625
1451789
1489475
1528253
1568082
1609130
1651330
1694387
1739127
1784692
1831442
1879480
1928735
1979138
2031011
20659
21243
21781
22364
22965
23550
24122
24786
25446
26120
26801
27533
28240
29032
29798
30628
31427
32274
33149
34020
34898
35841
36830
37803
38800
39851
40903
41991
43128
44277
45453
46682
47940
49253
50596
51913
53238
54731
56175
57670
59191
60779
62393
64084
65851
67641
69421
71332
73227
75144
77151
79199
81269
83442
85657
87879
90308
92735
95232
97693
100324
103065
105824
108629
111582
114563
117673
120837
124126
127516
130882
134421
137958
141697
145445
149286
153375
157479
161677
166107
170619
175175
179954
184811
189864
195063
200346
205751
211434
217190
222960
228989
235085
241305
247856
254503
261382
268431
275642
283055
290768
298588
306707
315085
323657
332398
341359
350741
360377
370120
380124
390484
401178
412133
423362
434695
446616
458932
471274
484061
497311
510805
524764
539295
554088
569270
584788
600685
616940
633732
650941
668758
687167
705913
725309
745049
765626
786299
807750
829839
852668
876086
900326
925117
950368
976384
1003295
1030475
1058767
1088191
1118076
1148328
1179792
1212191
1245535
1279852
1315030
1351402
1388358
1426562
1465738
1505969
1547468
1590363
1634270
1679242
1725576
1773120
1822245
1872730
1924591
1977694
2032571
20744
21319
21882
22568
23187
23831
24513
25167
25848
26545
27269
28021
28796
29593
30403
31233
32150
33008
33991
34903
35841
36808
37770
38811
39902
40995
42143
43308
44524
45816
47093
48396
49730
51121
52523
53957
55492
57074
58639
60278
62094
63793
65607
67392
69369
71292
73329
75367
77476
79661
81861
84171
86427
88838
91308
93932
96698
99430
102144
104980
107857
110844
113954
117146
120411
123798
127267
130840
134433
138210
142122
146098
150158
154331
158648
163163
167713
172445
177337
182258
187484
192807
198376
203929
209648
215630
221809
228052
234524
241181
247949
254951
262259
269646
277223
285138
293329
301526
310059
318866
327985
337117
346720
356563
366558
376982
387642
398563
409873
421539
433503
445703
458220
471133
484491
498168
512248
526941
541950
557467
573297
589604
606406
623722
641337
659575
678098
697271
716879
737272
758179
779365
801463
824277
847644
871825
896654
922089
948288
975476
1003271
1032026
1061308
1091477
1122560
1154723
1187975
1221877
1257038
1293218
1330417
1368275
1407249
1447608
1488895
1531657
1575177
1620380
1666794
1714403
1762806
1813131
1864876
1918003
1973002
2029277
20879
21441
22042
22637
23304
23947
24634
25376
26157
26920
27638
28434
29279
30163
31012
31911
32792
33745
34732
35736
36807
37820
38980
40091
41179
42395
43638
44929
46238
47518
48925
50377
51780
53280
54828
56402
58029
59704
61430
63198
65020
66808
68701
70665
72704
74848
76966
79204
81470
83817
86254
88678
91222
93952
96686
99434
102406
105355
108359
111572
114793
118105
121544
124978
128511
132115
136014
139954
144012
148175
152515
156850
161407
165989
170824
175783
180887
186197
191631
197202
202856
208725
214777
220981
227564
234083
240924
247947
255158
262489
270090
277961
286134
294339
302814
311795
320906
330351
340041
349895
360080
370529
381435
392551
403980
415582
427974
440374
453150
466229
480054
494014
508454
523393
538651
554234
570110
587017
604010
621615
639809
658515
677636
697364
717977
739025
760544
782913
805634
829117
853356
878327
903995
930308
957336
985375
1014248
1043709
1074343
1105941
1138143
1171938
1206103
1241111
1277512
1314794
1353337
1393480
1434100
1475931
1518957
1563888
1609810
1656986
1706067
1755913
1807346
1859691
1914704
1970754
2028908
21272
21926
22557
23252
23922
24624
25384
26163
26912
27729
28557
29400
30280
31204
32144
33078
34052
35061
36063
37145
38223
39377
40541
41730
42982
44218
45519
46819
48156
49539
51086
52624
54199
55767
57417
59149
60826
62610
64483
66393
68408
70466
72601
74874
77144
79412
81784
84163
86542
89134
91759
94517
97342
100308
103292
106322
109312
112565
115860
119320
122803
126472
130231
133998
138018
142200
146398
150688
155213
159830
164574
169477
174557
179580
184853
190370
195944
201746
207679
213923
220232
226797
233617
240488
247673
255009
262587
270646
278841
287081
295711
304526
313810
323156
332732
342554
353079
363444
374335
385670
397219
408947
421122
433961
446743
460265
474018
488116
502813
517866
533178
549102
565608
582400
599862
617867
636125
655052
674497
694807
715627
737198
759079
781882
805415
829527
854258
880053
906386
933681
961802
990586
1020199
1050831
1082237
1114656
1148350
1182424
1218120
1254488
1292323
1330986
1371171
1412380
1454510
1498346
1543258
1589706
1637564
1686744
1737161
1789157
1842845
1898311
1954970
2013659
20945
21583
22215
22864
23513
24243
24987
25726
26538
27354
28186
29058
29925
30794
31795
32778
33806
34861
35920
36988
38114
39253
40406
41597
42872
44164
45394
46746
48162
49629
51139
52699
54319
56030
57820
59527
61331
63194
65107
67216
69235
71351
73519
75696
77999
80285
82803
85371
88036
90704
93409
96161
99006
102031
105162
108354
111622
114999
118444
121938
125652
129404
133442
137495
141760
146043
150449
155001
159672
164498
169501
174625
179870
185394
191085
196750
202658
208810
215187
221730
228333
235207
242474
249894
257392
265240
273357
281756
290215
299010
308312
317709
327454
337569
347667
358493
369447
380599
392327
404371
416769
429534
442688
456183
469831
484163
498880
514010
529928
546078
562723
579999
597630
615769
634574
654021
673794
694512
715778
737573
760371
783734
807626
832427
858027
884472
911436
939414
968024
997787
1028416
1060005
1092748
1126299
1160869
1196262
1233168
1270983
1309906
1349967
1391360
1433905
1478461
1523835
1571068
1619540
1669193
1720737
1773646
1828258
1884567
1942945
2002673
20452
21044
21662
22356
23048
23757
24481
25257
26044
26804
27669
28506
29403
30259
31209
32121
33140
34145
35230
36266
37377
38573
39776
40965
42217
43570
44853
46262
47637
49147
50646
52140
53750
55367
57164
58964
60748
62648
64575
66629
68747
70921
73136
75371
77632
80124
82610
85184
87768
90564
93371
96237
99250
102294
105483
108766
112118
115546
119268
122975
126720
130683
134704
138795
143155
147448
151994
156746
161587
166717
171882
177269
182779
188375
194288
200233
206445
213033
219627
226499
233399
240576
248128
255862
263775
271883
280381
288994
297905
307164
316717
326348
336380
346719
357710
368843
380571
392430
404633
417209
430216
443565
457316
471420
486016
501205
516830
532868
549626
566781
584473
602585
621451
641018
660804
681388
702862
724823
747485
770805
794733
819584
845097
871489
898556
926310
955236
985248
1015937
1047502
1080175
1113769
1148572
1184380
1221554
1259492
1298597
1339760
1381770
1424816
1469226
1515087
1562449
1611064
1661675
1713561
1767327
1822663
1879307
1937909
1998277
2060552
21342
22026
22726
23458
24157
24909
25693
26468
27311
28138
29008
29909
30909
31846
32855
33930
35042
36162
37342
38513
39711
40950
42256
43581
44993
46403
47816
49328
50885
52446
54064
55809
57572
59329
61287
63202
65184
67233
69355
71626
73906
76205
78619
81077
83624
86232
89008
91706
94516
97567
100699
103948
107270
110643
114092
117662
121333
125125
129130
133326
137540
141794
146265
150869
155495
160481
165417
170482
175914
181441
187231
193041
199104
205392
211976
218637
225485
232611
239896
247523
255373
263413
271634
280280
289127
298141
307593
317209
327166
337334
348062
358971
370295
381923
393899
406136
419095
432411
446321
460308
474756
489771
505302
521374
537890
554866
572311
590463
609159
628293
648117
668578
689590
711578
734125
757389
781391
805994
831529
857855
885179
913692
942362
972336
1002955
1034964
1067789
1101584
1136673
1173084
1210289
1248751
1288179
1329073
1371119
1414329
1459189
1505511
1552818
1602135
1652794
1704890
1758754
1814556
1872149
1931692
1992650
2055750
21343
22070
22783
23527
24288
25042
25847
26702
27586
28431
29372
30325
31269
32273
33254
34334
35409
36539
37683
38919
40138
41485
42832
44215
45606
47043
48577
50112
51733
53420
55149
56836
58543
60437
62337
64317
66406
68541
70691
72908
75277
77688
80151
82823
85469
88199
90970
93740
96764
99871
103107
106434
109710
113116
116739
120428
124282
128214
132144
136176
140471
144977
149708
154541
159431
164545
169847
175191
180767
186572
192526
198723
205084
211679
218328
225248
232394
239855
247399
255092
263285
271522
280294
289273
298373
307847
317667
327838
338234
348987
360105
371577
383328
395625
408147
421121
434435
448278
462753
477502
492700
508422
524515
541239
558264
575886
594265
612996
632659
652916
673767
695119
717528
740618
764235
788611
813608
839666
866616
894515
922862
952457
982667
1013611
1045848
1079090
1113848
1149378
1186133
1223558
1262811
1303145
1344827
1387846
1432072
1478347
1525737
1574790
1624970
1676558
1729901
1785391
1842004
1900791
1961570
2024374
21005
21722
22392
23103
23833
24604
25388
26233
27098
27994
28921
29816
30770
31767
32763
33843
34948
36144
37320
38532
39803
41073
42367
43727
45087
46556
48054
49570
51211
52813
54504
56227
58043
59989
61939
63918
65898
68074
70209
72399
74711
77111
79755
82323
84965
87752
90562
93471
96524
99661
102783
106067
109415
112816
116432
120182
123839
127695
131855
136065
140515
145039
149731
154553
159542
164722
169959
175423
180995
186844
192825
199155
205514
212121
219006
226271
233452
240931
248681
256450
264715
273180
281876
290868
300320
310053
320113
330399
340972
351889
363273
374992
387059
399415
412208
425611
439339
453556
467938
483061
498602
514841
531422
548416
566126
584430
603130
622492
642433
662820
684019
705914
729011
752320
776496
801354
827346
853880
881268
909753
938865
968983
1000116
1032692
1065873
1099706
1134615
1170868
1208207
1247506
1287855
1329419
1372308
1416619
1461951
1508863
1557349
1607528
1659174
1712416
1767596
1824604
1883591
1944770
2007361
20587
21217
21952
22655
23381
24168
24965
25769
26586
27420
28272
29175
30126
31077
32069
33138
34178
35366
36496
37724
38966
40170
41459
42866
44278
45698
47166
48766
50365
51940
53665
55436
57240
59071
61063
62995
64977
67091
69138
71445
73750
76151
78556
81138
83732
86467
89224
92059
95078
98143
101235
104459
107919
111408
114980
118732
122553
126406
130454
134630
138914
143495
148083
152866
157741
162913
168244
173609
179270
185070
191183
197408
203861
210515
217212
224211
231384
238813
246446
254317
262417
270908
279606
288543
298035
307470
317569
327868
338361
349243
360436
372086
384011
396216
408791
422003
435627
449665
464124
479157
494544
510414
526582
543775
561291
579511
598400
617613
637434
657778
678965
700904
723372
746884
770872
795709
821025
847520
875105
903470
932664
962677
993638
1025861
1059206
1093241
1128556
1164906
1202640
1241539
1281349
1323013
1365641
1409614
1454871
1501925
1550518
1600322
1651913
1704952
1759891
1816452
1874863
1935106
1997705
2062339
21376
22093
22816
23560
24313
25062
25867
26682
27576
28433
29341
30273
31234
32261
33344
34380
35550
36753
38020
39217
40400
41716
43032
44387
45812
47330
48894
50508
52157
53902
55660
57480
59376
61240
63205
65248
67322
69562
71897
74223
76713
79166
81793
84352
87088
89886
92763
95750
98748
101984
105288
108793
112195
115910
119636
123621
127647
131667
135976
140496
145062
149703
154511
159512
164583
169949
175413
181164
187093
193104
199419
205906
212522
219332
226351
233639
241152
248953
256976
265294
273810
282744
291935
301286
310870
320675
331124
341677
352685
364306
376044
388218
400702
413627
427104
440780
455228
469865
484985
500714
516860
533716
551045
568796
587135
606162
625697
645891
666783
688247
710548
733249
756965
781486
806790
832924
860206
887889
916661
946413
976914
1008610
1041383
1074820
1109791
1145750
1182835
1220900
1260769
1301428
1343390
1386771
1431557
1477749
1525734
1574723
1625489
1678088
1731878
1787650
1845451
1904976
1966437
2029958
21001
21662
22404
23150
23957
24722
25496
26320
27141
28022
28978
29900
30843
31809
32831
33897
34986
36077
37213
38496
39749
41017
42372
43643
45036
46464
47971
49514
51145
52734
54413
56184
57988
59957
61909
63933
65987
68146
70280
72534
74866
77281
79807
82425
85091
87829
90647
93518
96430
99655
102895
106167
109502
113096
116670
120366
124324
128340
132472
136811
141281
145778
150565
155369
160327
165576
170861
176369
182013
187790
193806
200084
206532
213151
219858
226981
234481
242199
249987
258022
266401
275029
283808
292964
302392
312071
322147
332356
342994
354152
365586
377182
389216
401576
414645
427921
441858
455926
470609
485659
501318
517557
534406
551564
569511
588064
607189
626639
646725
667458
689117
711349
734390
758287
782888
808195
834600
861321
889381
918015
947733
978151
1010174
1042637
1076507
1111171
1146944
1183873
1222261
1261805
1302532
1344579
1388361
1433311
1479610
1527716
1576774
1627367
1679748
1734093
1790575
1848580
1908116
1969397
2032912
20822
21489
22150
22820
23567
24359
25146
25988
26823
27684
28592
29532
30528
31520
32587
33601
34661
35795
36960
38108
39357
40663
42027
43370
44795
46213
47702
49224
50697
52390
54094
55808
57709
59609
61485
63488
65507
67659
69856
72067
74386
76804
79277
81844
84506
87237
90007
92941
95999
99115
102341
105577
108932
112424
115979
119647
123546
127451
131637
135952
140339
145012
149620
154347
159249
164300
169619
175101
180814
186711
192843
199121
205563
212515
219248
226236
233507
241209
249015
257140
265460
274078
282904
291986
301454
311180
321342
331718
342307
353428
364763
376709
388764
401522
414442
427885
441730
456035
470914
486161
501916
518025
534939
552298
570173
588834
607972
627831
648289
669093
690789
713150
736258
760107
784734
810420
836311
863436
891521
920367
950236
980923
1012773
1045676
1079933
1114679
1150846
1188361
1226904
1266595
1307440
1349906
1394112
1439352
1486000
1534342
1583928
1635221
1688454
1743218
1799501
1858013
1918171
1980343
2044595
21085
21773
22499
23231
23978
24719
25497
26356
27217
28059
29008
29871
30832
31832
32829
33911
35027
36142
37327
38456
39699
41023
42357
43733
45171
46649
48152
49653
51277
52900
54567
56374
58113
59953
61890
63935
65994
68090
70316
72664
75019
77459
79902
82510
85189
87900
90754
93687
96597
99688
102940
106248
109694
113219
116900
120570
124551
128435
132627
136880
141222
145822
150572
155328
160359
165550
170843
176462
182086
187963
193972
200283
206725
213405
220284
227432
234745
242270
250201
258360
266689
275341
284371
293524
302973
312797
322950
333344
344304
355447
366769
378536
390811
403561
416583
430117
444046
458506
473254
488492
504309
520631
537357
554810
572869
591589
610602
630226
650533
671834
693667
716012
738994
762478
786998
812629
839066
866467
894681
923411
953497
984559
1016481
1049066
1082982
1118451
1154767
1192548
1231165
1270567
1311958
1354305
1398120
1443161
1489791
1538221
1587899
1639635
1692628
1747575
1804044
1862073
1922071
1984361
2048952
20788
21489
22197
22933
23656
24501
25319
26170
27045
27948
28856
29866
30889
31870
32862
33919
35020
36116
37312
38511
39768
41057
42395
43770
45128
46608
48152
49715
51331
52975
54637
56412
58285
60187
62085
64099
66165
68275
70442
72661
74959
77360
79785
82323
85005
87778
90659
93638
96689
99841
103003
106402
109829
113442
117060
120926
124843
128911
133140
137535
141833
146483
151134
155967
160913
166043
171440
176877
182740
188702
194853
201143
207672
214500
221534
228664
236074
243732
251558
259659
268128
277034
286074
295329
304934
314716
324948
335429
346239
357427
369131
381140
393505
406314
419569
433063
447207
461479
476584
491861
507691
524000
541056
558824
576944
595726
615143
635412
656077
677465
699321
722255
745717
770004
795140
820855
847471
875052
903272
932544
962857
993961
1026000
1059340
1093639
1128976
1165419
1203084
1242238
1282454
1324457
1367224
1411266
1456972
1504178
1552478
1602797
1654650
1708394
1763907
1820951
1880087
1941304
2004580
20502
21171
21876
22556
23303
24056
24802
25611
26483
27354
28244
29163
30105
31066
32108
33141
34214
35295
36449
37670
38844
40149
41432
42786
44209
45616
47075
48621
50215
51825
53625
55312
57067
58872
60769
62662
64694
66839
68934
71077
73312
75707
78107
80704
83294
86033
88740
91661
94554
97526
100731
104074
107379
110886
114482
118252
122166
126157
130280
134562
138968
143530
148181
153029
157989
163176
168516
173935
179557
185454
191512
197720
204074
210699
217476
224584
231850
239370
247195
255131
263429
271909
280794
290000
299336
309258
319237
329523
340115
350976
362390
374078
386335
398919
411822
425174
439050
453111
467975
483203
498848
515043
531703
549076
566905
585494
604137
623719
643834
664729
686468
708561
731548
755369
779759
804955
830959
858091
886319
914952
944283
975034
1006725
1039373
1072710
1107619
1143278
1180188
1218271
1257961
1298687
1341037
1384671
1429591
1476104
1523930
1573497
1624476
1677321
1731624
1787833
1846069
1906103
1968060
2031935
20962
21697
22349
23070
23845
24636
25439
26238
27056
27933
28851
29802
30769
31779
32838
33901
35027
36166
37285
38459
39648
40927
42294
43705
45129
46589
48127
49680
51253
52920
54640
56402
58246
60154
62139
64161
66199
68353
70518
72834
75199
77625
80099
82564
85186
87973
90787
93732
96806
99963
103206
106566
109940
113535
117183
120849
124803
128857
133069
137370
141895
146418
151114
156111
161251
166476
171988
177595
183428
189527
195722
202054
208543
215382
222486
229693
237028
244755
252630
260985
269285
278091
287063
296348
305977
315983
326203
336818
347788
359248
370923
383074
395539
408562
421826
435602
449620
464184
479114
494582
510627
527068
544178
561800
579952
598690
618343
638551
659193
680757
702894
725645
749053
773118
798458
824469
851247
878803
907412
936996
967533
999195
1031590
1065030
1099362
1134874
1171505
1209696
1249246
1289916
1331580
1374688
1419492
1465525
1513153
1562133
1612731
1665078
1719173
1774886
1832329
1891810
1953321
2016875
20712
21381
22055
22769
23481
24198
24981
25800
26590
27505
28425
29296
30240
31208
32231
33306
34375
35484
36620
37827
39031
40311
41652
42985
44367
45780
47280
48883
50429
52058
53694
55450
57233
59143
61087
63031
65020
67149
69300
71570
73872
76241
78636
81198
83844
86592
89448
92406
95392
98445
101626
104952
108412
111995
115589
119366
123232
127253
131417
135682
140158
144660
149338
154147
159080
164327
169783
175103
180668
186581
192606
198772
205066
211718
218530
225777
233023
240838
248537
256524
264807
273297
282179
291183
300730
310537
320718
331159
341906
353076
364570
376383
388757
401439
414430
427824
441745
456149
470730
485962
501932
518247
534956
552448
570456
588896
608241
628194
648797
669868
691701
714189
737569
761380
785876
811517
837503
864731
893165
922108
952026
983050
1014685
1047608
1081519
1116578
1152769
1190233
1228658
1268361
1309433
1351956
1396168
1441401
1487960
1536202
1586137
1637878
1691161
1745797
1802977
1861270
1921899
1984254
2048646
21132
21770
22481
23203
23919
24669
25446
26249
27088
28009
28938
29920
30877
31872
32942
34045
35147
36292
37473
38662
39877
41247
42652
44116
45511
46984
48523
50048
51721
53333
55061
56814
58666
60563
62513
64640
66772
68919
71090
73397
75810
78343
80839
83435
86127
88925
91728
94646
97641
100754
103980
107330
110789
114402
118135
121971
125962
130046
134416
138795
143330
148010
152860
157875
163052
168438
173897
179478
185182
191253
197406
203861
210501
217341
224318
231623
239083
246807
254831
263093
271589
280326
289317
298781
308368
318222
328570
339454
350464
361812
373505
385447
397817
410707
423906
437738
452201
466747
481939
497714
513955
530701
547837
565608
583876
602744
622413
642470
663506
685041
707476
730655
754263
778776
803963
830199
857344
885063
914073
943664
973969
1005418
1037966
1071619
1106201
1142045
1178992
1217501
1257180
1298280
1340407
1384028
1428736
1474830
1522780
1572136
1623093
1675707
1730070
1786388
1844351
1904047
1966017
2029795
21125
21824
22560
23288
24033
24828
25621
26431
27333
28241
29176
30100
31077
32074
33122
34209
35309
36443
37639
38866
40115
41364
42653
44092
45554
47045
48559
50196
51847
53577
55314
57171
59084
61053
