102414
104913
107558
110198
112861
115687
118481
121440
124472
127535
130496
133812
137014
140350
143819
147304
150945
154624
158403
162301
166377
170447
174601
178865
183235
187862
192509
197229
202081
207148
212248
217410
222768
228244
233903
239664
245685
251868
258142
264426
271006
277737
284653
291665
298917
306247
313833
321660
329651
337927
346284
354882
363692
372767
382064
391466
401092
411008
421296
431822
442568
453520
465014
476651
488499
500676
513280
526031
539110
552547
566524
580723
595228
610167
625417
641141
657280
674077
691053
708527
726331
744468
763178
782294
801681
821818
842762
864273
886098
908554
931616
955219
979237
1004054
1029216
1054989
1081650
1109189
1137014
1165782
1195251
1225315
1256321
1287992
1320812
1354760
1389473
1424533
1460567
1497676
1535821
1574677
1615094
1656706
1699077
1742550
1786799
1832633
1879378
1927660
1976997
2027387
20824
21340
21857
22373
22931
23537
24153
24739
25362
26001
26646
27310
27954
28693
29452
30222
31004
31802
32589
33429
34288
35168
36072
37013
37954
38914
39930
41039
42109
43149
44317
45434
46564
47808
49032
50218
51556
52856
54331
55727
57170
58663
60244
61800
63370
65044
66759
68515
70346
72205
74068
76027
78007
80071
82125
84257
86462
88780
91113
93500
95930
98428
100979
103615
106294
109059
111959
114890
117847
120977
124126
127337
130629
133937
137290
140862
144712
148501
152407
156387
160539
164735
169064
173600
178346
182985
187689
192749
197829
203137
208634
214119
219718
225356
231268
237341
243468
249880
256560
263298
270093
277094
284523
291990
299705
307647
315664
324052
332502
341227
350213
359363
368820
378526
388485
398624
409281
420371
431564
442868
454549
466700
479171
492013
505211
518654
532364
546562
561128
575990
591055
606712
622937
639710
656684
674060
692036
710279
729215
748500
768561
789068
810133
831865
854007
876915
900428
924375
949345
974621
1000685
1027390
1055088
1083016
1111916
1141771
1172334
1203566
1235929
1269225
1302950
1337718
1373568
1410491
1448669
1487610
1527242
1568309
1610597
1653948
1698592
1744660
1791347
1839315
1888968
1940041
1992336
2046313
20764
21337
21961
22581
23143
23774
24415
25062
25736
26443
27154
27923
28733
29544
30352
31212
32095
32946
33856
34752
35706
36629
37596
38584
39647
40753
41868
43038
44221
45458
46673
47928
49181
50503
51893
53282
54763
56225
57709
59242
60915
62579
64324
66048
67832
69621
71504
73453
75463
77467
79637
81733
83976
86261
88666
91043
93554
96131
98809
101470
104233
107074
110018
113136
116140
119300
122605
125959
129318
132920
136600
140357
144165
148067
152046
156119
160361
164769
169380
174025
178710
183723
188858
194103
199425
204811
210453
216329
222268
228386
234728
241136
247754
254451
261451
268708
276037
283747
291631
299728
308109
316557
325293
334289
343522
353083
362906
372876
383082
393724
404518
415749
427230
439070
451274
463675
476498
489654
503297
516995
531045
545851
560703
576234
592286
608588
625359
642699
660524
678704
697822
717351
737330
757841
778911
800537
822754
845595
869148
893185
918022
943379
969519
996659
1024305
1052708
1082081
1112445
1143337
1175289
1207699
1241296
1276256
1312196
1348368
1385979
1424833
1464690
1505671
1547571
1590715
1635220
1680903
1727769
1775993
1825529
1876147
1928594
1982496
2038102
20906
21506
22137
22786
23394
24011
24696
25386
26112
26868
27602
28331
29094
29942
30781
31653
32568
33451
34407
35422
36367
37419
38457
39515
40611
41770
42914
44115
45369
46602
47954
49317
50675
52088
53526
54976
56558
58153
59804
61503
63244
65055
66886
68734
70654
72616
74697
76879
79060
81279
83577
86013
88494
90999
93541
96155
98858
101678
104593
107534
110573
113808
117115
120406
123766
127359
130998
134729
138562
142550
146534
150766
155050
159420
163798
168469
173282
178230
183343
188386
193765
199105
204718
210610
216530
222698
229052
235510
242277
249141
256223
263464
270940
278640
286488
294668
303185
311775
320689
329811
339430
349162
359252
369240
379777
390691
401880
413276
425141
437076
449406
462102
475442
488735
502690
516925
531631
546711
562297
578122
594593
611459
629089
647019
665376
684298
703712
723570
744321
765588
787670
810239
833479
857240
881500
906543
932477
959114
986586
1014896
1043704
1073784
1104754
1136021
1168415
1201734
1236083
1271581
1308056
1344913
1383290
1423264
1464227
1506243
1549657
1594295
1640220
1687093
1735542
1785513
1836233
1889131
1943020
1998679
2055960
21219
21794
22424
23065
23710
24428
25118
25860
26627
27373
28163
29005
29869
30722
31527
32428
33413
34331
35322
36305
37371
38456
39565
40742
41921
43138
44379
45642
46957
48255
49655
50993
52435
53876
55427
57025
58589
60270
62016
63767
65703
67638
69488
71566
73676
75840
78085
80261
82510
84930
87426
89967
92567
95250
97968
100770
103693
106720
109716
112858
116039
119372
122807
126283
130019
133845
137755
141766
145892
150164
154498
158929
163545
168299
173209
178135
183336
188764
194292
199907
205710
211688
217755
223962
230330
236924
243759
250770
258168
265779
273468
281389
289532
297961
306693
315448
324446
333935
343467
353495
363792
374440
385411
396582
408230
419930
432247
444617
457572
471049
484718
498703
513298
528281
543496
559168
575255
592003
608926
626729
644977
663872
683190
703082
723913
745128
766865
789116
812184
835777
860039
885165
910996
937634
964875
993192
1022416
1052444
1083026
1114696
1147218
1180795
1215197
1250980
1287133
1324664
1363656
1403412
1444340
1486459
1529717
1574469
1619945
1667210
1715757
1766008
1817528
1870465
1924819
1980883
2038940
21352
21968
22608
23275
23941
24673
25403
26130
26918
27721
28545
29400
30254
31172
32071
32990
33966
35000
36029
37080
38171
39327
40551
41763
43000
44194
45559
46948
48269
49688
51200
52738
54270
55868
57483
59164
60911
62694
64538
66419
68241
70229
72222
74301
76440
78690
81012
83403
85878
88501
91141
93828
96560
99433
102412
105566
108739
111900
115163
118573
122065
125617
129323
133154
137016
141124
145433
149681
154210
158764
163515
168332
173278
178495
183742
189146
194845
200586
206575
212632
218878
225290
231912
238823
245806
253081
260536
268109
275910
284255
292608
301212
310161
319329
328749
338505
348354
358715
369267
380291
391548
403091
414974
427003
439651
452672
466158
479919
493948
508658
523668
539109
555251
571408
588332
605637
623513
641885
660744
680184
700405
720902
742166
764168
786488
809898
833641
858409
883845
909686
936520
963933
992546
1021549
1051682
1082585
1114437
1147600
1181613
1216832
1252530
1289659
1327798
1366718
1407258
1448840
1491638
1535782
1581225
1628415
1676360
1726102
1777365
1830014
1883781
1939352
1996813
2056179
21437
22085
22760
23446
24118
24824
25554
26249
27019
27837
28635
29506
30407
31267
32222
33198
34151
35179
36178
37228
38363
39480
40571
41746
42983
44249
45492
46840
48209
49678
51130
52718
54247
55883
57537
59242
61017
62782
64673
66547
68481
70563
72624
74745
76950
79266
81636
84020
86502
89040
91668
94438
97204
100113
103125
106125
109163
112348
115730
119105
122654
126183
129964
133832
137870
142096
146295
150719
155231
159736
164503
169570
174511
179588
184849
190483
196223
202042
208009
214245
220692
227354
234178
241085
248184
255602
263262
271075
279068
287352
295731
304455
313587
322761
332447
342447
352576
363078
373942
385178
396746
408528
420809
433294
446391
459591
473223
487323
501701
516489
531822
547716
564309
581076
598413
616404
634713
653593
672957
693186
713931
735202
757184
779659
802664
826369
851081
876419
902430
929355
957023
985212
1014018
1044393
1075662
1107930
1141050
1174710
1209644
1245807
1282970
1321340
1360786
1401392
1443295
1486273
1530219
1575680
1622325
1670532
1720461
1771852
1824778
1879056
1935262
1993259
2052378
20927
21544
22186
22827
23538
24201
24885
25646
26377
27175
27973
28805
29682
30596
31507
32440
33400
34414
35422
36460
37565
38697
39835
41074
42271
43524
44817
46103
47451
48860
50277
51833
53408
54996
56666
58311
60017
61807
63642
65515
67471
69459
71560
73710
75899
78140
80442
82891
85366
87841
90356
93036
95845
98741
101677
104768
107925
111116
114421
117882
121294
124823
128579
132462
136366
140499
144688
149130
153499
158107
162958
167839
172858
178062
183482
188938
194557
200364
206389
212654
219080
225586
232392
239281
246428
253954
261647
269505
277532
285788
294311
303045
312223
321567
331262
341286
351485
362074
373024
384242
395592
407433
419626
432151
444990
458399
472272
486284
500922
515828
531321
547498
563945
580793
598199
616160
634476
653660
673242
693575
714219
735484
757488
780295
803575
827662
852489
878252
904709
931482
959381
988136
1017642
1048465
1080185
1112490
1146235
1180997
1216525
1253000
1290185
1329004
1368977
1410284
1452805
1496817
1541893
1588039
1635509
1684400
1734611
1786769
1840827
1895952
1953048
2011869
20656
21284
21868
22511
23228
23928
24585
25330
26118
26893
27721
28518
29378
30260
31248
32186
33197
34267
35328
36389
37485
38605
39802
40970
42256
43510
44852
46234
47594
49088
50614
52162
53687
55276
56902
58590
60452
62226
64112
66061
68033
70128
72206
74274
76541
78734
81165
83672
86095
88742
91483
94210
97111
100048
103040
106120
109456
112762
116221
119679
123243
127017
130869
134765
138851
143115
147448
151877
156406
161174
166002
170950
176135
181498
186921
192598
198412
204355
210567
216872
223463
230298
237194
244197
251539
259219
267046
275046
283381
291867
300688
309913
319262
328805
338800
349157
359683
370469
381514
393162
405186
417403
429913
442925
456093
469900
484083
498636
513572
529242
545102
561531
578567
595605
613565
632048
651163
670889
690780
711433
733011
755260
778230
801447
825669
850487
876028
902567
929780
958112
987207
1016815
1047679
1079016
1111389
1145051
1179559
1214906
1251667
1289253
1327971
1367937
1409287
1451719
1495515
1540534
1587298
1635289
1684979
1735940
1788359
1842538
1898183
1955233
2014045
20744
21359
22003
22646
23380
24065
24741
25498
26264
27084
27882
28682
29510
30442
31394
32368
33291
34325
35337
36408
37449
38628
39828
41026
42285
43513
44757
46048
47457
48902
50375
51848
53374
54999
56725
58400
60124
61908
63762
65654
67634
69713
71881
74007
76273
78502
80811
83254
85698
88328
91007
93743
96619
99398
102428
105581
108732
112089
115581
119119
122742
126430
130157
134180
138235
142504
146821
151186
155582
160184
165118
170129
175257
180575
185975
191606
197335
203212
209489
215787
222442
229053
235937
243202
250491
258059
265887
273931
282284
290852
299719
308807
318097
327825
337685
347932
358408
369280
380583
392042
403815
416044
428328
441407
454612
468389
482705
497343
512479
528308
544447
560683
577634
595303
613087
631604
650534
670131
690592
711330
732839
755288
778167
801799
826144
851265
876987
903690
931046
959353
988283
1018013
1048950
1080488
1113420
1147185
1181941
1217633
1254408
1292362
1331547
1371606
1413013
1455729
1499862
1545216
1591645
1639787
1689184
1740665
1793608
1848092
1903674
1961223
2020946
20744
21403
22074
22760
23436
24170
24932
25651
26438
27254
28047
28920
29804
30736
31675
32601
33621
34653
35730
36832
37972
39112
40278
41473
42754
44039
45376
46704
48082
49562
51105
52647
54220
55828
57458
59172
61019
62821
64699
66687
68705
70761
72864
74982
77224
79538
81911
84369
86908
89501
92242
95097
98013
101024
104047
107184
110445
113799
117315
120861
124437
128197
131979
135822
139975
144197
148615
153152
157845
162537
167467
172583
177894
183241
188787
194470
200395
206423
212739
219170
225792
232749
239949
247449
255052
262695
270776
279046
287324
295934
304777
314164
323621
333484
343688
354151
364806
375700
386906
398591
410707
423465
436211
449294
462947
476953
491338
506111
521508
537256
553410
570078
587536
605349
623712
642614
662165
682090
702748
724050
745949
768248
791472
815423
840014
865547
891746
918980
946848
975990
1005639
1035981
1067784
1100257
1133742
1168167
1203763
1240483
1278334
1317118
1357088
1398490
1440419
1483738
1528628
1574959
1622470
1671634
1722571
1775111
1829212
1884824
1942165
2001107
20516
21142
21836
22500
23182
23912
24617
25370
26138
27004
27830
28732
29624
30545
31471
32414
33394
34372
35412
36448
37578
38679
39827
41044
42328
43606
44924
46246
47651
49123
50556
52136
53677
55310
57020
58705
60496
62376
64279
66211
68191
70230
72382
74632
76866
79126
81550
83989
86504
89164
91893
94717
97512
100389
103559
106696
110001
113420
116915
120438
124142
127828
131613
135608
139745
144017
148321
152884
157495
162259
167181
172273
177465
182867
188478
194225
200113
206192
212305
218836
225435
232306
239260
246589
253890
261627
269660
277980
286419
295137
304174
313560
323136
333051
342997
353307
364026
375120
386585
398252
410607
423013
435798
449138
462786
477026
491678
506733
522196
538017
554230
570996
588374
606448
624495
643505
663243
683407
704157
725505
747360
770047
793314
817454
842333
867704
894005
921256
949015
977979
1007443
1038076
1069637
1102303
1135504
1170107
1205947
1242451
1280477
1319419
1359507
1401057
1444041
1487732
1532679
1579476
1627508
1677018
1727859
1780302
1833997
1889590
1946913
2006308
20843
21450
22090
22745
23436
24105
24829
25539
26326
27151
28004
28900
29745
30686
31578
32550
33528
34529
35625
36748
37846
38950
40137
41344
42634
43960
45301
46679
48080
49503
50967
52553
54112
55741
57447
59244
60938
62732
64655
66602
68593
70639
72748
74993
77233
79642
82080
84568
87142
89853
92578
95338
98267
101301
104442
107680
111009
114363
117770
121337
124927
128827
132784
136802
140764
145085
149446
153960
158688
163438
168373
173690
178902
184449
190093
195890
201907
208012
214370
220852
227515
234483
241627
248835
256323
264056
272112
280344
288848
297655
306660
316017
325475
335367
345535
356305
367031
378216
389683
401589
413638
426120
439162
452532
466106
480266
494914
509922
525524
541371
557716
574870
592467
610612
629171
648045
667778
688112
709247
730863
752961
775758
799372
823898
849266
875124
901992
929270
957492
986694
1016940
1048050
1080160
1113423
1147279
1182343
1218471
1255497
1293770
1333237
1374110
1415984
1459188
1503845
1549536
1596498
1644921
1695003
1746089
1799110
1853814
1910407
1968650
2028897
21200
21846
22553
23247
23915
24632
25411
26177
27015
27850
28699
29543
30412
31341
32305
33290
34337
35391
36461
37529
38682
39827
41086
42379
43723
45051
46459
47807
49340
50862
52399
53959
55621
57295
59075
60885
62787
64647
66657
68649
70815
72954
75194
77411
79757
82252
84696
87237
89884
92755
95560
98514
101455
104563
107709
111010
114298
117743
121289
125046
128866
132883
136870
140974
145274
149653
154158
158818
163718
168635
173762
178941
184245
189820
195488
201408
207724
214146
220739
227406
234241
241362
248682
256239
264073
272249
280478
289100
297763
306906
316246
325855
335803
346029
356437
367202
378516
390132
401915
414128
426612
439773
453142
466803
481041
495573
510691
526269
542433
558651
575536
593213
611358
630029
648935
668603
689208
709961
731713
753960
776909
800541
824815
850052
875678
902449
929906
958505
987810
1017859
1048683
1080560
1113221
1146877
1182162
1218516
1255566
1293627
1332749
1373603
1415259
1458303
1502762
1548325
1595439
1643824
1694104
1745790
1799216
1854399
1910988
1969160
2029162
20908
21537
22179
22849
23531
24240
24990
25759
26534
27260
28036
28905
29748
30613
31537
32447
33449
34460
35529
36614
37725
38888
40121
41381
42600
43928
45271
46675
48192
49648
51266
52867
54434
56130
57851
59599
61417
63216
65111
67058
69188
71352
73551
75764
78089
80438
82834
85310
87941
90519
93317
96191
99104
102157
105286
108480
111747
115136
118630
122268
126003
129921
133972
138054
142192
146664
151104
155803
160479
165386
170465
175731
181009
186517
192093
197985
204060
210227
216656
223291
230069
236949
244209
251598
259177
267066
275228
283738
292558
301537
310733
320470
330253
340199
350731
361274
372290
383572
395417
407402
420020
432778
445841
459130
473089
487447
502511
517523
533203
549552
566383
583390
601246
619861
638839
658413
678644
699199
720513
742422
764967
788291
812040
836799
862445
888761
915506
943450
972084
1001599
1032259
1063779
1095999
1129722
1164085
1199497
1236006
1273710
1312455
1352159
1393446
1436087
1479872
1524709
1571439
1619564
1669081
1720130
1772356
1826650
1882346
1939925
1999329
2060329
21300
21918
22601
23307
24037
24788
25578
26355
27211
28045
28928
29836
30743
31691
32673
33702
34782
35822
36924
38026
39144
40372
41654
42856
44227
45560
46961
48433
49909
51453
53053
54651
56312
58027
59776
61554
63462
65416
67429
69479
71547
73653
75940
78256
80614
83070
85506
88074
90789
93454
96238
99194
102227
105375
108730
112074
115477
118957
122586
126334
130150
134180
138256
142492
146764
151216
155751
160569
165564
170647
175889
181357
186839
192469
198486
204475
210691
217195
223752
230504
237425
244596
251994
259543
267432
275552
283983
292596
301621
310880
320447
330070
340174
350528
361137
372127
383374
395143
407367
419977
432774
445799
459617
473544
488098
502846
518167
533919
550328
567217
584732
602408
620831
639838
659426
679599
700267
721426
743383
765948
788838
813021
837817
863461
889588
916801
944629
973442
1003004
1033518
1065275
1097627
1131079
1165416
1201169
1237632
1275217
1314167
1354391
1395526
1437943
1482010
1527010
1574097
1622065
1671736
1723234
1775619
1829801
1885493
1942805
2001602
20635
21214
21872
22574
23269
24005
24748
25442
26202
27002
27835
28697
29551
30410
31285
32239
33185
34206
35244
36331
37450
38551
39859
41056
42377
43596
44863
46205
47586
48986
50528
52166
53829
55499
57184
59017
60769
62615
64500
66408
68444
70577
72745
74898
77171
79558
81961
84465
87059
89674
92475
95292
98099
101044
104199
107464
110751
114188
117519
121119
124767
128561
132431
136591
140911
145275
149597
154173
158887
163760
168797
173901
179172
184685
190247
196057
202078
208267
214620
221086
227740
234757
241986
249528
257188
264906
273055
281350
290081
298881
308019
317379
326994
336951
347163
357709
368714
379890
391449
403416
415832
428775
441838
455333
469132
483387
498319
513402
528883
545019
561652
579052
596617
614966
633523
652892
672886
693529
714722
736532
758894
782004
805750
830191
855557
881591
908203
935862
964498
994253
1024744
1056089
1088414
1121797
1156037
1191184
1227470
1264618
1303207
1342804
1383900
1426395
1470019
1514951
1561284
1609457
1658169
1708839
1761140
1815021
1870395
1927732
1986404
2047061
21098
21762
22398
23123
23879
24613
25363
26170
26934
27751
28578
29487
30372
31333
32293
33321
34356
35381
36446
37596
38718
39903
41112
42386
43718
45023
46410
47786
49289
50845
52356
53951
55567
57288
58959
60779
62637
64580
66551
68567
70670
72819
75035
77335
79710
82086
84583
87112
89828
92539
95397
98234
101297
104338
107505
110794
114123
117537
121103
124777
128567
132361
136363
140514
144933
149451
154016
158760
163654
168627
173706
178927
184439
190022
195510
201637
207723
214090
220538
227357
234269
241544
248952
256470
264209
272251
280551
289039
297870
306879
316211
325909
335735
345985
356507
367318
378451
389847
401763
414043
426614
439531
452667
466525
480598
495187
510203
525886
542100
558423
575359
592944
610990
629822
649135
668992
689593
710635
732623
754940
778146
801701
826437
851784
877883
904559
932071
960438
989892
1020378
1051420
1083649
1116705
1150387
1185277
1221229
1258354
1296819
1336276
1376718
1418699
1462176
1506947
1553251
1600622
1648997
1699554
1751539
1805107
1860069
1916729
1975188
2035983
20860
21503
22184
22832
23578
24286
25042
25768
26564
27408
28239
29123
30069
30979
31919
32885
33916
34912
36019
37079
38179
39412
40634
41933
43235
44575
45928
47289
48655
50195
51719
53280
54903
56574
58250
59989
61832
63781
65717
67772
69835
71920
74155
76361
78655
81114
83596
86088
88666
91348
94159
97044
100004
103036
106337
109509
112834
116303
119921
123613
127393
131237
135129
139333
143477
147795
152301
156989
161761
166622
171700
176956
182230
187803
193462
199325
205427
211676
218065
224723
231626
238662
245933
253395
261122
269103
277480
285909
294788
303764
313184
322800
332605
342715
353029
363795
374920
386143
398072
410405
423091
436074
449280
463119
477075
491668
506645
522052
537870
553982
570949
588141
605868
624035
643086
662695
682856
703692
725287
747405
770034
793444
817636
842636
868185
894587
921965
950072
979010
1009013
1039999
1071762
1104146
1137707
1172475
1208303
1245099
1283228
1322224
1362916
1404395
1446992
1490785
1536278
1582967
1631057
1680674
1732675
1785402
1840178
1896457
1953869
2014000
20851
21504
22151
22820
23507
24200
24966
25697
26463
27277
28108
28952
29797
30723
31695
32638
33572
34619
35744
36838
37994
39231
40436
41657
42954
44285
45712
47105
48542
49976
51523
53118
54768
56462
58227
60018
61831
63642
65556
67502
69590
71694
