102545
105102
107653
110390
113130
115985
118934
122116
125260
128361
131546
134894
138295
141747
145318
148986
152771
156692
160732
164963
169096
173385
177808
182192
186835
191664
196466
201497
206693
211895
217242
222817
228415
234279
240346
246405
252607
259200
265710
272369
279257
286435
293662
301128
308799
316788
324777
333166
341747
350391
359428
368528
377929
387458
397357
407541
417975
428612
439573
451005
462363
474234
486498
499012
511883
525190
538721
552528
566794
581411
596539
612044
627637
643765
660548
677519
695065
712967
731252
750507
770157
789720
810141
830882
852429
874334
897067
920262
944243
968988
994107
1019782
1046131
1073235
1101115
1129611
1159035
1189265
1220317
1252168
1284866
1318324
1352474
1388058
1424160
1461168
1499394
1538491
1578699
1620109
1662708
1706364
1750688
1796476
1843668
1891871
1941079
1991850
2044071
20978
21522
22074
22649
23265
23881
24526
25162
25854
26560
27241
27990
28757
29539
30319
31125
31931
32785
33667
34549
35466
36407
37373
38351
39387
40422
41477
42518
43595
44687
45863
47035
48296
49519
50825
52157
53568
54984
56504
58013
59568
61193
62820
64519
66212
67942
69675
71533
73413
75430
77377
79457
81542
83725
85997
88243
90530
92910
95444
98072
100626
103305
106187
109065
111984
115069
118068
121240
124537
127895
131336
134823
138553
142245
146057
150068
154162
158446
162679
167092
171613
176250
181051
186030
190949
196250
201457
207018
212492
218175
224149
230146
236398
242727
249311
256001
262851
269998
277261
284765
292605
300655
308799
316985
325526
334358
343502
352773
362471
372416
382459
392851
403721
414677
425847
437351
449351
461596
474293
487166
500418
514073
528037
542216
557160
572464
588017
603885
620449
637540
654946
673088
691416
710443
730055
749993
770193
791511
813235
835761
858838
882228
906530
931412
956730
982863
1010095
1037911
1066279
1095511
1125731
1156780
1188773
1221462
1255026
1289567
1324984
1361067
1398331
1436875
1476215
1517088
1559082
1602050
1645964
1691354
1738029
1785785
1834907
1885455
1937327
1991471
2046544
21125
21719
22344
22932
23589
24299
24984
25751
26466
27246
28008
28803
29591
30416
31286
32128
33007
33930
34921
35916
36919
38009
39046
40074
41201
42361
43499
44697
45929
47176
48509
49915
51258
52745
54203
55693
57265
58858
60472
62184
63864
65678
67453
69366
71332
73359
75384
77543
79719
81925
84351
86628
89052
91536
94082
96657
99365
102206
105030
108089
111174
114316
117503
120745
124089
127627
131199
134888
138656
142504
146519
150706
154925
159114
163532
168040
172716
177525
182307
187383
192798
198264
203756
209621
215535
221496
227922
234313
241043
247822
254759
261813
269225
276867
284580
292578
300822
309206
317888
327010
336285
345844
355542
365484
375698
386253
397129
408426
420094
432249
444457
456864
469637
483053
496702
510837
525390
540210
555471
571061
587334
604233
621372
639047
656964
675646
694558
714271
734485
755467
777191
798791
821451
845065
869161
893692
919209
945061
972164
999751
1028183
1057292
1087075
1117802
1149856
1182441
1215997
1250400
1285603
1322243
1359943
1398150
1437799
1478327
1520419
1563636
1607898
1653790
1700984
1749260
1799217
1850241
1903074
1957109
2012813
20680
21261
21845
22480
23103
23735
24400
25111
25809
26570
27291
28080
28917
29751
30580
31444
32332
33250
34147
35153
36169
37261
38330
39452
40605
41810
43008
44233
45469
46843
48150
49536
50948
52424
53974
55527
57115
58735
60422
62188
64009
65859
67720
69665
71710
73726
75884
78111
80316
82673
85006
87415
89894
92388
95092
97778
100521
103456
106384
109430
112546
115713
119111
122670
126266
129764
133395
137332
141250
145345
149540
154056
158432
162937
167621
172388
177390
182539
187700
193220
198764
204335
210291
216253
222439
228941
235622
242396
249384
256606
264018
271568
279546
287643
295896
304408
313326
322419
331698
341378
351195
361258
371778
382563
393764
405311
417095
429325
441809
454784
467871
481463
495490
509578
524350
539486
555450
571588
588140
605286
623034
641102
659807
678960
698531
718931
739770
761379
783532
806589
830178
854424
879481
904689
930887
958436
986010
1014391
1044087
1074542
1106051
1138349
1171473
1205684
1240880
1277318
1314736
1353024
1392468
1433051
1474912
1517615
1561810
1607808
1654544
1702543
1752418
1803635
1856181
1910467
1966163
2023853
20819
21410
22032
22696
23365
24067
24749
25461
26191
26943
27698
28502
29331
30198
31089
32030
32921
33913
34916
35929
36992
38044
39186
40335
41506
42666
43968
45288
46582
47883
49289
50734
52282
53828
55418
56982
58658
60466
62253
64064
65934
67835
69842
71841
73982
76293
78564
80861
83250
85659
88269
90887
93598
96308
99181
102154
105178
108251
111346
114570
117956
121416
124948
128621
132471
136412
140472
144481
148723
153138
157647
162256
167031
171991
177073
182381
187749
193365
199065
205096
211216
217547
224087
230762
237766
244826
252060
259493
267266
275162
283250
291615
300153
309039
318450
328015
337841
347813
358128
368767
379758
391058
402712
414687
427109
439837
452826
466448
480155
494317
508962
524176
539602
555754
572439
589401
606954
624900
643471
662526
682372
702847
723700
745251
767618
790748
814195
838625
863802
889358
916004
943425
971608
1000413
1030471
1061447
1093106
1126103
1159638
1194517
1229704
1266801
1304698
1343723
1383748
1425550
1468320
1512246
1557353
1604106
1652250
1701947
1752734
1805453
1859623
1915166
1972459
2031436
20941
21557
22165
22834
23508
24211
24930
25640
26386
27194
27991
28792
29611
30512
31405
32401
33395
34484
35507
36583
37744
38888
40066
41174
42387
43789
45089
46419
47827
49263
50841
52347
54047
55701
57364
59024
60833
62710
64607
66517
68468
70518
72656
74873
77128
79407
81779
84339
86864
89532
92214
94960
97924
100915
103918
106992
110283
113552
116944
120473
124139
127999
131870
135822
139930
144155
148628
153159
157659
162493
167336
172397
177550
183073
188666
194615
200519
206475
212762
219212
225760
232425
239417
246740
254220
261702
269674
277848
286167
294767
303722
312962
322379
332113
342159
352420
362899
373978
385436
397180
409430
421914
434752
447943
461715
475779
490311
505192
520579
536346
552695
569511
586770
604709
622995
641963
661638
681596
702677
724246
746199
768908
792444
816465
841616
867252
893837
921065
949146
977877
1008012
1039011
1070552
1103084
1136812
1171739
1207702
1244927
1282738
1321934
1362406
1404411
1447281
1491467
1537495
1584698
1632845
1682853
1734156
1787218
1842289
1898517
1957251
2017328
20678
21351
22029
22680
23424
24144
24939
25683
26501
27294
28149
29010
29899
30846
31796
32761
33767
34803
35854
37025
38171
39288
40434
41626
42882
44178
45535
47013
48433
49843
51387
52911
54620
56316
58020
59811
61639
63578
65513
67482
69585
71779
74000
76225
78579
80989
83538
86099
88751
91480
94353
97291
100233
103255
106469
109813
113200
116628
120161
123876
127714
131630
135714
139923
144298
148773
153369
158117
163002
167959
173220
178694
184203
189976
195915
201990
208172
214679
221202
227989
234939
242304
249792
257629
265710
273978
282443
291159
300236
309274
319030
329045
339231
349734
360456
371694
383149
395104
407365
419979
433031
446541
460574
474750
489712
505013
520583
536712
553420
570410
588183
606808
625705
645259
665235
685862
707069
729185
751862
775400
799551
824379
850067
876648
904122
932166
961149
991112
1021865
1053564
1086259
1120491
1155403
1191516
1228701
1266883
1306462
1346938
1388949
1432140
1476560
1522629
1569803
1618937
1669537
1721661
1775427
1830791
1888343
1946940
2007754
20877
21529
22179
22919
23624
24337
25084
25886
26689
27471
28288
29162
30091
31020
32034
33041
34030
35111
36198
37309
38413
39636
40893
42168
43469
44804
46239
47708
49174
50685
52264
54006
55778
57513
59370
61221
63130
65134
67297
69391
71556
73812
76129
78519
80928
83425
86119
88816
91628
94438
97344
100332
103549
106842
110179
113711
117311
120947
124680
128576
132596
136712
141022
145406
150001
154647
159488
164600
169719
175062
180652
186339
192231
198229
204450
210897
217425
224298
231365
238733
246283
253904
261836
270136
278490
287230
296264
305609
315268
325076
335378
346060
356988
368123
379747
391695
404048
416760
429780
443310
457205
471482
486258
501431
517111
533383
550240
567731
585651
604214
623187
642729
663053
683947
705875
728096
750965
774598
799087
824388
850319
876901
904431
933153
962208
992598
1024225
1056732
1090135
1124724
1160151
1196595
1234299
1273192
1313375
1354719
1397283
1441306
1486216
1533220
1581377
1631582
1683424
1736472
1791630
1848490
1906742
1967138
2029329
20985
21680
22329
23016
23688
24413
25155
25945
26752
27543
28407
29361
30229
31172
32160
33225
34246
35362
36499
37675
38937
40213
41484
42801
44151
45537
47025
48510
50040
51570
53209
54930
56631
58419
60207
62060
64042
66039
68122
70333
72591
74948
77347
79865
82410
85036
87751
90463
93293
96289
99399
102538
105775
109137
112602
116153
119770
123619
127512
131574
135810
140231
144641
149294
154020
158900
163922
169203
174592
180105
185886
191813
197946
204268
210761
217638
224653
231812
239189
246778
254561
262690
270978
279705
288659
297834
307324
317146
327457
337917
348748
359733
370989
382803
394912
407618
420603
433857
447800
461999
476698
491973
507650
523869
540557
557741
575535
594114
612999
632801
653064
673980
695543
717788
740609
764069
788686
813783
839609
866383
893869
922496
952043
982594
1013912
1046344
1079803
1114175
1149713
1186380
1224157
1263428
1303514
1344991
1388399
1432962
1478336
1525601
1573932
1624155
1676273
1729644
1784380
1840721
1899687
1960266
2022862
21039
21739
22457
23151
23901
24655
25431
26273
27096
28012
28871
29782
30692
31649
32662
33638
34691
35813
36897
38085
39286
40602
41975
43320
44727
46211
47654
49131
50640
52217
53964
55733
57500
59331
61218
63169
65219
67378
69530
71753
74032
76346
78785
81323
83928
86623
89470
92271
95218
98206
101491
104788
108295
111766
115356
119032
122782
126688
130673
134899
139229
143694
148419
153217
158140
163217
168434
173806
179324
185084
191012
197079
203404
209867
216645
223611
230847
238302
246033
253903
262021
270458
279213
288167
297129
306766
316470
326395
336960
347802
359081
370698
382696
395094
407624
420686
434070
448135
462327
477338
492570
508245
524743
541452
559197
577265
595800
614858
634450
654830
675901
697800
720054
742963
766719
791303
816356
842476
869655
897336
925993
955564
986228
1017958
1050626
1084526
1119367
1155068
1191881
1230258
1270041
1311108
1353287
1396922
1441377
1488175
1535904
1585532
1636338
1688569
1742539
1798376
1855670
1915349
1977060
2040401
21002
21690
22354
23059
23767
24556
25286
26081
26921
27762
28621
29523
30493
31456
32401
33423
34478
35580
36788
37948
39150
40420
41740
43129
44532
45978
47425
48992
50494
52168
53812
55476
57285
59060
60963
62921
64959
67038
69130
71373
73617
76052
78460
81006
83649
86413
89152
92034
94957
98004
101177
104442
107807
111203
114737
118377
122129
125973
129949
134055
138449
142815
147315
152168
157206
162307
167423
172810
178522
184189
190114
196315
202633
209167
215952
222860
230156
237474
245068
253196
261429
269681
278392
287368
296619
306278
315969
326118
336709
347390
358654
370077
382158
394606
407175
420371
433914
447921
462287
477173
492468
508067
524387
541445
558738
576997
595581
614788
634491
655021
675980
697620
720284
743455
767223
791667
817328
843725
870768
898641
927375
957211
988159
1020175
1053208
1086661
1121226
1156852
1194429
1232829
1272434
1313344
1355643
1399507
1444327
1490807
1538913
1588801
1640391
1693284
1747681
1803777
1862483
1922178
1983832
2047922
21141
21877
22555
23293
24011
24771
25564
26407
27294
28195
29086
30007
30989
32002
33053
34167
35281
36407
37585
38746
39993
41268
42601
43967
45299
46745
48218
49843
51505
53262
54968
56726
58436
60272
62224
64305
66274
68335
70497
72854
75204
77652
80185
82847
85509
88231
91058
93963
97005
100136
103430
106781
110138
113657
117352
121267
125240
129349
133612
137809
142215
146817
151555
156453
161388
166705
172055
177599
183399
189307
195260
201408
207784
214403
221278
228442
235819
243367
251300
259488
267847
276582
285805
294955
304434
314314
324385
334817
345637
356701
368141
380072
392289
404883
418079
431857
445583
460134
474990
490100
505900
522114
539014
556470
574537
592888
611976
631927
652426
673522
695012
717623
740789
764823
789518
814794
841333
868262
896293
925258
955290
986014
1017762
1050496
1084579
1119598
1155997
1193600
1232393
1272194
1313247
1355535
1399146
1444281
1491084
1539539
1588596
1639724
1692480
1747111
1803470
1861807
1921887
1984265
2048558
21000
21696
22419
23145
23901
24630
25413
26228
27065
27934
28845
29778
30722
31724
32726
33793
34937
36047
37197
38369
39596
40938
42241
43670
45107
46555
48019
49610
51194
52832
54483
56237
58074
59918
61847
63855
65944
68076
70165
72371
74695
77156
79666
82232
84798
87556
90425
93401
96486
99560
102800
106039
109464
112997
116512
120316
124148
128268
132487
136715
141131
145652
150289
155092
160062
165277
170648
176206
181794
187637
193764
200032
206696
213386
220228
227355
234503
241962
249754
257817
266228
274932
283740
292847
302232
312072
322219
332573
343354
354440
365769
377731
389980
402564
415614
429109
442972
457112
471913
487296
502981
519410
536171
553462
571347
589648
608645
628286
648525
669548
691090
713602
736669
760473
785310
810783
836975
863902
891779
920513
950243
981067
1012460
1045224
1079188
1114447
1150642
1187770
1225961
1265667
1306802
1349037
1392485
1437641
1484107
1532155
1581822
1632795
1685747
1740300
1796556
1854688
1914406
1976313
2040016
21044
21703
22375
23107
23856
24603
25399
26209
27104
27999
28899
29802
30748
31720
32720
33764
34906
36099
37284
38504
39793
41182
42528
43882
45291
46748
48293
49880
51466
53089
54833
56488
58221
60097
62028
64064
66071
68175
70352
72558
74891
77327
79758
82279
84900
87620
90368
93318
96235
99420
102642
105919
109287
112829
116454
120219
124143
128143
132347
136615
140963
145549
150312
155052
160077
165123
170433
175923
181550
187330
193272
199512
206031
212859
219682
226755
234038
241648
249357
257379
265632
274212
283050
292340
301919
311815
321995
332404
343254
354389
365732
377621
389819
402467
415739
429198
443202
457549
472277
487668
503600
519830
536759
554108
572120
590395
609416
629368
649853
670998
692964
715254
738302
762140
786888
811922
837972
864919
893071
921465
951457
982030
1013609
1046554
1080328
1115437
1151434
1188762
1227409
1267076
1308014
1350384
1394227
1438981
1485769
1533811
1583568
1635155
1687906
1742601
1799105
1856857
1916557
1978678
2042963
21012
21676
22369
23128
23845
24616
25409
26215
27069
27898
28791
29755
30759
31732
32729
33806
34898
35996
37140
38289
39550
40815
42106
43453
44880
46317
47778
49358
50938
52610
54281
56092
57861
59869
61808
63806
65955
68095
70304
72555
74947
77345
79814
82299
84886
87689
90570
93434
96432
99610
102771
106114
109493
113082
116760
120573
124407
128527
132579
136843
141248
145871
150611
155442
160617
165776
171275
176911
182540
188567
194612
200959
207417
214177
221093
228211
235629
243349
251168
259307
267764
276389
285405
294788
304262
314248
324449
334882
345785
357059
368499
380507
392727
405405
418479
431982
445800
460089
475219
490622
506407
522860
539831
557141
575150
593653
612697
632640
653183
674215
696044
718497
741777
765659
790416
816099
842646
870307
898605
927961
958000
988872
1020822
1053790
1087828
1123125
1159569
1197564
1236123
1276415
1317782
1360644
1404606
1449836
1496902
1545763
1595691
1647148
1700635
1755630
1812523
1871287
1931723
1994106
2058526
21360
22027
22755
23483
24261
25031
25803
26679
27506
28412
29344
30293
31210
32260
33317
34423
35537
36714
37930
39144
40433
41713
43066
44423
45858
47337
48902
50546
52144
53838
55654
57518
59350
61248
63318
65315
67437
69641
71939
74303
76740
79235
81808
84503
87183
90047
93012
95981
99000
102254
105514
108978
112468
116199
119944
123787
127854
131973
136270
140648
145179
149958
154729
159614
164872
170229
175769
181561
187483
193640
199999
206386
213228
220087
227360
234694
242367
250223
258323
266668
275242
284216
293467
302937
312721
322835
333342
344191
355342
366884
378660
391010
403682
416770
430236
444169
458651
473421
488704
504456
520871
537731
555035
572948
591465
610416
629992
650549
671793
693395
716173
739509
763334
788166
813721
840236
867338
895514
924705
954638
985553
1017798
1050543
1084479
1119821
1155979
1193884
1232213
1272231
1313236
1355992
1400246
1445694
1492594
1541143
1590942
1642368
1695335
1750243
1807066
1866177
1926803
1988937
2053925
20964
21666
22372
23116
23885
24642
25461
26332
27164
28019
28958
29926
30968
31927
33005
34083
35189
36344
37506
38701
39935
41256
42588
43975
45424
46901
48372
49983
51591
53182
54953
56787
58658
60542
62511
64519
66586
68805
70987
73291
75680
78154
80672
83258
85862
88610
91570
94569
97557
100692
104002
107455
110908
114570
118343
122106
126216
130286
134431
138813
143363
147974
152739
157827
163087
168363
173733
179303
185200
191163
197480
203871
210472
217368
224425
231695
239135
246809
254823
263251
271786
280601
289641
299058
308877
318939
329179
339701
350670
362090
373686
385675
398210
411174
424524
438160
452313
467078
482036
497647
513828
530247
547278
564929
583174
602339
621956
642143
662926
684297
706489
729328
753150
777406
802286
828332
855397
883162
911655
941150
971812
1003708
1035852
1069759
1104395
1140061
1177070
1215144
1254440
1295139
1337246
1380690
1425566
1471463
1519138
1568360
1619404
1672083
1726135
1782173
1839906
1899501
1961280
2024909
20862
21555
22287
22987
23735
24544
25365
26218
27035
27915
28807
29732
30693
31648
32668
33788
34850
36013
37193
38404
39626
40935
42261
43657
45155
46619
48106
49636
51215
52762
54431
56271
58057
59910
61835
63846
65879
68038
70194
72461
74767
77110
79615
82242
84951
87696
90506
93533
96651
99816
103037
106356
109791
113399
117032
120821
124666
128724
132943
137259
141721
146302
151039
156139
161225
166551
171930
177395
183090
188970
194924
201123
207754
214472
221339
228574
236120
243942
251817
259804
268185
276846
285941
295276
304959
314803
324965
335391
346175
357260
369058
381054
393425
406255
419442
433102
447173
461670
476655
492226
507965
524548
541650
559216
577299
596060
615506
635428
655890
677067
698884
721635
745111
769406
794217
820226
847189
874752
903059
932325
962531
993865
1026030
1059173
1093457
1129141
1165773
1203597
1242823
1283101
1324842
1367965
1412630
1458308
1505147
1554247
1604517
1656530
1710687
1766022
1822962
1882091
1943766
2007255
20603
21256
21947
22712
23444
24218
24979
25772
26635
27498
28376
29257
30232
31256
32242
33289
34407
35559
36722
37904
39127
40381
41700
43061
44408
45835
47332
48876
50455
52096
53737
55411
57181
58979
60970
62981
64991
67201
69376
71621
73953
76246
78792
81302
83956
86595
89367
92330
95332
98504
101700
105068
108465
112062
115687
119333
123141
127068
131186
135456
139928
144493
149181
154039
158985
164186
169574
175144
180684
186468
192459
198712
205233
211982
218864
225919
233162
240808
248508
256522
264943
273560
282502
291706
301178
310935
320987
331533
342239
353279
364735
376411
388665
401450
414297
427653
441374
455685
470513
485589
501343
517495
534076
551370
569446
587951
607049
626768
646982
668131
690010
712568
735754
759594
784289
809741
836036
863099
891122
919904
949545
980360
1011890
1044927
1078871
1113781
1149939
1187244
1225854
1265400
1306427
1348773
1392593
1437650
1484259
1532444
1582053
1633195
1686123
1740695
1796924
1854953
1915392
1977517
2041598
21121
21809
22493
23236
23983
24745
25553
26384
27188
28062
29028
30031
31031
32017
33077
34143
35293
36465
37633
38868
40167
41514
42817
44191
45616
47075
48674
50247
51857
53485
55242
56913
58740
60703
62705
64762
66842
69032
71272
73580
75910
78403
80934
83507
86232
89094
91970
94976
98164
101275
104639
107945
111432
115014
118852
122674
126729
130903
135097
139501
144027
148788
153701
158670
163932
169215
174806
180519
186529
192486
198728
205207
211851
218732
225799
233090
240533
248302
256325
264798
273350
282116
291265
300758
310567
320532
330942
341604
352674
364119
375724
387924
400566
413542
427049
440981
455234
469894
485111
501046
517592
534409
551708
569385
588013
606855
626353
646641
667673
689624
712179
735216
759253
783821
809015
835109
861951
889709
918615
948368
979081
1010800
1043657
1078015
1112919
1148946
1186279
1225281
1265244
1306340
1348835
1392334
1437295
1483954
1532228
1581978
1633310
1686434
1741349
1797740
1855815
1915994
1978769
2042734
21175
21896
22633
23392
24149
24926
25667
26548
27425
28347
29248
30201
31206
32192
33280
34398
35527
36631
37844
39023
40344
41603
43033
44424
45846
47300
48831
50434
52138
