102590
105270
108075
110886
113866
116819
119852
123007
126297
129611
132972
136363
140096
143762
147591
151525
155562
159674
163976
168282
172719
177232
181976
186740
191715
196765
201986
207363
212933
218667
224568
230442
236783
243085
249695
256516
263416
270426
277800
285301
292875
300707
308853
317135
325825
334492
343583
353070
362510
372076
381921
392175
402933
413763
424955
436320
448115
460122
472417
485220
498258
511625
525512
540082
554676
569549
584864
600588
617135
633853
651200
668870
687057
705631
724823
744264
764170
784941
806204
827932
850361
873550
897347
921894
947246
973077
999514
1026661
1054954
1083821
1113523
1144052
1175525
1207246
1240405
1274501
1309422
1344870
1381733
1419293
1458357
1498104
1539044
1581149
1624209
1668718
1714638
1761871
1810223
1859944
1911188
1963485
2017391
20507
21042
21602
22164
22781
23380
24002
24681
25372
26041
26784
27541
28325
29090
29945
30757
31636
32512
33397
34340
35304
36279
37240
38280
39352
40462
41568
42681
43905
45135
46440
47760
49161
50549
52025
53447
54928
56424
57911
59536
61211
62879
64577
66340
68272
70162
72134
74096
76169
78319
80527
82721
85060
87474
89945
92411
95064
97765
100522
103182
106056
109083
112129
115217
118534
121768
125117
128561
132150
135877
139727
143666
147659
151705
155986
160378
164903
169500
174255
179079
184182
189359
194732
200311
206003
211802
217624
223716
230094
236640
243334
250250
257398
264820
272209
279838
287774
296048
304454
313042
321980
330810
340194
349639
359478
369652
380031
390808
401910
413376
425133
437281
449859
462642
475889
489387
503286
517505
532250
547426
563211
579013
595474
612436
629876
647758
666238
685069
704786
724983
745868
767090
789102
811753
835114
858797
883276
908630
934555
961164
988658
1017096
1046090
1076195
1106955
1138698
1171260
1204663
1239426
1274931
1311454
1349137
1387716
1427479
1468598
1510499
1553877
1598657
1644870
1691772
1740078
1789533
1841357
1894470
1949025
2004961
20613
21199
21787
22396
23022
23664
24376
25100
25872
26611
27382
28181
28999
29876
30713
31599
32520
33489
34469
35530
36534
37605
38683
39825
40991
42135
43351
44569
45922
47275
48690
50101
51526
53056
54639
56173
57810
59514
61248
62959
64858
66723
68619
70626
72603
74719
76860
79034
81333
83690
86071
88670
91264
93869
96644
99407
102305
105288
108352
111442
114739
118103
121442
124885
128581
132229
136002
139972
144040
148174
152523
157054
161650
166413
171331
176426
181617
186944
192452
198139
203929
210098
216175
222430
228764
235433
242347
249499
256957
264435
272050
280048
288220
296630
305156
314017
323184
332701
342343
352460
362788
373292
384295
395525
407426
419546
431687
444348
457330
470736
484339
498656
513228
528039
543697
559750
576214
593282
610707
628990
647620
666510
686072
706480
727762
749278
771020
794000
817376
841447
866028
891351
917782
944922
972871
1001510
1031163
1061844
1093191
1125428
1158765
1193017
1228304
1264691
1302181
1340483
1380122
1420949
1463326
1506559
1550972
1596812
1644721
1693560
1743655
1795364
1848179
1902802
1959340
2017546
20914
21519
22196
22850
23545
24236
24948
25694
26446
27240
28073
28920
29752
30662
31568
32537
33551
34579
35627
36694
37749
38889
39959
41053
42232
43535
44822
46183
47573
48950
50421
51906
53440
54993
56612
58290
60072
61824
63660
65597
67517
69473
71564
73660
75894
78205
80523
82917
85378
87931
90613
93330
96124
99009
101926
104903
108009
111222
114598
118097
121611
125258
129039
133001
136990
141059
145340
149661
154217
158851
163633
168556
173664
178779
184141
189607
195246
201131
207148
213300
219786
226410
233313
240346
247661
255046
262835
270822
278948
287412
296022
304957
314112
323432
333369
343554
353905
364776
375834
387244
398976
410893
423312
435960
449072
462525
476387
490768
505539
520707
536519
552738
569365
586657
604189
622564
641459
660775
681042
701711
723119
745126
767558
790961
814777
839479
864990
891170
918412
946145
975080
1004812
1035645
1066876
1099432
1132691
1167192
1202681
1239396
1277139
1316169
1356225
1397604
1440653
1484243
1529628
1576249
1624479
1673684
1724842
1777495
1831372
1886633
1944141
2003438
20481
21086
21761
22427
23107
23797
24482
25201
25931
26722
27563
28449
29272
30204
31092
32100
33124
34165
35201
36329
37425
38527
39699
40904
42133
43462
44812
46121
47500
49009
50503
52050
53684
55283
56966
58767
60566
62374
64385
66456
68486
70676
72819
75044
77420
79803
82273
84800
87521
90293
93097
96095
99120
102160
105405
108623
111996
115337
118828
122558
126360
130220
134228
138524
142806
147258
151805
156549
161477
166412
171611
177035
182492
188151
194166
200202
206315
212752
219336
226133
233114
240436
247824
255325
263089
271149
279476
288039
297011
306335
315871
325732
335862
346044
356984
368035
379526
391252
403384
415967
428910
442336
456218
470496
485244
500241
515904
532052
548600
565799
583355
601680
620111
639542
659507
680188
701454
723407
746014
769238
793231
817931
843641
870120
897492
925659
954586
984357
1015436
1047166
1079736
1113443
1148700
1184668
1221837
1260192
1299839
1340790
1383111
1426366
1471400
1517849
1565748
1614412
1665247
1717440
1771634
1827168
1884624
1943950
2005144
20747
21415
22103
22748
23488
24203
24959
25710
26536
27354
28232
29083
29982
30923
31879
32901
33977
35051
36173
37313
38448
39647
40914
42148
43486
44784
46255
47681
49122
50662
52215
53872
55656
57421
59250
61082
62934
64953
67039
69140
71221
73430
75837
78225
80698
83219
85912
88694
91595
94494
97435
100566
103792
107111
110541
114054
117711
121426
125224
129061
133130
137274
141603
146052
150644
155335
160226
165331
170557
176014
181553
187279
193172
199459
205809
212355
219166
226281
233625
241142
248857
256752
264901
273568
282402
291330
300556
310075
319973
330150
340743
351676
362881
374338
386452
398561
411304
424474
437967
451972
466549
481656
497071
512985
529515
546549
563955
582031
600904
619871
639868
660107
681061
702964
725582
748627
772657
797652
823185
849645
876684
904653
933657
963565
994653
1026436
1059400
1093451
1128763
1165121
1203136
1242039
1282319
1323801
1366262
1409936
1455042
1502193
1550675
1600533
1651721
1704977
1759405
1816137
1874721
1935221
1997611
2062014
21466
22072
22778
23464
24241
25035
25793
26613
27483
28345
29245
30167
31077
32051
33042
34080
35152
36268
37499
38707
39939
41268
42577
43994
45356
46863
48366
49907
51511
53171
54939
56704
58508
60459
62472
64479
66578
68647
70912
73212
75627
78097
80644
83286
85996
88796
91678
94695
97726
100853
104128
107508
110962
114561
118326
122097
126045
130163
134392
138800
143269
148087
152894
157875
163062
168323
173848
179604
185462
191502
197772
204457
211127
217935
225110
232481
239981
247736
255981
264331
273092
281890
291122
300653
310476
320718
331064
341714
352767
364406
376293
388799
401504
414442
427909
442021
456244
471251
486672
502726
519249
536234
553698
571541
590248
609433
629562
650269
671496
693379
716266
739293
763694
788674
814438
841421
868999
897360
926931
957107
988569
1020998
1054180
1088897
1124724
1161522
1200000
1239386
1280659
1322812
1366262
1411239
1457949
1506001
1555600
1606825
1659734
1714136
1770736
1829003
1888848
1950862
2014914
20672
21354
22047
22786
23507
24261
25048
25852
26715
27598
28495
29416
30425
31454
32453
33589
34714
35852
37041
38236
39468
40824
42147
43525
44968
46458
47937
49455
51120
52820
54492
56292
58125
59996
61975
64038
66188
68403
70701
73057
75500
78000
80573
83287
86092
89006
91917
94912
97917
101250
104577
107993
111548
115231
118933
122892
127110
131334
135600
140017
144678
149596
154538
159537
164756
170236
175874
181741
187771
194049
200523
207128
214185
221121
228290
235874
243631
251728
259991
268472
277338
286659
296077
305912
316204
326679
337418
348723
360366
372231
384504
397152
410233
423840
437846
452327
467232
482794
498702
515205
532431
550219
568664
587358
607031
627351
648104
669771
692100
715159
738922
763617
788965
815117
841939
870023
898806
928704
959939
991589
1024586
1058804
1094194
1130581
1167892
1206756
1246825
1288639
1331323
1375099
1420883
1468337
1516990
1567552
1619813
1673379
1728992
1786441
1846046
1907668
1971893
2037520
20855
21523
22252
22989
23735
24530
25336
26118
26957
27845
28745
29735
30706
31680
32774
33845
34948
36073
37305
38577
39879
41198
42599
43971
45458
47030
48597
50156
51876
53590
55369
57143
59064
61167
63138
65272
67528
69775
72189
74673
77233
79728
82338
85100
87872
90739
93732
96952
100106
103528
107035
110723
114351
118191
122165
126334
130622
135099
139702
144345
149277
154248
159375
164753
170367
176099
181867
187994
194117
200681
207405
214426
221717
229206
236797
244671
252967
261507
270223
279198
288376
297878
307680
318057
328642
339688
351079
362882
374963
387650
400543
414000
427943
442479
457284
472704
488463
504997
521791
539360
557248
575765
595086
614773
635452
656661
678646
701441
725138
749369
774516
800342
826911
854633
883027
912741
943459
974951
1007618
1041380
1075946
1111977
1149208
1187529
1227420
1268723
1311452
1355400
1400849
1447916
1496510
1546489
1598436
1652236
1707882
1765076
1824163
1885442
1948749
2014266
20634
21319
22056
22807
23588
24388
25178
26044
26898
27789
28719
29695
30677
31703
32757
33903
34970
36157
37330
38665
39960
41273
42682
44106
45535
47105
48673
50369
52052
53803
55602
57457
59375
61307
63345
65449
67616
69869
72219
74626
77147
79718
82452
85202
88151
91113
94137
97288
100584
103871
107349
110885
114622
118394
122333
126461
130657
135054
139655
144515
149320
154328
159499
164871
170476
176107
182187
188343
194649
201164
207863
214779
222008
229424
237175
245226
253262
261876
270740
279605
289037
298739
308711
319287
330127
341197
352804
364733
377081
389832
403078
416503
430528
445049
460030
475312
491393
508047
524916
542852
561200
580379
599776
620075
641154
662786
684993
708270
732219
756951
782380
808480
835681
864087
893297
923379
954363
986342
1019614
1053972
1089290
1125905
1164074
1203102
1244021
1286073
1329465
1374192
1420543
1468001
1517255
1568736
1621714
1676647
1732808
1791443
1851775
1913919
1978774
2045713
21058
21772
22481
23253
24007
24813
25651
26518
27456
28443
29423
30515
31645
32715
33870
35008
36136
37386
38645
39976
41326
42709
44148
45691
47193
48820
50441
52133
53842
55669
57547
59563
61582
63704
65848
68165
70423
72859
75250
77867
80579
83361
86185
89074
92160
95361
98591
101985
105372
108912
112592
116395
120326
124524
128749
133193
137756
142318
147074
152012
157193
162462
168094
173702
179468
185304
191557
197933
204484
211293
218412
225845
233475
241401
249346
257744
266303
275343
284637
294331
304155
314501
325116
336078
347523
359520
371782
384450
397507
410978
424827
439229
453957
469396
485138
501442
518389
535982
554104
572605
592305
612370
633047
654259
676489
699472
723055
747361
772510
798734
825672
853673
882722
912451
943216
975349
1008114
1042290
1077676
1114223
1152137
1190805
1231327
1273168
1316113
1360860
1406595
1454922
1504472
1555382
1608151
1662871
1719238
1777635
1837637
1899815
1964122
2030305
20992
21709
22455
23199
23946
24769
25669
26512
27394
28315
29303
30329
31349
32364
33469
34607
35768
36972
38227
39535
40854
42177
43574
44982
46571
48132
49763
51390
53137
54914
56659
58585
60423
62510
64751
66929
69213
71594
74075
76582
79161
81793
84560
87350
90315
93330
96513
99861
103209
106708
110442
114174
118019
121972
126065
130240
134729
139323
144076
148922
153990
159326
164592
170157
175916
181817
188172
194409
201017
207810
214943
222277
229833
237652
245560
253821
262538
271518
280713
290200
299815
309893
320346
331311
342523
354132
366298
378355
391193
404447
418263
432399
447264
462489
478056
494352
511024
528194
546051
564392
583580
603421
624050
645368
667152
689546
712853
737107
762092
787908
814693
842565
870988
900863
931116
962689
995407
1028865
1063367
1099527
1136651
1175063
1214926
1256093
1298619
1342317
1387882
1435028
1483516
1533871
1585715
1639502
1694954
1752473
1811809
1873067
1936604
2002035
20764
21481
22226
22996
23745
24524
25374
26303
27152
28107
29034
30041
31059
32121
33191
34278
35463
36672
37897
39168
40528
41823
43242
44714
46259
47823
49461
51134
52859
54599
56444
58325
60298
62292
64368
66490
68782
71126
73558
76060
78656
81283
83895
86761
89697
92783
95906
99183
102561
106064
109632
113279
117139
121147
125159
129341
133686
138150
142867
147702
152770
157964
163342
168771
174510
180480
186638
192920
199476
206145
213069
220247
227696
235363
243304
251766
260188
269019
278134
287523
297349
307411
317690
328464
339589
351155
363106
375524
388174
401330
415052
429078
443453
458731
474195
490556
507102
524365
542059
560630
579559
599288
619665
640596
662273
684522
707910
731983
756556
782291
808752
836173
864800
894473
924876
955870
988079
1021726
1056410
1092582
1129520
1167949
1207569
1248382
1290934
1334762
1380245
1427098
1475152
1525258
1577282
1630699
1685699
1743305
1802044
1863141
1926245
1991526
2059104
21524
22250
23022
23800
24626
25494
26396
27281
28237
29181
30126
31149
32210
33310
34432
35580
36848
38096
39379
40674
42018
43434
44812
46308
47915
49550
51213
52936
54715
56657
58553
60545
62574
64782
67048
69277
71632
73972
76520
79132
81844
84658
87494
90520
93528
96648
99902
103366
106904
110570
114400
118239
122222
126400
130658
135058
139810
144516
149518
154715
159820
165146
170626
176465
182464
188555
195004
201475
208440
215370
222716
230386
238115
246211
254614
263301
272246
281388
290958
300903
311131
321736
332466
343785
355456
367649
380129
393126
406476
420198
434430
448998
464301
480155
496755
513735
531150
549231
567927
587228
606975
627646
649024
671128
693770
717457
741800
766881
792723
819578
847530
876244
906139
937074
968944
1001492
1035460
1070499
1106925
1144357
1183247
1223138
1264671
1307846
1352120
1398317
1445672
1494783
1545454
1597866
1652010
1708023
1766259
1826139
1888155
1951976
2018220
20641
21330
22020
22772
23535
24356
25165
26015
26867
27795
28781
29752
30735
31760
32847
33972
35121
36213
37457
38718
40045
41429
42903
44348
45832
47427
49033
50711
52465
54289
56160
58093
59940
61985
64155
66333
68602
70944
73368
75834
78460
81084
83808
86662
89565
92576
95622
98903
102232
105680
109268
112969
116789
120855
125016
129184
133600
138076
142756
147657
152657
157929
163344
168935
174519
180486
186530
192948
199465
206135
213036
220349
227805
235568
243588
252006
260340
269282
278329
287742
297663
307675
318198
328990
340207
351825
363917
376292
388875
402076
415698
429846
444479
459447
474851
491030
507517
524953
542599
561116
580185
599752
620195
641294
663210
685739
708995
732918
757674
783519
810078
837452
865963
895384
925684
956622
989346
1023241
1058078
1094198
1131553
1170005
1209937
1250857
1293524
1337576
1382885
1429717
1478057
1528475
1580758
1634167
1689598
1746930
1806239
1867449
1930727
1996169
2063545
21356
22111
22865
23625
24441
25224
26095
27003
27916
28905
29873
30839
31840
32894
34001
35188
36443
37750
39057
40356
41702
43204
44667
46146
47730
49290
50963
52640
54473
56420
58367
60258
62313
64391
66558
68809
71102
73482
75987
78572
81162
83842
86629
89556
92537
95664
98998
102302
105853
109413
113074
116820
120795
124852
129029
133367
137914
142673
147562
152485
157631
163047
168547
174241
180146
186203
192438
198927
205495
212537
219848
227325
235059
242994
251364
259909
268831
277996
287526
297288
307290
317563
328332
339568
351096
363037
375630
388390
401596
415162
429254
443937
458977
474621
490444
507146
524478
542283
560813
579787
599839
620276
641258
663358
686022
709178
733155
757982
783782
810372
837861
866395
895562
926182
957469
989777
1023476
1057786
1094055
1131265
1169757
1209642
1250938
1293281
1337244
1382606
1429543
1478074
1528567
1580494
1633995
1689467
1746932
1806852
1868599
1932048
1997360
2065100
21196
21916
22622
23404
24165
25016
25823
26704
27578
28474
29418
30401
31454
32521
33634
34787
35938
37150
38396
39717
41105
42551
44020
45562
47141
48757
50447
52156
53962
55841
57710
59654
61696
63760
66001
68271
70578
72938
75447
78104
80740
83452
86235
89184
92212
95384
98632
101970
105463
109033
112710
116425
120301
124424
128637
133093
137645
142287
147068
152084
157087
162525
168198
173688
179511
185556
191796
198347
204960
211976
219210
226715
234316
242305
250549
259158
268004
277146
286550
296240
306433
317018
327864
339002
350690
362694
375178
387845
400987
414624
428714
443245
458372
473951
489994
506822
524197
541951
560299
579494
599309
619534
640606
662290
685212
708483
732470
757554
783148
809909
837536
866176
895847
926281
957750
990308
1023563
1058637
1094517
1131975
1170625
1210419
1251541
1293976
1337869
1383576
1430711
1478937
1529135
1581120
1634686
1690256
1747747
1807325
1868781
1932755
1998642
2066728
21274
21984
22737
23507
24294
25114
25984
26859
27814
28784
29739
30767
31802
32862
33979
35125
36304
37497
38781
40061
41518
42940
44328
45829
47414
49073
50757
52458
54208
56084
58094
60051
62123
64263
66436
68749
71087
73405
75852
78439
81178
83983
86880
89807
92909
96059
99388
102776
106284
109911
113681
117558
121596
125640
129827
134214
138750
143381
148273
153252
158481
163951
169470
175325
181278
187463
193778
200466
207257
214337
221708
229356
237228
245230
253689
262415
271315
280486
290115
300096
310217
320582
331310
342480
354189
366184
378575
391519
404928
418641
432976
447490
462880
478627
494918
511768
529337
547370
566154
585388
605109
625750
647155
669168
691866
715195
739753
764924
790525
817617
845355
874266
903948
934662
966377
999092
1032838
1068175
1104603
1142074
1180844
1221198
1262896
1305722
1349868
1395618
1442951
1492163
1543321
1595948
1649994
1706298
1764444
1824107
1886471
1950661
2016937
20860
21565
22304
23109
23880
24669
25543
26430
27346
28236
29210
30236
31233
32219
33393
34536
35682
36905
38154
39438
40830
42254
43617
45025
46560
48108
49755
51431
53138
54939
56895
58803
60837
62814
64973
67189
69432
71717
74202
76731
79353
82154
84923
87781
90772
93880
97096
100527
103860
107411
111155
114988
118840
122877
127107
131496
136142
140790
145551
150432
155671
160998
166415
172044
177891
183956
190181
196713
203425
210404
217661
224888
232682
240586
248791
257093
265949
274906
284404
294035
303892
314337
325028
336163
347473
359430
371652
384346
397254
410814
424774
438880
453630
469006
485032
501626
518553
536282
554393
573115
592515
612734
633607
654935
677333
700231
723901
748318
773893
800216
827495
855740
885162
915370
946693
978831
1012318
1046911
1082771
1119373
1157332
1196657
1237304
1279258
1322642
1367871
1414343
1462747
1512554
1563940
1617243
1671815
1728476
1786937
1847995
1910477
1975674
2042707
21255
21944
22652
23402
24154
24988
25884
26757
27690
28570
29559
30649
31711
32730
33849
35072
36210
37370
38635
39908
41300
42646
44173
45709
47196
48847
50564
52350
54167
55965
57927
59913
61982
64083
66206
68490
70761
73056
75491
78043
80668
83310
86248
89146
92043
95134
98375
101734
105232
108857
112583
116490
120444
124435
128662
133036
137498
142143
147062
152025
157169
162536
168118
173823
179687
185760
192087
198655
205506
212602
219795
227191
234982
243023
251289
259698
268393
277487
287075
297036
307117
317609
328438
339518
351326
363277
375608
388202
401499
415080
429345
443731
458781
474350
490648
507383
524622
542546
560859
579744
599293
619630
640648
662716
685155
708365
732459
757348
783182
809548
836988
865423
894799
925201
956731
989619
1023281
1058349
1094318
1131514
1170010
1210057
1251516
1293900
1337569
1382557
1429399
1478091
1528450
1580277
1633997
1689439
1746964
1806793
1868286
1931905
1997266
2065382
21579
22325
23041
23838
24675
25530
26423
27389
28345
29310
30347
31333
32429
33540
34603
35773
36966
38284
39621
41039
42448
43901
45351
46939
48640
50293
52031
53848
55708
57574
59548
61622
63688
65924
68159
70494
72973
75421
77999
80652
83329
86074
89000
92086
95279
98576
101980
105455
108926
112646
116486
120435
124593
128868
133237
137757
142381
147161
152178
157530
162959
168645
174330
180170
186489
192826
199392
206210
213364
220637
228166
236003
244025
252200
260600
269360
278454
287911
297722
307814
318253
329288
340600
352404
364423
376864
389643
403059
416749
431085
445799
461014
476527
492665
509458
526989
544892
563439
582626
602480
623072
644296
666138
688917
712207
736238
761189
787395
813991
841702
870657
900387
931029
962755
995669
1029663
1064376
1100822
1138558
1177643
1217723
1259048
1302202
1346665
1392453
1439729
1488591
1539369
1591764
1645645
1701738
1759217
1819277
1881045
1944988
2011318
20965
21670
22365
23139
23923
24725
25609
26502
27376
28273
29332
30277
31300
32407
33556
34694
35868
37101
38368
39718
41044
42406
43904
45388
46950
48512
