102664
105352
108214
111145
114194
117333
120426
123566
126775
130131
133604
137134
140788
144604
148452
152386
156535
160873
165121
169432
174063
178755
183573
188522
193509
198633
204020
209508
215138
220923
226844
232972
239392
245819
252389
259226
266264
273443
280929
288517
296155
304229
312391
320894
329675
338424
347596
357001
366675
376635
387016
397497
408462
419604
430898
442644
454664
466985
479718
492837
506302
520208
534650
549199
564348
579760
595494
611688
628447
645581
663343
681376
700114
719107
738848
758984
779810
801285
823253
845604
868896
892764
917320
942624
968561
994983
1022307
1050566
1079674
1109195
1139779
1171429
1203704
1236636
1270819
1306109
1341641
1378674
1417017
1456080
1496173
1537436
1580004
1623858
1668831
1715268
1763174
1811811
1861898
1913350
1966435
2021240
20719
21275
21877
22518
23161
23810
24476
25112
25780
26478
27194
28008
28757
29513
30338
31237
32140
32996
33877
34842
35826
36866
37855
38886
39947
41108
42231
43410
44670
45923
47165
48551
49886
51279
52705
54184
55650
57229
58817
60456
62146
63895
65603
67425
69305
71284
73293
75382
77525
79718
81977
84273
86651
89087
91609
94232
96867
99624
102444
105388
108294
111310
114526
117730
121061
124399
127859
131529
135190
139035
143100
147112
151273
155529
159907
164448
169141
174000
178919
184150
189297
194642
200203
205815
211792
217866
224073
230540
237035
243892
250863
258054
265439
272915
280715
288742
296981
305389
314140
323061
332417
341837
351723
361903
372461
383188
394367
405864
417668
429632
441932
454568
467666
481132
495027
509335
524100
539136
554553
570488
586834
603524
620746
638675
657195
676201
695749
716087
736777
758252
780218
802849
826119
850052
874686
900081
926534
953240
980632
1008934
1038035
1068102
1098954
1130881
1163641
1197366
1231895
1267699
1304677
1342776
1381556
1421717
1463020
1505972
1549719
1595017
1641645
1689196
1738075
1788611
1840946
1894316
1949717
2006653
20824
21418
22057
22690
23355
24046
24777
25553
26319
27094
27923
28753
29588
30478
31418
32290
33207
34138
35055
36047
37086
38168
39307
40420
41629
42900
44134
45401
46737
48083
49469
50858
52315
53827
55387
56990
58667
60396
62110
63902
65798
67693
69702
71750
73860
76110
78411
80735
82999
85442
87897
90556
93305
96050
98885
101808
104864
107940
111181
114449
117763
121306
124903
128703
132604
136565
140511
144557
148805
153165
157690
162298
167163
172084
177231
182495
187822
193504
199324
205373
211370
217627
224009
230884
237853
245003
252199
259793
267668
275665
283937
292228
300790
309714
318929
328436
338239
348180
358655
369389
380642
392076
403687
415885
428361
441156
454290
467811
481903
496201
510892
526287
542008
558220
575007
592370
610323
628862
647775
667203
687224
707863
729158
751291
773975
797590
821654
846253
871741
897794
924893
952553
980924
1010507
1041067
1072107
1104366
1137953
1172039
1207555
1243812
1281420
1320099
1359593
1400837
1443156
1486969
1531641
1577799
1625473
1674483
1724904
1776988
1830404
1885722
1942573
2001662
20658
21302
21935
22588
23278
23966
24692
25459
26252
27041
27858
28689
29538
30432
31324
32301
33287
34371
35378
36432
37564
38711
39958
41119
42386
43705
45091
46458
47905
49383
50884
52476
54077
55664
57445
59210
61002
62852
64723
66625
68682
70847
72978
75142
77361
79655
82106
84526
87090
89701
92413
95267
98150
101235
104359
107540
110737
114193
117679
121170
124948
128841
132744
136816
140974
145226
149677
154235
158940
163847
168934
174126
179454
184983
190661
196645
202668
208850
215184
221706
228487
235529
242667
250191
257790
265704
273967
282316
291245
300188
309561
319028
328799
338799
349231
359968
371257
382792
394474
406630
419107
432155
445312
459078
473234
487853
502582
518103
534278
550676
567526
585105
603281
621863
640982
660729
680959
701981
723619
745729
768718
792419
816831
842019
868244
894672
922369
950956
980315
1010335
1041495
1073863
1106866
1141055
1176522
1213052
1250148
1288886
1328587
1369680
1411631
1455196
1500436
1546975
1594461
1643159
1694035
1746350
1800683
1856507
1913927
1973326
2034559
21141
21822
22502
23211
23937
24657
25401
26202
27036
27863
28739
29655
30541
31466
32423
33341
34418
35479
36587
37668
38799
40018
41306
42518
43764
45144
46568
48046
49544
51114
52679
54327
56039
57833
59680
61531
63524
65519
67555
69651
71841
74064
76329
78682
81186
83751
86395
89085
91800
94674
97655
100750
103959
107259
110609
113949
117566
121255
125026
128919
132975
137080
141315
145689
150189
154862
159665
164757
169892
175132
180549
186275
191977
197860
204123
210575
217244
224091
231077
238277
245832
253624
261779
270078
278620
287257
296293
305703
315291
325118
335139
345667
356582
367867
379582
391409
403915
416695
429666
443264
457128
471636
486222
501358
517180
533279
549973
567167
584960
603148
622221
641708
661815
682840
704547
726836
749825
773517
798002
822839
848793
875456
902890
931283
960749
991299
1022328
1054875
1087911
1122069
1157418
1194349
1232207
1270950
1311260
1352544
1395043
1438593
1483907
1531034
1579029
1628494
1679830
1732541
1787055
1843286
1901794
1961831
2023766
20830
21460
22128
22816
23531
24275
25050
25836
26660
27526
28414
29302
30196
31184
32180
33171
34222
35318
36399
37529
38702
39950
41184
42542
43875
45266
46722
48225
49793
51418
53065
54775
56550
58304
60139
62050
64001
65985
68088
70317
72564
74863
77167
79552
81998
84623
87360
90096
92963
96004
98917
102024
105325
108664
112178
115664
119394
123282
127259
131458
135646
139955
144429
149068
153832
158846
163856
169088
174457
179962
185740
191701
197691
204062
210465
217295
224183
231263
238643
246329
254096
262208
270646
279139
287904
297202
306561
316103
325918
336360
347114
358185
369653
381445
393690
406131
419052
432453
446182
460528
475240
490392
505800
521959
538693
555865
573654
591907
610618
630165
650196
670999
692531
714621
737340
760529
784766
809893
835513
862241
889648
918181
947537
977620
1008865
1041041
1074005
1108459
1144040
1180425
1218032
1256814
1296749
1338132
1380896
1424971
1470461
1517313
1565501
1615372
1667163
1720262
1775137
1831459
1889879
1949934
2012073
20526
21172
21815
22473
23221
23980
24775
25605
26428
27267
28146
29116
30013
30954
31919
32920
33997
35097
36208
37294
38488
39788
41010
42315
43684
45087
46470
47898
49485
51135
52787
54483
56285
58054
59891
61746
63725
65756
67829
69963
72228
74563
76938
79358
81917
84593
87290
90063
93012
96081
99089
102206
105518
108899
112320
115908
119702
123545
127479
131611
135914
140345
144963
149534
154325
159266
164389
169831
175268
180963
186873
192756
199015
205493
211999
218869
225869
233262
240616
248439
256523
264847
273245
282020
291089
300333
309846
319577
329869
340618
351728
362949
374517
386520
398820
411647
424826
438248
452423
467088
482189
497760
513879
530638
547647
565377
583622
602233
621450
641391
662254
683315
705552
728254
751631
775779
800663
826445
852818
879942
908278
937671
967937
999254
1031056
1064297
1098507
1133598
1169440
1207134
1245952
1285946
1326765
1369025
1413086
1458639
1505577
1553622
1603594
1654845
1708301
1763806
1820381
1878808
1939517
2001769
20702
21356
22013
22700
23464
24184
24995
25858
26680
27533
28443
29309
30269
31165
32166
33212
34314
35365
36453
37560
38775
40000
41306
42622
43991
45396
46953
48538
50088
51718
53392
55211
56983
58808
60664
62684
64778
66846
69045
71258
73565
75836
78367
80937
83631
86334
89159
92097
94986
97991
101164
104453
107776
111295
114911
118639
122529
126546
130648
134818
139076
143491
148300
153022
158030
163300
168546
174102
179591
185412
191387
197611
204037
210629
217425
224522
231841
239413
247200
255180
263390
272010
280921
289956
299512
309117
319080
329333
339982
350863
362161
373801
385996
398276
411293
424519
438247
452261
466853
481992
497700
513922
530593
547738
565770
584177
602933
622202
642296
663052
684544
706594
729373
752928
777335
802146
828126
854731
882410
910935
940033
970542
1002017
1034552
1067871
1102591
1138371
1175161
1213231
1252539
1292828
1334506
1377572
1422060
1467899
1515463
1564284
1614578
1666768
1720717
1776265
1833991
1894059
1955137
2018521
20736
21403
22100
22838
23563
24307
25083
25915
26724
27560
28464
29418
30355
31355
32335
33354
34433
35573
36696
37855
39118
40335
41647
43069
44462
45929
47428
49001
50556
52209
53880
55646
57467
59370
61287
63256
65283
67368
69555
71812
74114
76517
78952
81503
84281
87000
89838
92842
95819
98928
102085
105429
108889
112439
116160
119915
123734
127783
131912
136212
140663
145166
149855
154733
159750
164978
170342
176015
181588
187429
193419
199608
206045
212825
219869
226844
234180
241816
249844
258122
266428
274972
283735
292686
302081
311929
321874
332418
343274
354503
365984
377766
390157
402720
416003
429457
443645
458159
472990
488268
503981
520299
537281
554649
572733
591110
610263
630222
651062
672102
694109
716630
739768
763941
788830
814654
840923
868304
896535
925574
955923
986996
1019508
1052732
1086886
1121925
1158248
1195877
1234998
1275188
1316740
1359557
1403777
1449083
1496146
1544732
1595004
1646430
1699644
1754806
1812470
1871629
1932214
1994936
2059889
21305
22006
22718
23441
24221
24994
25773
26631
27487
28391
29335
30274
31302
32341
33376
34470
35564
36710
37829
39132
40378
41644
42939
44310
45750
47153
48715
50319
51937
53607
55366
57164
58992
60858
62870
64980
67183
69332
71612
73969
76406
78916
81494
84101
86866
89623
92557
95615
98704
101829
105131
108609
112213
115883
119682
123616
127538
131754
136116
140676
145267
150042
154827
159795
164995
170338
175865
181684
187625
193792
200179
206664
213469
220411
227503
234884
242629
250504
258727
267152
275885
284780
294246
303795
313904
324088
334833
345581
356938
368519
380663
393002
405844
419194
432969
447167
461938
476831
492464
508550
525258
542167
559970
577938
596913
616394
636330
657038
678459
700550
723363
746822
771186
796184
822377
849299
877128
905577
935007
965444
997144
1029701
1063732
1098528
1134305
1171216
1209521
1248803
1289172
1331042
1374432
1419072
1465408
1512826
1562364
1613423
1666005
1720653
1777105
1835180
1895365
1957195
2020989
20956
21670
22390
23152
23909
24663
25495
26327
27187
28084
28963
29930
30870
31870
32871
33923
34985
36149
37297
38583
39867
41129
42472
43822
45270
46718
48249
49804
51374
52963
54682
56501
58343
60301
62209
64328
66410
68613
70898
73117
75566
78088
80590
83204
85956
88651
91588
94612
97676
100871
104141
107431
110971
114654
118417
122315
126358
130482
134770
139272
143940
148722
153610
158752
163893
169225
174873
180577
186307
192481
198877
205334
211881
218896
226016
233417
241036
248935
256959
265476
274289
283150
292405
301870
311669
321999
332728
343625
354843
366402
378472
390693
403472
416682
430316
444336
458919
474063
489690
505771
522106
539095
556909
574978
593876
613304
633631
654428
675776
697812
720519
744265
768428
793472
819640
846554
874339
903041
932460
962786
994257
1026875
1060495
1095145
1131358
1168252
1206491
1246376
1287573
1329923
1373534
1418182
1464560
1512193
1561927
1613107
1666029
1720680
1777120
1835195
1894898
1957100
2021571
20827
21486
22210
22965
23692
24453
25272
26141
27016
27911
28820
29813
30817
31845
32874
33949
35041
36189
37393
38633
39825
41103
42426
43725
45137
46595
48156
49766
51456
53122
54857
56651
58557
60495
62477
64530
66651
68846
71021
73330
75717
78209
80715
83458
86200
89064
92008
95079
98268
101513
104807
108270
111832
115419
119203
123055
127099
131364
135854
140342
144933
149647
154536
159568
164733
170112
175751
181461
187305
193472
199742
206268
213051
220026
227287
234707
242423
250224
258373
266836
275544
284557
293782
303211
313147
323398
333951
344831
356201
367849
379799
392286
405024
418381
432010
446229
460844
475996
491527
507667
524320
541592
559402
577486
596300
615874
636016
656578
678060
700274
723235
746871
771442
796470
822529
849373
877093
905891
935729
966230
997666
1030122
1063758
1098482
1134336
1171620
1210220
1249698
1290695
1333170
1376756
1422034
1468644
1516982
1566428
1617921
1671303
1726405
1783009
1841238
1901594
1963728
2028156
20998
21628
22301
23011
23779
24555
25352
26172
27011
27875
28827
29780
30713
31670
32692
33736
34878
36075
37261
38506
39718
41027
42384
43761
45201
46675
48160
49691
51365
53064
54743
56610
58490
60400
62416
64460
66574
68700
71050
73286
75656
78216
80786
83464
86178
88939
91841
94843
97966
101257
104560
107905
111457
115087
118812
122703
126738
130954
135183
139582
144163
148801
153773
158696
163908
169266
174830
180470
186480
192522
198680
205211
212066
219138
226133
233483
241125
249053
257257
265835
274403
283406
292806
302324
312221
322542
333067
344059
355178
366669
378739
391130
403904
417041
430799
444961
459482
474824
490250
506192
522803
540109
557706
576019
594805
614415
634505
655224
676923
699190
722155
745689
770329
795532
821765
848813
876922
905857
935540
966575
998179
1031007
1064936
1099635
1135487
1172866
1211433
1251542
1292715
1335329
1378876
1424407
1471270
1519725
1569819
1621353
1674724
1729917
1787151
1846073
1907010
1969652
2034210
20869
21535
22240
22955
23704
24462
25298
26127
26967
27830
28797
29722
30671
31671
32731
33829
34924
36069
37243
38497
39766
41067
42434
43811
45244
46708
48296
49792
51437
53045
54834
56606
58462
60410
62446
64535
66675
68826
71104
73440
75851
78340
80875
83569
86367
89167
92179
95099
98179
101409
104752
108205
111735
115399
119115
123121
127130
131357
135624
140206
144834
149548
154561
159592
164675
170103
175564
181421
187185
193399
199490
206027
212732
219635
226874
234284
241847
249832
257951
266357
275097
284119
293207
302781
312788
323230
333914
344933
356080
367741
379862
392262
405003
418555
432084
446377
460962
476054
491500
507910
524537
541691
559078
577184
596221
615633
636047
656944
678286
700480
723415
747078
771345
796551
822523
849800
878077
907038
936801
967820
999390
1032019
1065844
1101000
1137377
1174694
1213007
1252953
1294153
1336660
1380534
1426086
1472647
1520994
1571221
1622344
1675389
1730074
1787423
1846171
1906968
1969778
2034080
20984
21701
22408
23162
23911
24679
25461
26278
27134
27981
28873
29872
30820
31813
32880
34000
35184
36395
37591
38832
40130
41446
42852
44289
45769
47236
48795
50346
51932
53655
55391
57281
59122
61021
63034
65090
67292
69556
71842
74166
76685
79182
81860
84594
87445
90332
93397
96409
99560
102804
106223
109672
113349
117051
120804
124908
129003
133165
137615
142137
146757
151478
156457
161669
167113
172635
178333
184218
190268
196476
202753
209327
216195
223201
230570
238155
245953
254034
262324
270891
279845
288945
298472
308264
318504
329012
339778
350945
362513
374373
386633
399480
412579
426264
440523
454936
469929
485520
501203
517565
534641
552409
570419
589253
608571
628455
649170
670400
692604
715400
739072
763170
788235
814197
841024
868475
897018
926411
956681
987926
1020539
1054128
1088887
1124712
1161563
1199650
1239224
1279994
1322106
1365529
1410575
1456628
1504532
1553719
1605015
1657700
1712278
1768696
1827091
1887209
1949801
2013830
20892
21563
22284
23023
23798
24569
25397
26304
27206
28102
29035
30000
31014
32091
33141
34244
35352
36548
37736
39020
40304
41616
42982
44426
45822
47301
48782
50373
52053
53782
55512
57384
59252
61217
63267
65333
67532
69743
72042
74385
76890
79461
82171
84755
87573
90442
93436
96509
99654
102882
106261
109861
113407
117153
120985
124946
129108
133328
137748
142310
146942
151834
156759
161897
167192
172720
178402
184176
190134
196457
202940
209649
216632
223768
231203
238775
246668
254689
263027
271641
280502
289767
299340
309008
319081
329752
341019
352014
363639
375588
387871
400730
414051
427605
441604
456156
471180
486514
502583
519154
536119
553841
572171
591193
610681
630625
651417
672416
694681
717628
740963
765100
790193
816132
842980
870403
899450
929125
959825
991508
1024247
1057917
1092928
1128678
1165492
1204072
1243943
1284898
1327022
1371049
1416057
1462633
1510608
1560448
1611765
1664612
1719268
1775960
1834802
1895017
1957403
2021444
21100
21817
22524
23251
24039
24826
25605
26458
27368
28286
29229
30140
31158
32170
33253
34339
35482
36669
37892
39096
40348
41713
43086
44489
45887
47356
48928
50495
52146
53924
55700
57500
59266
61157
63280
65416
67494
69678
71944
74384
76813
79245
81852
84572
87351
90099
93112
96177
99479
102805
106216
109730
113325
116980
120774
124677
128744
133083
137548
142051
146592
151483
156347
161479
166822
172295
178108
184030
190161
196383
203003
209719
216597
223709
231009
238581
246518
254657
262961
271650
280568
289941
299532
309310
319494
330084
340969
352289
363911
375933
388267
401086
414213
427775
441953
456339
471221
486764
502827
519422
536436
554072
572296
591052
610499
630664
651613
672855
695101
717975
741486
765818
790821
816954
843889
871860
900315
930058
960539
992644
1025454
1059104
1094108
1130096
1167428
1205927
1245647
1286707
1329141
1372938
1418113
1464999
1513122
1562938
1614534
1667187
1722246
1778855
1837330
1897708
1959994
2024396
20892
21578
22299
23054
23774
24597
25412
26188
27066
27980
28895
29807
30861
31812
32865
33897
34989
36126
37314
38493
39767
41019
42335
43762
45227
46629
48220
49756
51389
53086
54824
56594
58483
60412
62368
64504
66532
68693
70926
73299
75633
78149
80727
83452
86105
88929
91741
94744
97806
100945
104180
107568
111047
114743
118592
122497
126501
130763
135048
139494
144124
148874
153780
158902
164145
169475
175065
180749
186638
192603
198835
205388
212231
219315
226565
234014
241572
249521
257651
266167
275039
284150
293493
303278
313373
323782
334485
345450
356765
368197
380570
393006
405893
419477
433413
447703
462499
477543
493188
509480
526330
543515
561359
579799
598987
618849
639269
660291
681929
704553
727568
751628
776652
802026
828257
855622
883340
912282
942298
973469
1005559
1038920
1073062
1108171
1144492
1182364
1221600
1261747
1302995
1345319
1389767
1435376
1482370
1531239
1581196
1633402
1687316
1742964
1800483
1859658
1920770
1984201
2049422
21402
22129
22889
23648
24388
25171
25983
26842
27754
28665
29567
30544
31564
32639
33662
34731
35882
37075
38258
39503
40724
42101
43463
44903
46391
47896
49467
51080
52730
54431
56167
58029
59917
61838
63947
66091
68197
70437
72779
75157
77574
80182
82918
85609
88417
91418
94492
97679
100932
104203
107608
111094
114772
118459
122390
126375
130575
134851
139192
143791
148625
153533
158652
163834
169157
174772
180435
186297
192458
198817
205565
212236
219206
226465
233796
241637
249580
257880
266416
275356
284441
293909
303575
313486
323680
334393
345206
356665
368160
380275
392782
405692
419176
433127
447581
462469
477789
493666
509898
526408
543558
561458
580029
599164
618856
639333
660390
682374
704800
728265
752001
776817
802434
828665
855685
883790
912746
942653
973631
1005466
1038580
1072980
1108608
1145396
1183042
1222059
1262373
1304118
1347191
1391774
1437653
1485074
1534023
1584793
1636955
1691181
1746879
1804160
1863534
1924777
1988121
2053526
20901
21603
22264
22986
23784
24590
25421
26247
27083
27967
28895
29890
30870
31885
32936
33977
35074
36189
37380
38651
39983
41287
42675
44087
45571
47007
48610
50184
51831
53581
55399
57251
59196
61138
63140
65218
67340
69527
71768
74074
76562
79127
81736
84535
87201
90020
92946
96003
99232
102531
105924
109407
112946
116700
120539
124606
128731
132941
137394
141992
146640
151414
156393
161580
166828
172429
178143
183960
190076
196351
202739
209381
216336
223515
230927
238465
246469
254586
263035
271929
280855
290174
299651
309576
320042
330356
341177
352527
364015
375886
388448
401455
414724
428361
442225
456882
472070
487761
503818
520422
537675
555255
573550
592521
611977
631881
652692
674082
696324
719263
743035
767598
792765
818981
845826
873604
902461
932079
962696
994353
1027159
1060799
1095676
1131670
1169029
1207419
1247123
1288451
1330869
1374778
1420102
1466784
1515020
1564720
1616507
1669819
1724724
1781544
1840447
1901708
1964331
2029003
20718
21423
22130
22846
23605
24333
25160
25962
26776
27653
28610
29563
30564
31565
32609
33679
34828
35975
37122
38347
39677
41016
42398
43736
45278
46799
48381
50032
51677
53412
55068
56932
58788
60683
62743
64783
66891
69090
71390
73743
76217
78675
81315
83930
86718
89570
92577
95545
98643
101945
105256
108764
112437
116061
119900
123903
127932
132054
136389
140804
145383
150193
155116
160156
165424
170748
176409
182067
188068
194188
200613
207193
214103
221151
228440
235853
243679
251748
260088
268743
277445
286575
295902
305727
315662
326055
336713
347916
359293
371146
383435
396110
409190
422619
436242
450833
465710
480942
497016
513461
530251
547683
565807
584612
604056
623884
644581
666060
687881
710672
734104
758451
783638
809358
