102673
105445
108293
111199
114129
117198
120212
123358
126637
130055
133553
137127
140809
144643
148552
152445
156413
160626
164989
169395
173970
178671
183372
188197
193271
198468
203882
209498
214995
220714
226674
232895
239179
245502
252256
259070
266074
273300
280688
288257
295787
303890
312128
320588
329271
338228
347300
356765
366368
376486
386708
397244
408059
419222
430486
442298
454385
466697
479320
492352
505768
519653
533809
548455
563457
578846
594679
611008
627671
644970
662510
680797
699295
718741
738187
758400
779278
800612
822584
845325
868367
892268
916812
941810
967793
994057
1021325
1049153
1077750
1107332
1137757
1169047
1201632
1234768
1268715
1303676
1339769
1376884
1414450
1453537
1493429
1534693
1577040
1620696
1665655
1712081
1759459
1808047
1858225
1909429
1962451
2017057
20772
21373
21953
22545
23172
23818
24506
25193
25872
26623
27405
28167
28927
29740
30589
31445
32369
33298
34191
35149
36139
37087
38081
39177
40262
41385
42567
43748
44957
46279
47548
48832
50247
51664
53095
54579
56083
57631
59209
60949
62603
64313
66066
67905
69931
71930
73896
75992
78161
80349
82568
84794
87098
89591
92185
94756
97528
100264
103117
106024
109117
112155
115323
118535
121902
125311
128967
132611
136429
140282
144325
148455
152776
157061
161525
166188
170825
175690
180628
185887
191058
196602
202278
208106
214155
220117
226422
232898
239441
246250
253284
260606
268100
275685
283644
291675
300022
308694
317604
326725
336062
345786
355630
365680
376153
387075
398228
409596
421271
433160
445720
458648
472060
485854
500202
514507
529170
544506
560269
576635
593302
610638
628071
646165
664434
683655
703407
723846
744907
766533
788749
811798
835378
859896
884962
910537
936737
963872
992161
1021023
1050843
1081651
1113029
1145378
1178558
1212792
1248127
1284406
1321812
1360041
1399713
1440016
1481861
1525231
1569678
1615614
1662849
1711356
1761452
1813109
1865975
1920414
1976827
2034553
21090
21715
22334
22952
23587
24326
25026
25802
26592
27357
28149
28967
29768
30603
31587
32498
33451
34451
35473
36536
37568
38617
39847
41020
42199
43458
44734
46055
47389
48831
50263
51759
53310
54867
56427
58032
59745
61474
63237
65124
67004
69002
70983
73153
75331
77519
79814
82185
84651
87243
89790
92364
95105
97919
100759
103757
106832
109967
113224
116550
120081
123623
127241
131050
135060
139092
143226
147581
152136
156631
161350
166068
170965
176016
181120
186578
192010
197728
203640
209703
215983
222327
228956
235890
242959
250252
257780
265403
273181
281261
289748
298456
307397
316563
326090
335779
345740
356228
366756
377540
388996
400662
412772
425067
437832
450846
464245
478019
492418
507266
522652
538261
554501
570967
587964
605470
623495
641960
661360
681236
701665
722790
744586
766941
789875
813525
838043
863295
889315
915746
943215
971921
1000794
1030789
1061907
1094045
1126842
1160924
1195870
1232135
1269043
1307155
1347017
1387748
1429910
1473186
1517924
1563926
1611248
1660295
1711090
1763068
1815981
1870784
1927562
1985830
2045720
21075
21768
22419
23112
23864
24594
25350
26081
26891
27654
28490
29341
30160
31060
31947
32920
33943
34981
36062
37150
38291
39431
40730
41971
43305
44633
46013
47384
48828
50292
51867
53449
55107
56823
58565
60400
62219
64089
66026
67955
70038
72216
74421
76699
79095
81488
84025
86418
89134
91789
94614
97422
100374
103533
106701
109997
113282
116712
120276
124013
127756
131715
135785
140015
144365
148596
153178
157950
162792
167720
172965
178240
183621
189295
195138
201054
207220
213597
220003
226845
233888
241173
248537
256084
264179
272271
280547
288916
297581
306800
316282
326167
336252
346524
356956
367974
379151
390574
402473
414975
427673
440689
454211
468125
482542
497533
512831
528628
544826
561309
578418
596284
614787
633898
653401
673619
694343
715704
737975
760621
783845
808062
832817
858579
884958
912360
940519
969391
999243
1030215
1061932
1094774
1128637
1163367
1199220
1236273
1275001
1314456
1355224
1397302
1440623
1485540
1531713
1579102
1627858
1678341
1730236
1783861
1839278
1895950
1954872
2015073
20768
21447
22123
22800
23526
24264
25026
25828
26608
27468
28323
29172
30076
30997
31994
32988
34005
35051
36154
37265
38451
39675
40878
42108
43415
44796
46175
47661
49138
50652
52199
53770
55396
57135
58920
60743
62678
64584
66607
68706
70932
73215
75600
77977
80419
82884
85495
88213
90970
93736
96610
99705
102840
106000
109391
112825
116362
119982
123700
127639
131671
135798
140137
144440
149081
153658
158564
163549
168534
173877
179285
184880
190710
196622
202715
209059
215513
222423
229410
236625
243885
251522
259405
267332
275810
284508
293326
302427
311884
321780
331819
342246
353079
364210
375615
387487
399659
412212
425009
438310
452171
466472
481112
496352
511984
528191
544558
561590
579167
597389
616208
635349
655219
675813
696758
718516
741087
764149
787760
812685
838256
864391
891611
919580
948443
978272
1009143
1040898
1073369
1107052
1142037
1178054
1215484
1253682
1293302
1333752
1376097
1419394
1464259
1510286
1557637
1606805
1657608
1709844
1763766
1819359
1876292
1935425
1996054
2058628
21419
22049
22729
23434
24184
25021
25855
26672
27524
28418
29372
30250
31259
32282
33289
34361
35458
36607
37696
38865
40138
41382
42708
44004
45399
46838
48347
49850
51438
53072
54770
56599
58372
60226
62090
64001
66007
68187
70327
72466
74743
77058
79608
82220
84826
87579
90303
93147
96097
99113
102253
105525
108773
112081
115622
119146
122928
126854
130769
134892
139086
143480
147971
152691
157325
162384
167466
172745
178170
183717
189516
195453
201751
208129
214820
221584
228607
236019
243559
251351
259183
267302
275684
284655
293700
303103
312633
322485
332660
343362
354307
365503
377051
389161
401528
414440
427509
441064
454979
469689
484510
500036
516091
532442
549177
566618
584640
603252
622322
642114
662596
683599
705217
727800
751019
774774
799341
824803
851010
878065
906051
934844
964482
995305
1026933
1059576
1093146
1127904
1163806
1200958
1239435
1278837
1319714
1361851
1405310
1449938
1495857
1543802
1593091
1643785
1696168
1749943
1806269
1863899
1923585
1984426
2047990
21327
22015
22727
23465
24193
24960
25787
26560
27376
28240
29085
30061
31022
32029
33000
34048
35146
36208
37369
38581
39855
41064
42344
43725
45133
46639
48148
49663
51188
52752
54503
56244
58128
59962
61849
63815
65828
67931
70073
72306
74593
77017
79516
82071
84613
87280
90032
92971
96007
99074
102205
105573
109078
112571
116053
119820
123580
127551
131671
135828
140199
144791
149467
154271
159192
164347
169571
175081
180594
186314
192400
198546
204952
211537
218311
225384
232578
240134
247734
255686
263879
272505
281231
290468
299862
309509
319351
329711
340253
351118
362423
374073
386087
398430
411418
424589
438156
452034
466832
481782
497315
513279
529742
546880
564669
582774
601560
620797
640655
661140
682261
703933
726701
750228
774322
799289
824855
851348
878853
906939
935947
965772
996674
1028710
1061465
1095513
1130382
1166261
1204016
1242600
1282875
1324465
1366962
1411047
1456507
1503291
1551784
1601800
1653358
1706444
1761131
1817312
1875662
1935453
1997366
2061140
21007
21756
22443
23159
23918
24745
25507
26333
27185
28082
28986
29903
30869
31841
32824
33897
34984
36063
37173
38328
39585
40855
42147
43523
44900
46344
47877
49400
51050
52648
54363
56162
57956
59827
61825
63721
65802
67916
70139
72407
74871
77260
79722
82239
84951
87696
90559
93468
96559
99639
102817
106064
109449
113065
116796
120545
124503
128482
132639
136880
141303
145953
150650
155372
160355
165467
170753
176224
181887
187844
193973
200196
206671
213392
220172
227264
234538
242077
249863
257825
266121
274642
283649
292959
302480
312149
322220
332550
343412
354630
365960
378033
390133
402627
415669
429008
442881
457087
471812
487137
502687
518708
535509
552996
570878
589385
608362
628237
648518
669230
691038
713538
736744
760477
784990
810407
836978
864105
891924
920752
950342
981038
1012603
1045276
1078906
1113754
1149902
1186996
1225518
1265245
1306412
1348743
1392710
1437654
1484128
1532290
1582042
1633173
1686159
1741291
1798095
1856217
1915935
1978303
2043022
21184
21870
22626
23353
24095
24898
25727
26581
27426
28340
29266
30264
31214
32201
33251
34274
35417
36593
37781
39028
40251
41597
42975
44372
45873
47319
48844
50404
52065
53731
55474
57315
59133
61033
62962
65000
67152
69404
71618
73923
76292
78741
81317
83913
86726
89622
92582
95568
98774
102010
105233
108712
112214
115866
119583
123543
127636
131841
136153
140539
145139
149977
154941
160094
165288
170610
176190
181828
187633
193778
200040
206540
213264
220254
227465
234781
242292
250021
258024
266602
275300
284113
293304
302937
312872
322967
333431
344241
355468
367072
379116
391504
404292
417409
430987
444911
459003
474133
489543
505422
521785
538980
556458
574628
593426
612942
632881
653417
674688
696561
719446
742567
766690
791350
817124
843725
871152
899402
928388
958696
990004
1022323
1055805
1089863
1125220
1161744
1199370
1238343
1278428
1320128
1363209
1407557
1453029
1500261
1549149
1599781
1651489
1705003
1760277
1817850
1876562
1937569
2000551
20509
21153
21837
22552
23273
23997
24730
25548
26344
27203
28112
29007
29875
30817
31828
32861
33938
35051
36211
37387
38595
39802
41024
42350
43692
45080
46538
48074
49704
51347
52995
54703
56498
58324
60145
62072
64059
66157
68292
70469
72764
75160
77607
80109
82818
85552
88328
91170
94089
97132
100300
103552
106877
110394
113974
117589
121345
125188
129215
133397
137751
142209
146873
151695
156729
161690
166968
172491
178183
184039
190034
196099
202481
209067
215950
222959
230307
237932
245707
253679
262083
270535
279333
288414
297820
307476
317477
328059
338624
349674
361068
373033
385110
397733
410731
424188
438057
452320
467089
482336
497815
514002
530745
548178
566123
584394
603351
622985
643106
664110
685636
707854
731146
754820
779382
804904
831052
858396
886381
915445
945397
976462
1008394
1041322
1075458
1110448
1146692
1184174
1222801
1262640
1303818
1346644
1390562
1435717
1482470
1531235
1581570
1632794
1685971
1741332
1798117
1856815
1917132
1979772
2044649
21041
21758
22462
23175
23900
24720
25556
26355
27223
28111
29083
30072
31086
32127
33139
34192
35294
36414
37606
38811
40039
41319
42668
44095
45494
46954
48467
50010
51685
53316
55079
56824
58722
60641
62660
64693
66835
68991
71280
73583
76015
78506
81064
83674
86367
89288
92240
95221
98446
101753
104994
108487
112107
115788
119623
123488
127540
131674
135958
140372
145075
149819
154808
159920
165036
170534
176124
181876
187804
193967
200292
206941
213887
220973
228308
235707
243308
251267
259567
267833
276605
285629
294981
304602
314654
324914
335478
346446
357754
369549
381689
394349
407140
420576
434409
448642
463141
478021
493717
509747
526559
543659
561551
580156
599266
618770
638915
660232
681629
703660
726847
750625
775113
800644
826943
853976
881824
910649
940665
971337
1003370
1036108
1069818
1105036
1141357
1178924
1217171
1256918
1297951
1340625
1384414
1429572
1475943
1524371
1574218
1625807
1678820
1733418
1790206
1848981
1909276
1971689
2036179
21140
21807
22547
23274
24018
24810
25618
26447
27295
28216
29178
30135
31123
32132
33177
34293
35405
36506
37650
38908
40189
41555
43019
44467
45944
47443
49000
50536
52236
54033
55829
57610
59526
61506
63539
65593
67802
70056
72338
74758
77152
79706
82443
85030
87844
90664
93662
96682
99979
103220
106515
110046
113782
117571
121375
125254
129329
133582
138002
142581
147295
152218
157213
162328
167549
173065
178719
184545
190614
196946
203343
209969
216795
223840
231079
238731
246466
254533
262931
271705
280762
290033
299567
309319
319457
329890
340748
351980
363548
375815
388164
400842
414079
427459
441303
455823
470592
486037
502157
518491
535443
552999
571009
589648
608886
628741
649272
670654
692607
715302
738661
762834
787858
813740
840678
868183
896720
926089
956542
987919
1020319
1053516
1087774
1123471
1160369
1198249
1237510
1277831
1319096
1362793
1407899
1453658
1501455
1550763
1601756
1654706
1709115
1765228
1822974
1882787
1944409
2008466
20588
21301
22027
22736
23522
24274
25059
25857
26721
27613
28488
29449
30384
31347
32378
33450
34545
35646
36868
38035
39246
40553
41870
43322
44834
46333
47893
49492
51132
52808
54584
56383
58236
60097
62052
63994
66105
68305
70612
72889
75328
77796
80362
83003
85766
88605
91534
94517
97595
100700
104063
107400
110875
114533
118320
122172
126016
130130
134353
138733
143291
147973
152861
157876
163063
168313
173737
179479
185300
191500
197879
204259
211015
217982
225139
232515
240186
247975
256311
264618
273365
282308
291673
301353
311154
321347
331797
342682
353767
365360
377379
389798
402628
415779
429447
443572
457878
472845
488403
504508
520986
537977
555256
573598
592643
612206
632285
653301
674869
697034
719841
743626
768032
793427
819395
846217
874054
902754
932292
963149
994749
1027399
1061014
1095953
1132013
1169363
1207787
1247595
1288756
1330946
1374760
1420127
1466809
1515107
1564894
1616106
1669196
1723930
1780215
1838678
1899207
1961327
2025620
20753
21412
22142
22905
23684
24439
25276
26148
27023
27901
28779
29723
30725
31726
32753
33831
34922
36101
37231
38458
39720
41051
42348
43788
45222
46616
48090
49656
51322
53003
54716
56466
58333
60211
62134
64156
66278
68411
70649
72934
75307
77840
80432
83016
85819
88708
91740
94837
97981
101063
104482
107895
111493
115152
118957
122772
126856
131083
135320
139755
144369
149053
153988
159113
164360
169642
175101
180953
186982
193176
199550
206132
213033
220110
227136
234490
242329
250280
258359
266868
275499
284670
293913
303519
313416
323662
334080
345225
356495
368243
380238
392834
406027
419397
433276
447581
462204
477353
493059
509198
526001
543240
561101
579672
598636
618418
638922
659782
681558
703901
726943
750953
775757
801104
827338
854500
882925
912077
942115
973223
1005108
1038078
1072267
1107873
1143947
1181496
1220414
1260093
1301286
1344098
1388403
1434152
1481166
1529666
1579834
1631935
1685161
1740803
1797754
1856988
1918571
1981512
2046900
20948
21625
22351
23064
23855
24636
25431
26230
27115
28015
28928
29863
30857
31855
32877
33931
35067
36173
37408
38694
39989
41318
42695
44100
45556
47009
48482
50122
51804
53468
55139
56876
58685
60563
62525
64649
66793
68994
71320
73601
76045
78488
80975
83698
86467
89313
92246
95314
98403
101658
105018
108610
112172
115907
119714
123718
127751
131941
136236
140827
145383
150145
155034
160074
165268
170755
176336
182133
188130
194396
200775
207478
214237
221345
228692
236178
244002
252052
260370
268916
277634
286723
296077
305835
315797
326199
337080
348150
359573
371407
383544
396050
409285
422766
436406
451043
465885
481107
496681
513048
530133
547573
565739
584358
603555
623193
643369
664541
686488
708991
732375
756543
781502
807389
833961
861548
889499
918822
949289
980332
1012670
1045915
1080198
1116012
1152777
1190787
1229963
1270396
1312015
1354985
1399446
1445298
1492826
1542241
1592774
1645583
1699794
1755910
1813348
1873036
1934935
1998669
2063816
21388
22077
22810
23556
24302
25109
25952
26788
27644
28562
29493
30472
31456
32537
33647
34776
35907
37080
38302
39517
40806
42196
43604
45027
46470
47987
49591
51269
52998
54744
56581
58407
60270
62281
64244
66336
68494
70796
73171
75658
78232
80834
83510
86268
89079
91967
95044
98137
101420
104770
108250
111794
115523
119343
123334
127470
131643
135942
140330
144970
149771
154664
159625
164781
170190
175897
181636
187609
193833
200231
206827
213616
220464
227663
235299
243165
251200
259481
268178
277054
286149
295456
305255
315323
325655
336416
347415
358917
370778
382923
395498
408555
421928
435707
450021
464842
480095
496039
512266
529175
546322
564297
583049
602125
622079
642647
663623
685368
708024
731323
755631
780192
805729
832028
859218
887586
916726
946560
977888
1010130
1043341
1077814
1113294
1149889
1187955
1226578
1266829
1308381
1351046
1395480
1441379
1488644
1537700
1588291
1640945
1695214
1751072
1808724
1868343
1929760
1992965
2058488
21147
21845
22576
23329
24085
24869
25689
26578
27411
28351
29278
30200
31171
32262
33307
34366
35515
36720
37927
39154
40419
41790
43164
44550
46025
47547
49166
50722
52406
54123
55888
57742
59616
61530
63524
65677
67807
69964
72243
74554
76933
79484
82096
84767
87696
90571
93475
96653
99785
103122
106551
110099
113772
117427
121387
125419
129514
133656
137925
142424
147069
151923
156968
162145
167454
172880
178468
184332
190223
196411
202862
209704
216628
223811
231146
238665
246593
254656
263073
271714
280692
289845
299373
309168
319420
330096
341006
352061
363423
375220
387720
400476
413617
427298
441384
455871
470802
486155
502210
518701
535848
553441
571710
590233
609417
629294
650069
671474
693609
716615
740064
764513
789606
815857
842611
870215
898703
928164
958773
990822
1023148
1056668
1091343
1127553
1164445
1202796
1242325
1283045
1325425
1368908
1413912
1460436
1508517
1558443
1609854
1662711
1717016
1773515
1832134
1892514
1954697
2019022
20975
21630
22338
23064
23822
24582
25375
26237
27083
27952
28899
29861
30852
31877
32918
34003
35141
36296
37523
38757
39979
41311
42703
44131
45645
47171
48658
50290
51911
53658
55416
57198
59117
61083
63158
65159
67310
69465
71736
74099
76555
79048
81721
84401
87216
90094
93066
96140
99214
102404
105695
109118
112643
116402
120267
124178
128305
132555
136945
141421
146141
150964
156056
161103
166498
171902
177458
183192
189319
195556
202073
208767
215635
222671
230043
237611
245391
253542
261910
270551
279338
288660
298166
308058
318046
328253
339039
350321
361677
373547
385935
398463
411302
424587
438449
452873
467900
483436
499249
515620
532512
549977
567956
586659
605831
625732
646414
667604
689584
712229
735632
759718
784706
810409
837094
864744
893365
922554
953110
984105
1016586
1049741
1084318
1119834
1156504
1194734
1233874
1274512
1316447
1359745
1404752
1451099
1498663
1547742
1599260
1651716
1706107
1761900
1819991
1879870
1941576
2005153
20753
21398
22079
22821
23599
24439
25229
26038
26948
27814
28685
29645
30713
31737
32833
33964
35049
36217
37425
38662
39881
41250
42631
44064
45548
47006
48579
50140
51847
53583
55334
57188
59045
61013
63031
65128
67339
69635
71930
74317
76735
79273
81907
84533
87345
90081
92941
96067
99297
102566
105961
109434
113087
116791
120548
124530
128776
132985
137404
141840
146559
151346
156446
161616
166938
172448
178107
184012
190038
196234
202725
209398
216238
223390
230774
238182
245942
254058
262477
271232
280089
289289
298940
308853
319101
329624
340424
351699
363333
375237
387539
400190
413274
426752
440763
455307
470269
485648
501785
518205
535224
552674
570714
589337
608798
628820
649386
670715
692767
715509
738942
763398
788597
814593
841539
869213
897951
927567
958067
989364
1022000
1055728
1090676
1126266
1163688
1202327
1241830
1282801
1325309
1368935
1413839
1460863
1508952
1558870
1610328
1663363
1718264
1774554
1832879
1893068
1955473
2019845
21023
21756
22464
23217
23975
24792
25649
26464
27327
28225
29181
30159
31091
32096
33141
34244
35421
36626
37789
39059
40394
41737
43119
44544
46019
47566
49098
50653
52353
53984
55869
57701
59619
61626
63647
65796
67948
70208
72536
74992
77460
80010
82633
85412
88129
91047
94184
97221
100444
103613
107086
110682
114317
118082
121971
125955
130114
134468
138843
143385
148159
153025
158090
163392
168793
174340
180125
186159
192423
198719
205283
211941
218951
226175
233560
241269
249150
257503
265970
274718
283786
293338
302874
312819
323257
334013
344944
356281
368028
380089
392547
405718
419101
432833
447067
462009
477159
493158
509461
526205
543637
561776
580374
599384
618820
639204
660336
682052
704509
727619
751559
776557
802134
828261
855573
883788
912950
943338
974307
1006762
1039832
1074279
1109754
1146030
1184049
1223187
1263369
1305070
1348140
1392369
1438032
1485416
1534456
1585108
1637128
1690883
1746771
1803817
1863456
1925162
1989269
2054953
20834
21501
22239
22990
23732
24512
25386
26254
27074
27946
28891
29836
30816
31802
32837
33922
35036
36165
37332
38574
39901
41212
42576
43993
45426
46926
48485
50131
51762
53453
55240
57059
59014
60981
62962
65071
67236
69566
71813
74211
76720
79201
81887
84621
87424
90216
93230
96325
99583
102816
106227
109684
113323
117148
120978
124949
129223
133517
137890
142424
147119
151967
157016
162133
167513
172958
178686
184645
190633
196859
203368
210189
217091
224325
231839
239374
247306
255629
264065
272738
281606
291031
300431
310570
320767
331277
342328
353770
365337
377578
389956
402900
416360
430062
444426
458956
473907
489621
505612
522334
539615
557376
575803
594594
614278
634670
655680
677307
699551
722360
746332
770873
796227
822738
850004
