102335
104805
107381
109960
112594
115383
118194
121223
124169
127186
130384
133532
136774
140141
143577
147080
150616
154222
158020
161937
165814
169981
174135
178388
182734
187218
191799
196399
201315
206253
211309
216533
221837
227332
232944
238808
244696
250857
256968
263444
269909
276520
283365
290340
297525
304866
312381
320083
327899
335902
344271
352688
361392
370409
379568
389095
398972
408777
419001
429459
440162
451141
462380
473837
485640
497788
510143
523045
536221
549540
563280
577413
591989
606851
621949
637610
653640
670039
686882
704113
722000
740173
758543
777511
797126
817190
837586
858648
880036
902101
924740
948208
972129
996598
1021618
1047484
1074164
1101236
1129179
1157967
1187185
1217089
1248010
1279354
1311803
1344942
1378865
1413763
1449513
1485978
1523785
1562120
1601698
1641913
1683885
1726511
1770199
1814781
1860707
1908111
1957028
2006647
20482
21001
21574
22090
22629
23209
23834
24496
25119
25774
26404
27074
27722
28476
29205
29988
30761
31560
32409
33248
34152
34978
35927
36859
37793
38798
39797
40834
41845
42926
44067
45167
46347
47557
48812
50045
51358
52649
53974
55303
56755
58285
59813
61402
63067
64712
66407
68198
69945
71771
73601
75476
77435
79363
81434
83547
85735
87944
90215
92552
94999
97453
100004
102603
105292
107979
110783
113632
116564
119657
122785
125953
129261
132536
136080
139602
143222
146992
150703
154548
158451
162641
166985
171294
175858
180409
185258
190093
195147
200155
205433
210953
216543
222268
228144
234039
240228
246662
253095
259738
266630
273646
280946
288358
296037
303811
311877
320145
328661
337192
346210
355293
364703
374399
384376
394568
405073
416001
426970
438558
450094
462304
474539
487216
500144
513514
527190
541182
555476
570083
585299
600871
616756
633345
649911
667024
684789
702982
721748
740965
760759
780994
802015
823356
845163
867717
890627
914574
938982
964054
989926
1016360
1043493
1071342
1099856
1129311
1159484
1190661
1222394
1255425
1288918
1322977
1358687
1395021
1432516
1471163
1510393
1551060
1592487
1635228
1679459
1725244
1771500
1819067
1868007
1918150
1969591
2022760
20811
21436
22033
22614
23201
23837
24431
25083
25743
26430
27119
27833
28554
29328
30174
30961
31776
32672
33644
34517
35464
36368
37366
38396
39400
40504
41627
42783
43955
45155
46372
47632
48918
50279
51625
53048
54484
55990
57431
58956
60531
62242
63921
65694
67534
69256
71127
73045
74981
76999
79088
81273
83499
85797
88075
90420
92908
95501
98105
100815
103520
106260
109219
112189
115194
118357
121706
125058
128463
131930
135438
139250
143068
146882
150984
155137
159362
163704
168196
172759
177469
182235
187289
192451
197825
203333
208831
214513
220414
226483
232798
239248
245884
252691
259703
266883
274344
281839
289671
297637
305924
314295
323032
331771
340780
350089
359735
369877
380004
390414
401326
412414
423906
435513
447371
459452
472066
485159
498299
512113
526072
540587
555360
570640
586235
602408
619086
636394
654015
672172
690568
709534
729007
749030
769990
791625
813771
836251
859302
883112
907666
933007
959023
985920
1013370
1041312
1070312
1100036
1130685
1162200
1194682
1228044
1261865
1297156
1333452
1370257
1408621
1447885
1487767
1529305
1571855
1615539
1660525
1707038
1754474
1803137
1853298
1905419
1958610
2013390
20409
20992
21522
22099
22721
23333
23977
24656
25327
26050
26760
27479
28228
28996
29841
30749
31637
32528
33453
34398
35360
36365
37320
38395
39444
40610
41707
42903
44120
45369
46650
47929
49292
50634
52067
53540
55090
56678
58215
59944
61641
63330
65163
66961
68852
70767
72772
74724
76767
78942
81109
83412
85702
88089
90593
93155
95805
98589
101456
104311
107262
110262
113329
116502
119797
123180
126665
130193
133938
137714
141509
145472
149581
153782
158145
162624
167226
171950
176926
181990
187149
192499
197838
203408
209241
215255
221331
227589
234091
240687
247445
254435
261586
269117
276670
284523
292626
300850
309487
318359
327381
336681
346319
356213
366245
376770
387430
398271
409602
421199
433129
445390
458347
471309
484703
498244
512435
527077
542107
557513
573354
589487
606347
623585
641401
659500
678328
697849
717746
738202
759260
781350
803401
826144
849596
874058
898841
924413
951083
978420
1006616
1035641
1065252
1095740
1126804
1159316
1192117
1226496
1261728
1297388
1334359
1372485
1411443
1452010
1493546
1536629
1580685
1626083
1672617
1720388
1769665
1820519
1872366
1925764
1981155
2037426
20815
21435
22038
22664
23342
23964
24648
25358
26071
26795
27599
28326
29166
30028
30843
31731
32636
33587
34576
35609
36597
37617
38705
39832
40972
42134
43339
44615
45938
47299
48741
50176
51630
53135
54649
56202
57839
59585
61342
63044
64855
66637
68630
70623
72673
74852
77008
79167
81454
83864
86295
88735
91274
93798
96434
99245
102082
105062
108137
111258
114475
117733
121119
124614
128247
131886
135692
139576
143661
147872
152155
156523
160968
165567
170407
175256
180183
185437
190739
196254
201865
207853
214018
220257
226598
233266
240116
247216
254382
261769
269416
277229
285473
293682
302120
310874
319833
329088
338607
348705
358962
369252
380156
391299
402721
414457
426606
438880
451805
464908
478600
492696
507010
521653
536779
552440
568609
585103
602082
619544
637547
656172
675368
695048
715492
736167
757735
779754
802531
825597
849763
874901
900614
926910
953842
981481
1009917
1039504
1069821
1100984
1133127
1166117
1199869
1235065
1271159
1308148
1346400
1385677
1426005
1467667
1510261
1554298
1599984
1646285
1694320
1743762
1794329
1846975
1901022
1957207
2014656
20648
21254
21828
22463
23142
23844
24518
25251
25978
26744
27498
28331
29168
30050
30923
31807
32705
33601
34651
35689
36717
37764
38814
39921
41127
42322
43586
44952
46242
47591
48987
50414
51874
53348
54907
56506
58146
59837
61629
63393
65254
67194
69159
71192
73228
75435
77646
79914
82156
84617
87157
89612
92305
95018
97764
100598
103515
106537
109599
112872
116095
119611
123190
126849
130457
134202
138144
142131
146293
150555
155015
159616
164289
169029
173908
179028
184380
189893
195481
201365
207340
213473
219669
226194
232985
239778
246785
254052
261518
269177
277142
285273
293668
302256
311226
320455
329853
339563
349590
359781
370387
381301
392527
404047
415775
428014
440739
453591
466996
480841
495339
509972
524993
540224
556065
572427
589275
606815
624469
642971
661981
681586
701550
722131
743571
765421
787814
811275
835413
859863
885316
911382
938351
966100
994572
1023854
1054108
1085471
1117345
1150288
1184402
1219585
1255883
1293024
1331270
1370813
1410897
1452547
1495508
1539726
1585124
1632164
1680522
1730571
1781763
1834671
1888774
1944535
2001709
20520
21108
21675
22325
23005
23695
24383
25114
25835
26618
27477
28306
29160
29971
30858
31789
32708
33699
34701
35711
36805
37834
39019
40141
41330
42571
43901
45172
46524
47876
49295
50762
52362
53900
55496
57102
58797
60568
62343
64186
66021
67962
70034
72023
74164
76302
78567
80798
83178
85580
88173
90882
93740
96539
99365
102391
105435
108585
111845
115164
118668
122281
125944
129691
133493
137490
141539
145862
150196
154718
159279
163941
168779
173803
178881
184372
189878
195480
201331
207304
213576
220032
226772
233547
240616
247826
255041
262696
270358
278348
286524
295273
304016
312990
322356
331856
341690
351913
362241
373104
384107
395449
407272
419239
431792
444578
457953
471647
485679
500136
515066
530458
546351
562771
579491
596672
614452
632670
651349
670841
690770
711136
732219
754025
776254
799105
822940
847596
872909
898853
925608
953615
981891
1010786
1040920
1071849
1103860
1136859
1171089
1205950
1241656
1278861
1317063
1356148
1396916
1438398
1481280
1525735
1571246
1617942
1666528
1716148
1767010
1819995
1874628
1930883
1988537
2047872
21168
21832
22471
23150
23853
24565
25303
26086
26891
27682
28503
29339
30219
31073
32037
32972
33963
34946
35985
37052
38139
39298
40426
41597
42823
44138
45500
46840
48258
49701
51215
52789
54412
56156
57788
59472
61255
63072
64945
66878
68874
70907
72970
75196
77489
79758
82156
84607
87081
89661
92417
95199
98059
100972
104003
107198
110409
113746
117082
120628
124345
128219
132013
135898
139953
144136
148438
152907
157435
162133
166943
171807
176909
182251
187755
193239
198918
204811
210894
217208
223750
230467
237404
244530
251805
259350
267034
274975
283153
291653
300466
309550
318706
328239
338174
348331
358849
369570
380684
392140
403892
416182
428604
441262
454507
468004
481942
496517
511438
526720
542558
558781
575495
592662
610453
628914
647864
667530
687509
708070
729345
751030
773574
796666
820446
845226
870690
896630
923459
951027
979595
1008935
1038871
1069983
1102068
1135311
1169505
1204680
1240846
1277837
1316057
1355448
1396232
1438272
1481454
1526003
1571689
1618954
1667840
1718067
1769716
1823140
1877821
1934320
1992903
2052949
21156
21788
22418
23132
23858
24561
25290
26087
26817
27552
28380
29176
30035
30909
31847
32827
33762
34746
35810
36900
38023
39189
40349
41553
42756
44042
45343
46692
48097
49531
51069
52519
54095
55736
57432
59097
60886
62662
64579
66500
68493
70613
72746
74968
77284
79635
82030
84446
86970
89655
92312
95168
98065
100950
103963
107026
110177
113561
117024
120582
124278
128056
131890
135912
140071
144389
148733
153109
157692
162454
167265
172219
177405
182689
188214
193846
199686
205727
211960
218432
224980
231873
238759
245953
253264
260928
268618
276664
284863
293289
302045
311196
320357
329993
339842
350107
360634
371537
382653
394216
406071
418512
431071
444089
457531
471472
485643
500230
515289
531047
546933
563383
580173
597815
615673
634071
653066
672867
693099
713874
735464
757851
780702
804413
828714
853548
879382
905944
933486
961639
990441
1020421
1051198
1083140
1115658
1149436
1184119
1220213
1257132
1295190
1334127
1374094
1415341
1457631
1501660
1547317
1594063
1641931
1691654
1742542
1795269
1849165
1905108
1962674
2021973
20963
21559
22178
22812
23503
24232
24939
25658
26390
27175
27960
28818
29711
30607
31490
32471
33457
34419
35440
36507
37574
38698
39873
41084
42313
43572
44913
46274
47726
49191
50660
52262
53818
55406
57096
58754
60523
62398
64243
66128
68144
70261
72467
74635
76987
79433
81824
84276
86785
89400
92073
94878
97858
100799
103921
107147
110433
113765
117182
120685
124251
127975
131834
135785
139982
144139
148400
152837
157420
162205
167240
172314
177474
182764
188358
194050
200001
206115
212285
218817
225357
232172
239063
246322
253867
261560
269393
277449
285888
294542
303473
312609
322160
331854
342019
352234
362919
373974
385366
397147
409150
421483
434313
447328
460724
474405
488915
503929
519206
535057
551099
567783
584844
602634
620803
639708
659035
679185
699875
721121
743004
765585
788735
812528
836811
862227
888193
914980
942672
971203
1000852
1031205
1062281
1094568
1127733
1161690
1196739
1233111
1270438
1308738
1348115
1388931
1430889
1474290
1519046
1565127
1612526
1661268
1711491
1763446
1816435
1871331
1928583
1986849
2047099
21125
21758
22466
23112
23777
24478
25211
26028
26804
27625
28449
29318
30248
31145
32131
33084
34067
35087
36174
37234
38349
39475
40607
41807
42998
44307
45639
47039
48478
49939
51425
52921
54567
56226
57931
59667
61483
63425
65380
67328
69367
71428
73572
75807
78114
80473
82848
85451
88030
90733
93515
96434
99277
102259
105277
108485
111745
115171
118670
122249
126020
129783
133752
137805
141865
146130
150609
155036
159698
164515
169505
174738
180113
185470
191101
196750
202811
209000
215188
221789
228465
235379
242585
250017
257365
265105
273137
281279
289742
298396
307465
316767
326461
336244
346526
356875
367806
379203
390797
402544
414807
427347
440339
453962
467779
481995
496459
511596
527200
543353
559818
576718
594254
612269
630767
649917
669560
689849
710783
732425
754746
777300
800856
825028
849774
875473
902107
929225
957602
986829
1016534
1047328
1078734
1111496
1145490
1180084
1215878
1252658
1290873
1329771
1370348
1412259
1455066
1499322
1544751
1591830
1640315
1690038
1741321
1793809
1848351
1904376
1962323
2021895
20850
21464
22092
22789
23523
24242
24970
25705
26462
27274
28081
28948
29813
30720
31673
32644
33640
34637
35681
36759
37882
39045
40143
41382
42654
43987
45301
46721
48127
49625
51158
52720
54422
56099
57800
59510
61324
63109
64970
66962
69029
71120
73300
75489
77770
80116
82567
85093
87666
90321
92988
95763
98698
101765
104894
108135
111398
114765
118273
121818
125586
129443
133331
137274
141526
145743
150207
154816
159484
164284
169229
174293
179614
185212
190870
196704
202649
208812
215276
221850
228772
235809
242881
250342
257926
265837
273921
282331
290785
299539
308741
318045
327860
337820
348011
358554
369574
380888
392524
404638
416970
429524
442477
455823
469885
484011
499045
514125
529931
546115
562839
579935
597537
615495
634089
653087
672916
693000
714044
735901
758212
781494
805156
829461
854728
880641
907625
935134
963203
992361
1022634
1053643
1085772
1119062
1153137
1188159
1224201
1261519
1299527
1339168
1379948
1422115
1465073
1509362
1554901
1602321
1650937
1700928
1752723
1806108
1860761
1917401
1975958
2036199
21249
21890
22531
23228
23948
24697
25395
26173
26991
27794
28626
29537
30462
31377
32289
33214
34225
35247
36306
37465
38584
39800
41047
42288
43547
44879
46269
47733
49189
50662
52237
53775
55400
57092
58858
60657
62538
64386
66300
68287
70286
72420
74614
76831
79134
81521
83959
86538
89190
91906
94674
97584
100463
103470
106540
109762
113143
116607
120219
123902
127642
131523
135485
139500
143716
148147
152673
157456
162221
167178
172223
177496
182882
188467
194359
200170
206373
212838
219351
225967
232866
240057
247394
254939
262716
270650
278853
287256
295925
305146
314387
323897
333843
344021
354510
365378
376403
387760
399433
411589
424232
437133
450583
464254
478448
493101
508274
523626
539397
555845
572825
590314
608324
626688
645611
665415
685646
706451
728088
750145
772977
796507
820693
845800
871659
898048
925299
953592
982709
1012787
1043882
1075873
1108320
1142321
1177018
1212888
1249732
1287656
1326803
1367127
1408919
1451581
1495829
1541005
1587873
1636110
1686040
1737356
1790719
1845291
1901414
1959375
2018829
20487
21091
21703
22379
23046
23777
24555
25260
26018
26768
27543
28369
29172
30048
30972
31906
32889
33864
34928
36003
37060
38115
39318
40536
41724
42943
44192
45591
46994
48455
49929
51448
53012
54650
56357
58056
59868
61707
63643
65636
67590
69656
71752
73975
76284
78662
81054
83529
86218
88779
91467
94365
97146
100081
103152
106286
109537
112838
116301
119825
123540
127273
131085
135131
139344
143548
148014
152434
157138
161860
166730
171719
176929
182256
187687
193420
199322
205320
211497
217962
224678
231624
238633
245848
253319
260952
268887
277036
285488
294285
303326
312555
322038
331914
342026
352461
363196
374153
385382
397053
409185
421645
434454
447612
461173
475072
489541
504564
520143
536082
552406
569317
586539
604624
623022
641926
661391
681534
702323
723884
746005
768790
792232
816431
841387
867064
893411
920535
948450
977260
1006712
1037586
1069448
1102245
1135955
1170968
1206711
1243806
1281619
1320495
1360545
1402191
1444617
1488534
1533813
1580536
1628973
1678826
1729808
1782618
1836831
1892559
1950325
2009386
20360
21015
21639
22284
23000
23681
24417
25189
25955
26752
27562
28409
29204
30093
31011
31945
32864
33888
34989
36070
37255
38356
39531
40725
41957
43267
44616
45945
47327
48801
50352
51910
53552
55204
56850
58538
60335
62160
64067
65988
67962
70056
72217
74512
76738
79040
81461
83987
86561
89325
92040
94841
97650
100640
103796
106881
110150
113499
116881
120387
124052
127974
131831
135805
139936
144242
148666
153125
157813
162652
167492
172663
177975
183299
188940
194741
200692
206842
213289
219811
226563
233349
240459
247794
255262
263121
271168
279363
287792
296592
305544
314895
324583
334504
344793
355208
366012
377213
388662
400613
412876
425508
438554
451994
465639
479793
494346
509365
524849
540852
557301
574207
591536
609731
628241
647365
667127
687326
708236
729887
752358
775385
798851
823367
848159
874200
900669
928037
956058
985180
1015121
1046111
1077815
1110496
1144435
1179446
1215245
1252147
1290132
1329118
1369833
1411426
1454644
1499002
1544782
1591617
1640593
1690422
1742204
1795180
1850141
1906268
1964625
2024678
21274
21901
22555
23282
23992
24698
25441
26225
27018
27863
28681
29555
30418
31309
32247
33269
34289
35326
36366
37455
38529
39765
40969
42177
43494
44854
46227
47610
49038
50557
52049
53623
55265
56954
58729
60516
62378
64262
66207
68274
70410
72620
74823
77130
79444
81801
84373
86911
89529
92260
94980
97845
100773
103863
107021
110323
113601
117118
120744
124388
128116
132051
136054
140225
144568
148945
153463
158301
163038
167952
173033
178286
183643
189176
194824
200663
206781
213083
219618
226411
233122
240265
247410
254873
262554
270534
278718
287224
296030
305181
314593
324345
334257
344556
355100
365951
377081
388674
400527
412892
425476
438472
451991
465799
479809
494587
509543
525003
541105
557629
574851
592411
610463
628894
648223
667936
688646
709787
731332
753514
776521
800220
824458
849663
875649
902211
929595
958240
987630
1017826
1048918
1080856
1113825
1147643
1182339
1218396
1255528
1293846
1333523
1374137
1415842
1458721
1502877
1548807
1595952
1644627
1694373
1746048
1799252
1853899
1910269
1968522
2028452
21065
21708
22351
23001
23732
24469
25227
26005
26792
27599
28507
29368
30214
31175
32150
33040
34107
35171
36249
37333
38483
39653
40915
42196
43532
44830
46175
47539
48983
50471
51986
53517
55247
56996
58737
60554
62276
64145
66104
68103
70235
72384
74602
76918
79278
81623
84163
86730
89366
92122
94899
97842
100747
103841
107056
110357
113728
117201
120742
124396
128298
132268
136293
140382
144746
149199
153682
158399
163152
168224
173374
178503
184003
189551
195353
201299
207425
213750
220307
227121
233966
241098
248452
255972
263686
271669
280061
288641
297447
306530
315836
325729
335724
346008
356520
367372
378568
390013
401846
414063
426527
439448
452784
466668
480892
495372
510501
525904
542076
558804
575955
593528
611615
629940
649151
669059
689197
710244
732004
754266
777217
800874
825300
850389
876406
903206
930944
959355
988742
1018934
1050103
1082148
1114960
1149083
1184074
1220310
1257368
1295552
1335041
1375296
1417305
1460482
1505344
1551468
1598521
1647558
1697888
1749991
1803348
1858752
1915490
1974222
2034709
21167
21848
22489
23215
23927
24607
25339
26073
26851
27673
28485
29355
30210
31126
32072
33106
34152
35211
36311
37452
38552
39767
40985
42248
43517
44805
46195
47641
49040
50513
52038
53671
55373
57050
58780
60565
62334
64200
66165
68129
70273
72421
74649
76931
79261
81668
84186
86749
89403
92170
94998
98000
101009
104172
107441
110798
114204
117699
121289
125030
128771
132749
136757
141009
145263
149626
154219
158932
163730
168672
173782
179057
184590
190228
196094
202087
208268
214746
221113
227963
234965
242023
249365
256914
264843
272858
281011
289616
298384
307513
316964
326518
336692
347080
357649
368529
379733
391143
402864
414989
427716
440801
454156
468253
482583
497505
512576
528381
544638
561386
578488
596120
614361
633155
652516
672484
692840
714101
735707
758023
781159
804938
829640
854849
880840
907313
934916
963626
992870
1023156
1054102
1086190
1119240
1153450
1188717
1225361
1262560
1301201
1340832
1381836
1424088
1467576
1512022
1558148
1605553
1654835
1705009
1757164
1811009
1866372
1923407
1982100
2042320
21162
21746
22408
23137
23846
24582
25339
26175
27026
27885
28741
29659
30547
31437
32462
33400
34419
35472
36566
37659
38842
40030
41194
42491
43778
45061
46431
47788
49283
50753
52301
53909
55568
57248
58983
60751
62615
64440
66375
68473
70503
72569
74789
77033
79398
81829
84387
86911
89662
92398
95178
98023
101038
104137
107332
110661
114032
117563
121239
124930
128819
132718
136737
140987
145223
149714
154352
159112
164031
169006
174108
179420
184987
190585
196410
202423
208630
215038
221512
228207
235000
242172
249425
257129
264962
273062
281421
290091
298948
307958
317203
326912
336877
347052
357632
368658
379883
391265
403135
415446
428101
441161
454735
468655
482923
497481
512908
528681
544766
561391
578607
596179
614593
633152
652559
672346
693167
714213
735893
758360
781323
805039
829570
854989
881231
908008
935813
964296
993878
1024212
1055572
1087765
1121104
1155142
1190511
1226949
1264390
1302906
1342779
1383658
1425917
1469517
1514403
1560389
1608132
1657260
1708074
1760043
1813812
1869358
1926326
1985110
2045709
20956
21611
22296
22983
23729
24444
25230
26003
26797
27627
28494
29386
30277
31301
32209
33214
34293
35317
36392
37516
38667
39823
41056
42303
43476
44836
46257
47643
49034
50546
52141
53798
55428
57080
58850
60667
62510
64399
66339
