102637
105406
108230
111135
114117
117215
120324
123497
126846
130188
133775
137256
140938
144621
148482
152479
156486
160549
164794
169040
173519
178123
183023
187930
192977
198188
203404
208849
214435
220167
226155
232207
238391
244819
251414
258222
265159
272285
279610
287037
294752
302770
310965
319364
328123
337041
346036
355291
364756
374481
384398
394611
405221
416158
427270
438633
450364
462259
474863
487762
500766
514264
528069
542073
556732
571821
587408
603510
619931
636716
654135
671756
689925
708416
727676
747304
767720
788690
810185
832206
854987
878423
902404
926619
951736
977824
1004659
1032302
1060584
1089401
1119347
1149599
1180933
1213056
1246310
1280529
1315446
1351363
1388468
1426417
1465517
1505646
1546697
1589087
1633034
1677652
1723609
1770918
1819449
1869502
1921046
1973546
2027850
20790
21372
21968
22592
23207
23837
24502
25204
25928
26615
27353
28136
28960
29740
30570
31346
32235
33169
34088
35040
35992
36963
37987
39008
40082
41215
42379
43524
44772
45977
47199
48475
49827
51224
52648
54093
55578
57147
58764
60371
62087
63866
65699
67600
69428
71403
73389
75357
77463
79576
81793
84043
86332
88712
91158
93662
96299
98994
101675
104509
107376
110395
113432
116567
119808
123112
126493
130068
133746
137479
141264
145107
149213
153404
157599
161995
166517
171232
176007
181000
186172
191310
196701
202230
207912
213748
219724
226116
232381
238876
245609
252486
259621
267063
274655
282384
290271
298565
306925
315737
324607
333734
342989
352626
362630
373036
383569
394483
405590
417047
428827
440831
453228
466126
479297
492777
506735
521118
535628
550666
566235
582455
599081
616173
633735
651624
670279
689273
708753
729031
749727
770988
792693
815052
838263
861936
886380
911688
938022
964834
992273
1020475
1049588
1079190
1109848
1141871
1174618
1208196
1242796
1278153
1314888
1352426
1391485
1431328
1472212
1514126
1557294
1601894
1647781
1694834
1743569
1793833
1845023
1897691
1951879
2007943
20731
21304
21922
22542
23204
23894
24563
25255
25989
26740
27555
28367
29182
30033
30902
31787
32673
33569
34549
35620
36644
37717
38810
39964
41130
42318
43521
44796
46042
47438
48819
50240
51657
53152
54627
56235
57986
59678
61324
63137
64963
66832
68713
70721
72839
74938
77163
79395
81720
84064
86494
89019
91670
94360
97073
100007
102836
105803
108837
112073
115340
118731
122226
125675
129318
133117
137008
140957
144998
149205
153561
158065
162639
167403
172221
177322
182529
187834
193475
199036
204926
210777
216923
223059
229532
236218
243017
250054
257277
264461
272076
280060
288143
296548
305185
314180
323306
332866
342754
352741
363017
373831
384755
395909
407548
419572
431997
444761
458077
471680
485488
499776
514359
529556
545149
560933
577536
594738
612362
630575
649125
668354
687981
708183
729097
750735
773002
795702
818990
843324
867962
893689
919881
947014
974882
1003768
1033348
1063776
1095248
1127227
1160586
1194946
1230165
1266378
1303840
1342205
1381967
1422754
1464808
1508823
1553127
1599243
1646328
1695400
1745701
1797770
1851248
1906109
1963285
2021543
20744
21339
21973
22605
23284
23995
24672
25406
26165
26987
27813
28609
29506
30396
31326
32258
33205
34211
35266
36342
37387
38481
39669
40854
42092
43298
44617
45924
47310
48703
50134
51606
53070
54636
56212
57927
59647
61396
63264
65118
67052
69087
71129
73225
75362
77636
80059
82432
85008
87552
90165
92864
95604
98569
101572
104551
107748
110892
114172
117604
121098
124758
128400
132350
136370
140504
144671
149094
153493
158143
162975
167886
172840
178057
183338
188801
194367
200112
206217
212400
218750
225525
232378
239281
246560
254116
261769
269601
277744
286149
294810
303790
313014
322454
332314
342377
352863
363530
374544
385777
397511
409640
422149
435080
448310
462043
475932
490364
505485
520756
536614
553063
569683
586941
604740
623175
642143
661582
682072
702751
724209
746455
768928
792365
816556
841347
867219
893798
920853
948660
977525
1006872
1037046
1068494
1100965
1134499
1169126
1204809
1241361
1279310
1318185
1358103
1399277
1441830
1486236
1531535
1578446
1626813
1676432
1727653
1780348
1834758
1890860
1948750
2008042
20820
21469
22147
22813
23556
24305
25054
25871
26680
27495
28334
29236
30117
31093
32062
33019
34073
35158
36234
37313
38436
39674
40911
42197
43502
44840
46238
47698
49222
50782
52315
53947
55642
57344
59083
60919
62849
64810
66868
68856
71003
73128
75347
77578
80008
82435
85048
87625
90457
93273
96256
99345
102439
105659
108844
112269
115694
119325
123115
126893
130885
134930
139129
143548
148022
152655
157281
162174
167273
172364
177796
183332
189089
194958
201001
207088
213571
220095
226773
233735
240954
248310
256182
264066
272239
280784
289606
298517
307778
317270
327150
337246
347739
358722
369908
381368
393157
405493
418317
431488
444964
458854
473283
488036
503454
519170
535413
552320
569695
587598
606060
625262
644716
664697
685556
707133
729396
752028
775517
799780
824616
850488
877188
904803
933095
962085
992038
1023082
1054839
1088184
1122035
1157255
1193457
1230924
1269474
1309328
1350643
1392895
1436448
1481607
1527886
1575958
1625367
1676321
1729005
1782777
1838707
1897020
1956667
2018236
20740
21447
22100
22818
23512
24281
25051
25796
26597
27432
28294
29211
30108
31109
32083
33118
34156
35253
36318
37458
38623
39756
41025
42311
43674
45013
46473
47888
49376
50954
52481
54127
55830
57648
59447
61344
63337
65384
67493
69626
71811
74038
76388
78825
81298
83800
86449
89096
91965
94778
97807
100871
104093
107367
110806
114372
118005
121816
125712
129567
133639
137870
142276
146759
151455
156251
161152
166270
171465
176952
182529
188338
194324
200552
206804
213354
220129
226998
234129
241544
249336
257358
265470
273683
282391
291479
300726
310330
320234
330435
340754
351538
362615
374107
386164
398490
411248
424488
438048
452022
466593
481486
496814
512600
528963
545959
563616
581759
600671
620004
639981
660332
681467
703359
725793
749308
773205
798008
823931
850467
878119
906147
935535
965402
996213
1028405
1061583
1095362
1130264
1166143
1203514
1242245
1282538
1323122
1365680
1409452
1454701
1501912
1550449
1600451
1651991
1705095
1760254
1817191
1876204
1936503
1999104
2063717
21228
21898
22580
23316
23995
24769
25574
26413
27233
28074
28993
29917
30885
31889
33007
34113
35217
36339
37511
38769
40048
41330
42740
44182
45671
47181
48740
50278
51932
53602
55365
57086
58891
60759
62691
64681
66842
69066
71345
73703
76076
78601
81154
83828
86550
89410
92310
95205
98254
101407
104725
108081
111627
115164
118846
122910
126891
131018
135183
139539
144014
148595
153495
158572
163682
168913
174411
180052
185853
191860
198081
204437
211141
217979
225158
232510
240159
248007
256295
264517
273122
282019
291295
300770
310670
320783
331229
342137
353181
364582
376529
388827
401377
414706
428251
442180
456557
471431
486602
502546
518974
535918
553233
571396
589987
609491
629464
650201
671368
693533
716083
739552
763730
788781
814621
841384
869037
897560
926904
957349
988868
1021228
1054693
1089635
1124876
1161616
1200043
1239294
1279679
1321878
1364699
1408895
1454959
1502557
1551891
1603061
1655499
1709598
1765644
1823915
1883702
1945483
2009253
20816
21487
22154
22889
23674
24444
25209
26009
26877
27722
28652
29666
30685
31656
32694
33851
35035
36126
37348
38566
39822
41174
42575
43946
45382
46892
48491
50050
51685
53403
55197
56996
58841
60822
62833
64879
67011
69180
71479
73923
76390
78962
81552
84241
87077
89960
92905
96069
99236
102621
106034
109611
113283
117069
120907
124877
129063
133354
137733
142155
146809
151554
156537
161715
167056
172698
178291
184234
190322
196570
203021
209819
216801
223987
231409
238972
246776
254724
263274
271947
280933
290194
299833
309838
320104
330740
341927
353320
364861
376799
389378
402306
415663
429365
443637
458344
473403
488939
505065
521851
539198
556966
575517
594698
614310
634402
655578
677379
700045
723396
747171
771704
797329
823920
851156
879431
908711
938748
969640
1002091
1035514
1069834
1105328
1141718
1179567
1218775
1259039
1300998
1343995
1388886
1434753
1482353
1531870
1582986
1635227
1689588
1745859
1803993
1864335
1926193
1990593
2056753
21067
21783
22525
23249
24020
24832
25680
26571
27484
28405
29352
30364
31374
32501
33586
34635
35770
36902
38091
39346
40614
41904
43299
44729
46138
47640
49197
50851
52594
54402
56212
58024
59973
61988
64061
66203
68458
70762
73078
75477
77934
80488
83163
85916
88775
91711
94796
97982
101248
104652
108098
111721
115449
119166
123116
127258
131526
135924
140553
145268
150073
155096
160277
165566
171030
176743
182688
188805
195145
201691
208495
215439
222682
230162
237788
245801
253905
262344
270983
280007
289396
299151
309179
319391
330123
341289
352740
364556
376831
389525
402803
416118
430154
444712
459768
475177
490978
507271
524180
541421
559335
578312
597619
617676
638454
659658
681643
704334
727777
752109
777166
803246
830222
858096
887307
917178
947758
979548
1012253
1045871
1080705
1116929
1154465
1193371
1233295
1274488
1317099
1361309
1406832
1453941
1502502
1553017
1604805
1658227
1713127
1770435
1829650
1890830
1954033
2019370
20796
21458
22151
22902
23686
24459
25300
26146
27011
27911
28885
29904
30948
31934
32966
34057
35185
36422
37663
38880
40218
41599
42944
44363
45811
47401
48990
50612
52332
54143
55956
57871
59763
61783
63843
65981
68195
70455
72796
75221
77810
80374
83071
85860
88725
91744
94944
98099
101392
104574
108068
111725
115506
119497
123563
127663
131926
136315
140894
145623
150461
155624
160935
166328
171919
177681
183706
189822
196200
202855
209563
216615
223776
231272
238999
247005
255242
263897
272801
281922
291321
301161
311338
321904
332520
343832
355337
367298
379641
392229
405565
418988
433055
447552
462667
478317
494474
511087
528309
546212
564861
583657
603365
623636
644648
666408
688821
711787
735676
760427
786150
812930
840169
868306
897610
928155
959363
991766
1025033
1059426
1095042
1132171
1170234
1209571
1250354
1292536
1336434
1381507
1427997
1476244
1525779
1577115
1630418
1684942
1741635
1800385
1860983
1923599
1989018
2055856
21160
21913
22635
23338
24144
24943
25791
26676
27558
28489
29481
30422
31439
32518
33634
34804
36026
37247
38459
39798
41092
42467
43931
45484
47031
48652
50285
52018
53847
55643
57593
59602
61577
63747
65847
67998
70328
72659
75184
77693
80282
83014
85823
88703
91726
94864
98131
101417
104863
108403
112160
115849
119702
123867
127902
132246
136743
141415
146122
151184
156343
161631
167043
172740
178517
184453
190678
197048
203803
210662
217856
225224
232667
240566
248690
257098
265894
274868
284228
293793
303593
313833
324466
335508
346703
358463
370640
383365
396503
410016
423906
438192
453022
468098
484038
500478
517523
534806
552687
571589
590811
610669
631156
652549
674600
697183
720733
744980
770184
796478
823037
850506
879120
909230
939982
972130
1004871
1038688
1073632
1109447
1147326
1186236
1226451
1267824
1310781
1355246
1401199
1448687
1497625
1547980
1600180
1654394
1710316
1768073
1827711
1889024
1952922
2018933
21012
21714
22443
23212
24011
24761
25573
26510
27415
28331
29345
30389
31407
32439
33467
34580
35696
36926
38259
39561
40900
42295
43662
45150
46632
48185
49822
51559
53270
55105
56950
58856
60888
62983
65130
67288
69624
71981
74305
76832
79360
81944
84693
87511
90446
93508
96664
99918
103351
106778
110360
114088
117869
121896
125997
130254
134666
139142
143868
148697
153721
158964
164311
169835
175666
181469
187513
193876
200419
207152
214196
221454
228868
236567
244575
252827
261394
270129
279354
288854
298743
308876
319178
330087
341105
352579
364583
377107
389881
403079
416619
430852
445574
460894
476512
492605
509104
526426
543989
562272
581413
601135
621531
642400
663967
686752
709775
733810
758889
784534
811285
838738
867242
896554
926825
958097
990540
1024020
1058849
1094831
1132015
1170591
1210048
1251089
1293240
1337148
1382479
1429649
1478111
1528164
1579981
1633733
1688860
1745967
1804913
1865749
1928652
1993772
2061210
21244
21937
22688
23497
24279
25074
25897
26785
27644
28552
29491
30455
31537
32635
33673
34813
36024
37207
38523
39821
41124
42558
44014
45471
47010
48604
50219
51853
53668
55459
57282
59225
61293
63351
65487
67682
69988
72236
74708
77249
79834
82568
85361
88291
91213
94228
97324
100671
104076
107722
111326
115005
118938
122891
127061
131313
135760
140370
145088
149924
154991
160122
165557
171118
176890
182897
189078
195486
202185
208928
216084
223371
231192
239074
247247
255494
264252
273225
282527
292164
301971
312322
322869
333705
344935
356479
368475
380711
393590
406859
420832
435084
449842
464954
480815
497026
514107
531621
549507
568175
587087
607216
627851
649155
671320
693821
717432
741684
766751
792506
819341
847082
875832
905422
936419
968060
1000949
1034739
1069721
1105773
1143191
1182083
1221898
1263125
1305636
1349932
1395875
1443405
1492444
1542881
1595366
1649353
1704984
1762792
1822566
1884477
1948680
2014815
20585
21280
22026
22732
23561
24440
25249
26092
26954
27913
28909
29895
30878
31923
32971
34075
35234
36423
37647
38885
40223
41576
42980
44463
45999
47539
49178
50849
52542
54401
56316
58227
60228
62240
64313
66473
68723
71140
73573
76077
78607
81276
84103
86857
89827
92843
95986
99332
102674
106199
109800
113529
117405
121329
125532
129708
134110
138650
143346
148027
153121
158364
163680
169190
174831
180794
186918
193362
199816
206541
213557
220764
228147
235733
243627
252028
260609
269396
278606
288105
297843
307691
318000
329016
340233
351781
363631
376169
389022
402141
415653
429933
444550
459717
475136
491109
507760
524932
542837
561429
580730
600466
620778
641775
663392
685717
708905
732959
758074
783610
810475
837598
866003
895125
925621
957148
989547
1023347
1058183
1094329
1131125
1169243
1208920
1250069
1292354
1336084
1381256
1428235
1476654
1526658
1578426
1632027
1687307
1744353
1803633
1864334
1927351
1992629
2060408
21078
21765
22503
23255
24030
24861
25685
26569
27444
28425
29360
30369
31401
32477
33587
34752
35943
37215
38428
39763
41140
42581
44018
45474
46981
48541
50117
51772
53467
55278
57182
59061
61079
63082
65270
67397
69737
72139
74578
77106
79667
82325
85102
88016
91072
94162
97307
100565
104050
107620
111260
114981
118914
122988
127164
131341
135771
140273
144973
150000
155104
160427
165940
171593
177449
183480
189814
196098
202773
209698
216831
224190
231779
239496
247697
256140
264705
273661
282805
292544
302616
312982
323630
334716
346132
357840
369975
382505
395593
409309
423218
437477
452237
467685
483721
499911
517070
534471
552364
571231
590295
610576
631182
652694
674862
697859
721745
746146
771507
797552
824543
852408
881243
911277
942047
974056
1007079
1041489
1077012
1113566
1151448
1190452
1231014
1272902
1316218
1361018
1407337
1455188
1504421
1555388
1608317
1662483
1718723
1776937
1837411
1899442
1963928
2030334
21146
21847
22539
23273
24052
24857
25670
26499
27455
28421
29394
30370
31410
32468
33585
34682
35861
37098
38330
39616
40994
42336
43785
45254
46797
48393
49969
51612
53394
55194
56984
58956
60925
62907
64975
67217
69480
71790
74161
76672
79218
81935
84728
87661
90676
93666
96918
100176
103493
107041
110688
114372
118310
122406
126564
130908
135323
139945
144605
149590
154578
159813
165101
170795
176545
182537
188691
195072
201741
208636
215813
223048
230672
238310
246466
254903
263675
272505
281709
291153
301146
311234
321941
332833
344188
355781
367947
380253
393078
406240
419902
434033
448767
463849
479514
495760
512807
530440
548378
567207
586326
606374
627045
648219
670008
692784
716308
740545
765756
791762
818604
846291
874992
904588
935413
966999
999898
1033595
1068700
1104831
1142149
1180792
1220966
1262567
1305398
1349732
1395571
1442832
1491660
1541955
1593994
1647939
1703621
1761368
1821228
1883051
1947134
2013156
20882
21601
22332
23117
23952
24756
25585
26480
27395
28321
29221
30228
31251
32283
33405
34594
35760
36966
38234
39542
40884
42247
43672
45165
46677
48211
49895
51668
53413
55240
57139
59029
61046
63167
65383
67587
69859
72264
74696
77208
79840
82565
85404
88220
91231
94324
97450
100758
104103
107585
111208
114835
118556
122592
126770
131138
135631
140207
144942
149977
155051
160346
165642
171294
177129
183071
189371
195783
202436
209299
216407
223716
231414
239242
247344
255579
264332
273352
282667
292175
302169
312292
323021
333898
345046
356736
368787
381359
394529
408051
421782
436307
451248
466714
482488
498639
515520
532883
551044
569949
589287
609357
629900
651077
673011
695783
719319
743830
768995
794985
822154
849964
878999
909110
940150
971864
1004708
1039038
1074453
1110789
1148773
1187575
1227776
1269687
1313212
1357270
1403259
1450796
1499652
1550406
1602893
1657279
1713642
1771632
1831827
1894310
1958773
2025332
21107
21786
22500
23259
23992
24836
25671
26542
27427
28363
29337
30315
31328
32309
33394
34518
35658
36810
38099
39360
40711
42134
43626
45139
46690
48249
49822
51531
53260
55099
56980
58923
61046
63129
65363
67565
69844
72179
74645
77210
79748
82431
85160
87989
91033
94118
97206
100493
103995
107529
111227
115069
119022
123104
127262
131569
135984
140556
145314
150173
155281
160618
165984
171552
177374
183378
189693
196063
202653
209374
216427
223766
231272
238938
246849
255242
263731
272769
282055
291693
301643
311806
322211
333036
344255
355865
368051
380643
393425
406800
420545
434703
449402
464752
480517
497081
514140
531584
549466
568305
587814
607903
628674
649936
672125
695083
718927
743202
768315
794230
821058
849086
878029
907920
938691
970562
1003361
1037606
1072843
1109290
1147048
1186163
1226672
1268454
1311746
1355951
1401974
1449471
1498455
1548967
1601304
1655819
1712023
1770331
1830327
1892673
1957289
2023682
20572
21260
22054
22740
23509
24303
25103
25938
26810
27729
28683
29664
30748
31786
32837
33910
35065
36169
37477
38765
40071
41446
42851
44278
45771
47275
48802
50503
52279
54076
55883
57735
59751
61743
63842
65937
68175
70575
73018
75445
78061
80646
83308
86105
89005
91945
95132
98345
101630
105109
108685
112393
116253
120275
124346
128498
132921
137445
141887
146809
151866
156977
162352
167765
173443
179392
185410
191774
198285
205055
211987
219138
226627
234286
242389
250669
259040
267948
277047
286651
296413
306311
316656
327385
338442
350084
361896
374116
386904
399963
413607
427612
442136
457116
472675
488805
505368
522589
540282
558643
577642
597383
617976
639014
660853
683245
706393
730544
755543
781077
807830
835540
863981
893439
923886
955082
987315
1020876
1055364
1091273
1128422
1166441
1206150
1247421
1289500
1333830
1378920
1425609
1474059
1524296
1575883
1629507
1684689
1741830
1801105
1862427
1925446
1990650
2058252
21365
22131
22888
23643
24391
25245
26133
27003
27943
28862
29861
30904
31936
33004
34133
35260
36443
37744
39036
40375
41796
43233
44765
46328
47884
49515
51129
52856
54605
56465
58352
60303
62392
64519
66747
68982
71265
73666
76231
78835
81516
84293
87133
90064
93128
96229
99448
102838
106391
110028
113796
117646
121711
125805
130083
134347
139029
143847
148820
153865
159118
164561
170167
176039
181985
188156
194535
201218
208117
215220
222552
230028
237946
246001
254425
263080
271916
281118
290570
300458
310582
321207
332195
343522
355183
367394
379820
392431
405661
419449
433714
448556
463968
479867
496257
513164
530634
548662
566942
586001
605945
626490
647688
669785
692479
715901
740150
765320
791141
818182
845471
874133
903995
934721
966473
999298
1033049
1068354
1104784
1142132
1180901
1221275
1263148
1306428
1350997
1397162
1444774
1493908
1544697
1597390
1652106
1708496
1766525
1826506
1888343
1952179
2018909
20905
21612
22414
23207
23970
24776
25582
26445
27354
28315
29273
30301
31302
32426
33518
34655
35808
36998
38209
39466
40879
42311
43738
45192
46795
48381
50111
51820
53502
55315
57276
59262
61268
63368
65504
67695
70006
72340
74809
77337
79932
82704
85519
88397
91496
94663
97950
101360
104797
108316
112066
115855
119794
123837
128047
132345
136796
141615
146441
151473
156619
161955
167384
173077
179045
185274
191395
197986
204580
211654
218739
226202
233956
241863
250164
258610
267238
276322
285674
295519
305507
315850
326593
337514
348902
360690
372964
385527
398567
412087
426120
440611
455615
470871
486903
503498
520522
538188
556535
575566
594958
615087
635931
657460
679602
702614
726499
751478
777073
803739
831035
859428
888686
918893
950048
982248
1015660
1050025
1085837
1122708
1160906
1200559
1241362
1283933
1327938
1373249
1419954
1468119
1517882
1569628
1622783
1678265
1735416
1794738
1856063
1919094
1984130
2051416
21327
22064
22876
23656
24383
25227
26049
26937
27862
28856
29903
30888
31929
32990
34091
35248
36437
37672
38895
40226
41580
43025
44617
