102702
105488
108273
111140
114080
117104
120195
123389
126586
129995
133548
137126
140796
144507
148388
152380
156487
160804
165007
169499
174017
178721
183500
188385
193473
198646
203948
209499
215155
220951
226895
232970
239161
245653
252235
258917
265882
272954
280337
287917
295722
303619
311879
320332
328907
337731
346738
356245
365783
375777
385905
396254
407148
418109
429696
441449
453369
465770
478306
491134
504598
518329
532285
546710
561701
576989
592700
608778
625362
642579
660227
678108
696793
715796
735459
755504
776097
797424
819202
841742
864594
888483
912955
937728
963571
990038
1016929
1044903
1073682
1102919
1133439
1164530
1196612
1229278
1263154
1297987
1333838
1370310
1408461
1447422
1487387
1528207
1570267
1613490
1658440
1704528
1751783
1800599
1850955
1902534
1955847
2010301
20908
21515
22114
22721
23339
24004
24677
25387
26085
26770
27508
28252
29043
29875
30723
31573
32458
33341
34292
35262
36212
37202
38206
39281
40384
41553
42673
43893
45084
46273
47590
48888
50327
51727
53232
54773
56278
57886
59497
61136
62871
64738
66586
68463
70418
72393
74437
76585
78750
80920
83243
85600
88019
90549
93080
95687
98396
101106
103964
106985
110052
113086
116318
119683
123086
126675
130325
134042
137824
141828
145956
150113
154388
158852
163325
167918
172841
177718
182760
187966
193364
198820
204507
210423
216410
222612
229101
235639
242338
249288
256357
263698
271184
278932
286948
295232
303677
312102
320994
330287
339709
349681
359718
369999
380602
391560
402728
414188
426219
438271
450834
463887
477492
491260
505468
519761
534791
550290
566329
582659
599432
616845
634438
652973
671918
691136
711196
731718
752960
774713
797156
820025
843830
868370
893393
919136
945430
972905
1001157
1030205
1060086
1090652
1122388
1154935
1188437
1222856
1258380
1295030
1332717
1371509
1411371
1452264
1494322
1537561
1582211
1628389
1675622
1724688
1774884
1826765
1880434
1935210
1991544
2049480
21097
21737
22354
22965
23618
24333
25021
25744
26478
27257
28088
28992
29773
30656
31560
32478
33466
34416
35370
36386
37425
38583
39767
40937
42091
43292
44558
45913
47280
48648
50083
51591
53138
54686
56323
57959
59587
61303
63142
64996
66937
68900
70964
73071
75201
77409
79712
82095
84471
86908
89491
92250
95036
97813
100727
103726
106747
110021
113249
116514
120042
123694
127309
131108
134989
139006
143107
147333
151686
156246
160880
165571
170560
175634
180899
186228
191770
197522
203318
209503
215747
222107
228666
235609
242648
249863
257162
264925
272654
280796
289269
297921
306746
316036
325385
335135
345045
355291
366022
376900
388293
399834
411789
424025
436770
449971
463491
477597
491778
506560
521739
537509
553668
570234
587362
605013
623124
641762
661099
680929
701590
722818
744580
767088
790138
813710
838057
863371
889462
916444
943765
971983
1001181
1031457
1062649
1094711
1127450
1161601
1196554
1232483
1269588
1307585
1347075
1387921
1429805
1472509
1516908
1562659
1610026
1658481
1708374
1759780
1812809
1867382
1923398
1980972
2040978
21219
21906
22561
23228
23972
24652
25439
26223
27051
27864
28690
29535
30418
31400
32356
33356
34405
35464
36518
37587
38730
39905
41118
42299
43629
44974
46401
47823
49268
50710
52291
53940
55575
57294
59076
60863
62619
64591
66550
68577
70666
72833
75131
77502
79855
82219
84720
87210
89837
92442
95281
98184
101148
104297
107513
110742
114052
117456
121078
124870
128633
132663
136748
140963
145256
149689
154324
158894
163736
168695
173851
179190
184648
190454
196239
202280
208395
214698
221337
228046
234964
242327
249566
257135
265097
273168
281531
290060
298973
308126
317717
327444
337352
347784
358347
369334
380981
392743
404798
417229
429937
443243
456782
470974
485468
500338
515756
531551
547730
564412
581834
599735
618240
637321
657029
677250
697946
719644
741831
764815
788415
812424
837507
863492
890135
917898
946140
975171
1005443
1036628
1068340
1101496
1135687
1170567
1206526
1243725
1282453
1322106
1362790
1405108
1448249
1492912
1539001
1586383
1635520
1685857
1738157
1791609
1846972
1904376
1963078
2023737
20943
21613
22249
22949
23659
24342
25113
25902
26627
27447
28271
29193
30114
31030
32026
33024
34060
35087
36142
37256
38409
39585
40825
42101
43388
44803
46185
47624
49079
50608
52160
53710
55348
57085
58861
60626
62472
64406
66402
68467
70606
72847
75182
77589
79940
82355
84912
87608
90194
92970
95829
98770
101806
104946
108101
111472
114967
118516
122193
126012
130051
134055
138216
142516
146959
151539
156269
161196
166268
171396
176851
182548
188296
194190
200258
206378
212800
219441
226174
233228
240549
248041
255860
263980
272205
280684
289532
298711
308254
317803
327773
338143
348561
359358
370737
382534
394500
406905
419764
432867
446322
460494
474978
489918
504991
520826
537132
553786
571262
589300
607855
626843
646536
666726
687614
709252
731343
754241
777856
802439
827310
853340
879906
907510
936011
965412
995875
1026986
1059398
1092586
1126830
1162242
1198780
1236387
1275231
1315352
1356469
1398845
1443291
1488664
1535175
1583569
1633362
1684945
1737928
1792743
1849184
1907472
1967730
2029346
21128
21728
22410
23112
23828
24576
25309
26072
26878
27750
28648
29507
30461
31430
32409
33455
34484
35604
36782
37881
39065
40313
41576
42881
44266
45697
47175
48708
50290
51875
53402
55091
56794
58517
60376
62329
64285
66232
68247
70373
72577
74833
77247
79717
82266
84965
87644
90393
93232
96226
99270
102433
105584
108900
112353
115908
119516
123339
127245
131169
135345
139580
143995
148499
153228
158074
163137
168272
173668
179175
184872
190752
196842
203162
209726
216383
223257
230323
237561
245196
253023
261088
269185
277714
286625
295700
305060
314939
324967
335197
345814
356916
368078
379770
392033
404535
417359
430623
444187
458310
473025
488006
503517
519560
536048
553207
570950
589097
607993
627442
647526
668252
689458
711659
734245
757811
782141
806785
832770
859224
886460
914563
943388
973746
1004654
1036827
1069963
1103844
1138972
1175646
1213044
1252061
1291939
1332937
1375547
1419541
1464895
1511625
1559632
1609173
1660518
1713662
1768338
1824586
1882798
1943174
2005331
20498
21134
21830
22475
23216
23956
24716
25472
26216
27012
27866
28775
29704
30666
31616
32655
33665
34765
35859
36980
38144
39411
40755
42031
43353
44701
46105
47592
49113
50726
52413
54163
55923
57668
59569
61435
63377
65454
67610
69798
71984
74258
76614
79040
81559
84192
86935
89783
92635
95732
98803
101995
105180
108545
111956
115546
119218
123079
127029
131124
135327
139691
144228
148815
153535
158555
163572
168934
174377
179936
185749
191605
197840
204291
210824
217614
224478
231852
239365
247162
255216
263286
271639
280416
289535
298903
308358
318390
328605
339012
349799
361003
372586
384686
396958
409705
422879
436498
450473
464806
479673
495210
510988
527433
544314
561791
579755
598520
617532
637641
658239
679424
701359
723708
746855
770849
795548
820919
847107
874521
902530
931749
961809
992922
1024981
1057842
1092162
1127340
1163425
1200832
1239726
1279662
1321386
1363717
1407692
1452915
1499745
1548621
1598328
1650066
1702900
1757684
1814567
1873419
1933783
1995871
2060170
21108
21745
22451
23165
23955
24700
25484
26326
27129
28008
28897
29860
30833
31867
32923
33967
35074
36204
37402
38559
39776
40998
42358
43679
45117
46592
48164
49713
51323
52962
54672
56503
58307
60146
62055
64142
66262
68348
70582
72798
75202
77663
80219
82844
85562
88337
91189
94139
97134
100170
103461
106842
110271
113795
117439
121198
125147
129178
133360
137676
142086
146709
151509
156419
161479
166656
171981
177448
183122
188953
195051
201402
207976
214537
221402
228530
235925
243484
251273
259271
267621
276170
285078
294562
304003
313693
323780
334204
344991
356040
367548
379702
391900
404565
417578
430893
444902
459216
473952
489242
505153
521696
538487
556076
573772
592450
611631
631415
652103
673169
694743
717062
740100
763948
788823
814247
840560
867549
895575
924362
954307
985027
1016727
1049900
1084116
1119166
1155454
1193132
1231874
1271656
1312973
1355353
1399296
1444709
1491601
1539899
1589877
1641335
1694489
1749517
1806567
1865127
1925634
1987800
2052520
21142
21769
22441
23137
23901
24685
25469
26295
27116
28032
28947
29902
30856
31858
32903
34032
35138
36278
37455
38684
40032
41322
42641
44071
45562
47041
48593
50175
51711
53396
55138
56931
58803
60781
62733
64731
66819
69017
71169
73431
75819
78233
80772
83386
86069
88847
91823
94844
97938
101091
104404
107808
111398
114981
118711
122516
126453
130556
134705
138951
143602
148316
153094
158107
163187
168475
173863
179638
185611
191544
197778
204341
210901
217850
224975
232178
239668
247399
255431
263670
272297
281102
290180
299652
309380
319496
329997
340812
351720
362922
374614
386824
399189
412300
425902
439815
454202
468927
484160
499783
516069
532804
549590
567606
586051
605075
625247
645422
666448
688550
710676
733791
757483
782305
807876
834319
861483
889359
918376
948238
979210
1011144
1044347
1078196
1113192
1149485
1186884
1225453
1265468
1306885
1349411
1393514
1438883
1485536
1534011
1583533
1635078
1688351
1743697
1800562
1859262
1919696
1982121
2046777
21393
22111
22871
23643
24387
25211
26016
26916
27837
28754
29714
30672
31682
32774
33783
34885
35960
37110
38286
39459
40720
41996
43400
44870
46393
47912
49491
51070
52699
54397
56217
58110
59946
61821
63827
65946
68092
70296
72503
74871
77358
79885
82422
85047
87821
90641
93602
96619
99755
103023
106352
109852
113440
117134
120985
124844
128981
133182
137525
141916
146586
151316
156003
161046
166310
171835
177514
183313
189460
195630
202029
208601
215289
222121
229303
236766
244408
252339
260415
268811
277553
286723
296215
305841
315769
326166
336820
347804
359173
370819
382768
395257
407952
421246
435030
449246
463911
479023
494893
510888
527347
544591
562294
580657
599637
619169
639467
660321
681652
703878
726845
750581
774728
799754
825836
853157
880771
909466
939324
969885
1001302
1034046
1067964
1102763
1138885
1175856
1214079
1253603
1294355
1336565
1380343
1425622
1471870
1519967
1569770
1621155
1674263
1728584
1785013
1843222
1903375
1965687
2029892
20800
21500
22226
22930
23667
24463
25266
26083
26913
27766
28588
29472
30421
31435
32481
33515
34644
35861
37029
38274
39602
40982
42294
43646
45073
46527
48098
49663
51283
52946
54682
56538
58334
60282
62282
64339
66474
68666
70889
73160
75633
78078
80710
83364
86148
88969
91797
94820
97872
101086
104406
107827
111330
115011
118779
122730
126747
130911
135198
139517
144074
148753
153649
158641
163818
169123
174729
180465
186515
192720
198948
205433
212144
218997
226108
233598
241245
249182
257415
265757
274471
283361
292685
302260
312063
322338
332822
343731
354891
366535
378277
390477
403244
416403
430037
444127
458545
473357
489024
505009
521846
538847
556545
574576
593548
612997
632792
653259
674639
696936
719584
743205
767773
792945
818899
846007
873543
902138
931584
961891
993320
1025738
1059188
1093854
1129718
1166498
1204657
1243829
1284886
1327276
1370440
1415403
1461931
1509700
1559074
1610186
1662699
1717196
1773454
1831463
1891307
1953413
2017307
20788
21477
22214
22944
23674
24467
25269
26129
27003
27865
28771
29712
30676
31716
32817
33887
34986
36081
37281
38501
39753
41130
42498
43862
45279
46727
48251
49798
51476
53180
54906
56707
58573
60516
62504
64516
66585
68722
71039
73372
75904
78377
81003
83630
86363
89247
92204
95151
98306
101487
104796
108272
111852
115546
119373
123261
127180
131356
135661
140138
144631
149296
154261
159247
164454
169899
175444
181155
187025
193083
199388
205957
212728
219693
227106
234647
242267
250209
258564
267131
275877
284831
294320
303846
313663
324030
334820
345843
357035
368752
380897
393207
406135
419518
433504
447573
462268
477245
493005
509163
526016
543184
560804
579385
598396
617960
638436
659407
681131
703538
726464
750276
774868
800109
826328
853467
881012
909912
939492
970503
1002070
1034797
1068642
1103262
1139517
1176623
1215131
1254962
1296496
1339023
1382764
1427930
1474658
1522890
1573000
1624579
1677785
1733083
1789970
1849012
1909564
1972224
2037181
21149
21856
22599
23386
24190
24980
25782
26625
27517
28452
29323
30300
31276
32306
33357
34439
35594
36724
37845
39073
40308
41627
42955
44387
45801
47335
48867
50501
52158
53891
55623
57471
59371
61252
63262
65367
67495
69625
71933
74309
76664
79133
81826
84593
87366
90237
93217
96326
99489
102832
106286
109772
113246
116881
120714
124617
128626
132833
137182
141594
146364
151019
155965
160911
166205
171624
177266
183053
188962
195114
201457
208108
214937
222086
229297
236851
244694
252819
260874
269536
278425
287576
297108
306745
316926
327385
338123
349213
360770
372643
384686
397436
410517
424029
437947
452275
466968
482285
498131
514480
531286
548918
567038
585785
604983
624832
645161
666470
688136
710888
734087
758252
782765
808636
835090
862557
890979
920140
950576
982050
1014312
1047583
1081778
1117557
1154519
1192425
1231871
1272519
1314437
1357774
1402242
1448285
1496363
1545409
1595857
1648264
1702609
1758760
1816282
1875944
1937366
2001482
20580
21238
21933
22680
23428
24212
24983
25752
26532
27427
28295
29251
30215
31199
32220
33318
34393
35547
36749
37990
39167
40508
41835
43276
44684
46185
47664
49144
50794
52421
54180
55924
57740
59635
61609
63599
65720
67786
69894
72177
74560
76983
79477
82098
84783
87586
90504
93488
96552
99715
102942
106374
109917
113539
117336
121165
125178
129260
133463
137856
142405
147193
152108
157083
162255
167611
173084
178760
184656
190607
196883
203265
209777
216666
223786
231112
238573
246476
254424
262770
271405
280278
289439
298992
308904
319119
329411
340203
351366
363032
374823
387221
400151
413223
426975
440871
455241
470177
485569
501516
517862
535037
552773
571073
590050
609397
629833
650398
671619
693788
716742
740536
764685
789713
815669
842239
869927
898571
928136
958638
989974
1022209
1055547
1090288
1126000
1162994
1200858
1240301
1281118
1323386
1367368
1412501
1459063
1507111
1556365
1607205
1660166
1714773
1771166
1829237
1889409
1951377
2015403
20785
21463
22115
22817
23543
24274
25067
25911
26809
27682
28591
29561
30535
31507
32547
33633
34761
35886
37033
38211
39474
40682
42060
43371
44840
46313
47879
49416
51039
52631
54364
56108
57966
59925
61945
63922
65992
68123
70400
72692
75040
77458
79963
82563
85273
87976
90772
93787
96909
99994
103380
106854
110367
113940
117725
121620
125525
129761
134088
138434
143062
147783
152766
157762
163089
168567
174054
179681
185623
191662
197977
204423
211194
218085
225199
232726
240425
248355
256620
265103
273941
283180
292553
302218
312073
322235
332873
343968
355294
367055
379227
391514
404271
417610
431366
445416
460150
475168
490847
507254
523873
541200
559096
577562
596408
616054
636281
657063
678632
700881
724145
747919
772243
797773
823949
850916
879294
908486
938431
969369
1001110
1034205
1068275
1103681
1139959
1177871
1216653
1256614
1297975
1340449
1384189
1429629
1476547
1524957
1575083
1626870
1680406
1735369
1792374
1851645
1912654
1975520
2040851
20937
21649
22358
23062
23822
24596
25438
26274
27161
28053
28957
29931
30983
32052
33099
34183
35285
36438
37586
38820
40109
41409
42716
44077
45519
47030
48609
50237
52000
53692
55483
57333
59216
61152
63156
65201
67311
69518
71941
74340
76812
79222
81771
84443
87226
90173
93159
96254
99412
102616
105957
109352
112956
116669
120640
124537
128639
132860
137245
141765
146445
151322
156223
161258
166364
171896
177563
183283
189299
195539
202113
208794
215861
222877
230185
237783
245698
253952
262195
270746
279445
288925
298428
308157
318456
329053
339917
351089
362493
374482
386859
399575
412663
426314
440292
454856
469617
485370
501234
517655
534700
552196
570310
588950
608428
628398
649206
670637
692532
715588
739152
763663
788842
814879
841781
869383
898152
927508
958054
989505
1022164
1055641
1090503
1126223
1163417
1201824
1241733
1282776
1324954
1368736
1414057
1460625
1508785
1558218
1609348
1662112
1716815
1773092
1831225
1891513
1953801
2018289
20923
21572
22257
22998
23794
24589
25448
26305
27173
28038
29014
30005
31018
32042
33115
34170
35281
36429
37617
38894
40212
41507
42873
44289
45735
47242
48786
50325
52007
53704
55534
57353
59202
61207
63192
65326
67460
69630
71909
74301
76682
79201
81851
84504
87275
90167
93045
96081
99223
102529
105942
109454
113088
116824
120676
124662
128682
132869
137333
141784
146478
151352
156288
161385
166728
172154
177824
183623
189533
195616
202102
208773
215740
222788
230027
237408
245388
253352
261650
270236
279027
288046
297559
307375
317510
327831
338808
349985
361385
373303
385711
398519
411691
425147
438901
453569
468421
483911
500043
516410
533448
551150
569377
587945
607591
627604
647951
669484
691309
714163
737643
762247
787265
812931
839781
867593
896186
925644
956090
987642
1020466
1054006
1088584
1124489
1161551
1199984
1239499
1280472
1322661
1366051
1411031
1457808
1505863
1555531
1607248
1660036
1714767
1771341
1829456
1889795
1951714
2016020
20838
21563
22264
22981
23740
24507
25277
26102
26944
27795
28697
29652
30602
31579
32611
33691
34789
35901
37052
38216
39459
40736
42107
43438
44835
46333
47804
49373
51008
52691
54420
56163
58046
59953
61812
63834
65921
68115
70321
72556
74845
77426
79867
82472
85272
88121
90986
93940
97068
100293
103706
107066
110555
114228
118062
121959
125960
130051
134332
138786
143522
148209
153039
158058
163261
168740
174232
179938
185842
192002
198361
204838
211651
218639
225921
233389
241177
249119
257315
265732
274270
283239
292510
302026
311974
322352
332877
343866
355157
366906
378927
391804
404711
418221
432063
446310
461056
476075
491748
507861
524396
541661
559580
578090
597187
616551
636976
657941
679825
702361
725351
749047
773772
799261
825622
852529
880430
909345
938912
970027
1002202
1035344
1069491
1104472
1140877
1178504
1217118
1257009
1298472
1341349
1385234
1430952
1478073
1526365
1576454
1628432
1681735
1737071
1794883
1854113
1915512
1978733
2043805
21157
21851
22571
23311
24048
24861
25638
26534
27433
28342
29308
30297
31266
32290
33384
34495
35674
36856
38113
39367
40734
42008
43382
44858
46289
47826
49399
51026
52722
54435
56222
58158
60132
62113
64130
66307
68534
70750
72967
75396
77777
80357
83027
85746
88595
91486
94487
97555
100786
104113
107537
111069
114737
118591
122460
126462
130620
135057
139593
144159
148884
153824
158860
164004
169392
175122
180818
186931
192949
199370
206003
212781
219703
226955
234554
242237
250165
258478
266981
275680
284774
294290
304008
314151
324583
335285
346185
357504
369390
381630
394240
407312
420732
434570
448917
463650
479024
494987
511255
528091
545571
563645
582103
601281
621471
641840
663074
685073
707593
731107
755489
780374
806315
832834
860292
888755
917811
947916
979354
1011611
1044607
1078725
1113983
1151046
1189066
1228348
1268491
1310331
1353482
1398420
1444403
1492146
1541304
1592491
1644874
1698873
1754710
1811974
1871768
1933853
1997674
2063835
21002
21670
22399
23116
23893
24685
25510
26359
27271
28129
29053
30002
30977
31984
33023
34045
35148
36327
37557
38769
40016
41363
42724
44130
45569
47020
48547
50135
51805
53534
55214
57076
58985
60919
62901
64955
67030
69226
71526
73781
76250
78773
81312
84006
86884
89713
92597
95626
98670
101903
105246
108713
112185
115819
119730
123644
127710
131947
136313
140765
145393
150123
155132
160279
165558
171040
176598
182371
188417
194612
201003
207690
214467
221580
229036
236677
244321
252223
260383
269279
278061
287518
296927
306658
316751
327017
337889
349023
360603
372407
384845
397449
410578
424179
438144
452625
467700
483404
499302
515783
533111
550694
568884
587490
606626
626649
647273
668580
690714
713551
737026
761368
786629
812483
839265
866625
895045
924414
954998
986755
1019207
1052491
1087194
1123081
1159987
1198445
1237963
1279053
1321059
1364712
1409873
1456755
1505034
1554989
1606750
1659785
1714143
1770838
1829079
1889272
1951747
2016107
20929
21621
22308
23099
23836
24677
25476
26319
27192
28098
29045
29983
31018
32082
33102
34284
35399
36550
37737
38944
40189
41506
42862
44264
45740
47218
48759
50402
52040
53778
55600
57438
59384
61337
63348
65477
67686
69912
72206
74650
77101
79652
82213
84874
87572
90410
93372
96475
99662
103076
106423
109962
113521
117197
121175
125298
129377
133787
138190
142859
147544
152249
157352
162610
168041
173514
179267
185185
191334
197768
204435
211166
217941
225159
232558
240263
248041
256212
264709
273455
282414
291786
301311
311413
321513
332169
343225
354497
366043
378237
390686
403620
416951
430647
444895
459578
474776
490475
506318
522993
540363
558398
576743
595965
615674
636002
656941
678776
701187
724166
748146
772880
798303
824736
