102601
105343
108053
110956
113915
116945
120064
123294
126519
129833
133268
136887
140493
144252
148043
152027
156075
160232
164416
168839
173296
177914
182543
187437
192400
197508
202846
208423
214102
219834
225601
231499
237611
243933
250260
256944
263820
270860
278138
285585
293279
301166
309176
317275
325761
334522
343397
352645
361993
371784
381842
392074
402514
413283
424323
435940
447717
459804
472150
484922
498070
511568
525433
539405
553977
569019
584399
600389
616589
633290
650402
668070
686166
704748
723926
743469
763556
783999
805293
827143
849577
872781
896342
920678
945597
971163
997482
1024624
1052439
1080897
1110102
1140457
1171225
1202908
1235831
1269840
1304839
1340501
1376981
1414576
1453075
1492576
1533647
1575637
1618912
1663295
1708904
1755851
1803944
1853649
1904924
1957090
2010765
20499
21076
21668
22256
22913
23519
24200
24889
25577
26242
26946
27650
28428
29192
29985
30795
31653
32527
33405
34392
35363
36330
37265
38304
39414
40476
41568
42706
43897
45112
46287
47551
48944
50319
51737
53227
54692
56174
57780
59392
61017
62729
64532
66324
68164
70094
72098
74095
76175
78330
80493
82726
85007
87385
89809
92361
95020
97706
100430
103233
106140
109074
112116
115322
118594
121857
125316
128750
132446
136146
139969
143999
147954
152266
156586
161010
165571
170174
175013
179932
184946
190152
195553
200947
206746
212505
218506
224607
230891
237474
244296
251245
258422
265808
273221
280712
288552
296781
305208
313892
322761
331798
341242
350925
360817
371071
381649
392555
403668
415239
426925
439143
451709
464414
477531
491008
505059
519794
534392
549483
565152
581265
597835
615053
632676
650374
668803
687962
707415
727762
748340
769782
791734
814193
837401
861240
886264
911801
937543
964246
991825
1020224
1049524
1079526
1110244
1142387
1175136
1209019
1243528
1278975
1315720
1353171
1391934
1431921
1473216
1515468
1559014
1603806
1650155
1697672
1746090
1796337
1848307
1901436
1956035
2012088
20717
21337
21969
22601
23257
23907
24615
25343
26056
26777
27561
28378
29245
30069
30905
31784
32669
33594
34583
35602
36564
37615
38676
39794
40953
42085
43288
44505
45808
47164
48499
49920
51350
52811
54343
55890
57489
59156
60913
62756
64578
66439
68323
70291
72334
74531
76688
78948
81197
83512
85981
88466
91061
93697
96321
99190
102117
105128
108158
111326
114549
117796
121271
124794
128520
132301
136142
140114
144275
148556
152719
157145
161657
166360
171285
176298
181489
186776
192288
197921
203756
209729
215895
222253
228682
235322
242353
249469
256614
264285
272133
280089
288297
296501
305067
314122
323403
332972
342820
353015
363303
374076
385208
396367
408049
420083
432544
445406
458552
471905
485864
500194
515099
530292
545797
561786
578356
595662
613154
631388
649869
669114
688917
709195
730133
751626
773750
796517
820091
844237
869336
894926
921336
948248
976354
1005140
1034964
1065496
1097085
1129401
1162972
1197644
1233176
1269865
1307591
1346404
1386384
1427153
1469485
1512931
1557551
1603923
1651712
1700467
1750899
1802757
1856460
1911876
1968639
2027143
20781
21395
22065
22692
23359
24077
24809
25551
26316
27038
27778
28595
29473
30306
31226
32114
33073
34019
35009
36075
37167
38306
39401
40566
41718
42964
44272
45651
46968
48383
49784
51358
52962
54571
56174
57855
59611
61429
63288
65247
67155
69198
71328
73390
75590
77889
80214
82647
85007
87536
90210
93039
95792
98667
101657
104710
107855
111028
114417
117880
121412
125207
129023
132832
136778
140892
145109
149623
154005
158523
163260
168268
173411
178677
184106
189630
195261
201128
207159
213463
220031
226723
233561
240591
247860
255463
263160
271123
279456
287933
296602
305495
314795
324417
334372
344614
355113
365916
376981
388528
400258
412423
425073
437786
451074
464600
478666
493114
507983
523456
539503
555753
572681
590084
607917
626522
645632
665295
685652
706570
728072
750248
772929
796349
820634
845546
871383
897806
925353
953656
982403
1012456
1043661
1075702
1108333
1142319
1177034
1212839
1250029
1288026
1327350
1368162
1410026
1453358
1497600
1543494
1590330
1639391
1689443
1741066
1794662
1849559
1905973
1964595
2025127
20922
21550
22256
22984
23692
24382
25093
25890
26726
27537
28387
29285
30132
31070
32085
33093
34147
35174
36185
37290
38450
39674
40850
42155
43448
44845
46248
47659
49081
50626
52210
53786
55426
57107
58870
60690
62613
64554
66502
68580
70673
72773
75057
77376
79712
82219
84763
87372
90037
92761
95680
98701
101754
104864
108223
111552
115040
118640
122267
126101
130109
134207
138479
142825
147307
151882
156610
161364
166360
171604
176895
182471
188306
194115
200308
206514
212995
219595
226496
233513
240721
248413
256246
264273
272485
280943
289770
298828
308112
317685
327646
337793
348257
359198
370261
381900
393731
405969
418625
431666
445139
459160
473453
488345
503740
519334
535582
552307
569409
587076
605472
624407
643871
664001
684783
706188
728120
751030
774413
798688
823508
849521
876099
903932
932302
961498
991686
1022748
1054945
1087780
1121947
1157143
1193033
1230217
1268869
1308689
1349905
1392021
1435715
1480860
1527860
1575814
1625392
1676332
1728946
1783167
1839609
1897234
1957012
2018293
20878
21518
22242
22896
23608
24399
25205
25988
26806
27639
28548
29468
30426
31395
32362
33430
34471
35569
36617
37727
38957
40176
41427
42788
44219
45573
46972
48480
50071
51588
53204
54923
56633
58505
60336
62269
64226
66178
68283
70472
72727
75051
77345
79725
82228
84860
87581
90392
93293
96297
99357
102621
105930
109286
112790
116344
120115
123914
127888
131976
136186
140529
144910
149500
154296
159260
164345
169572
174967
180535
186294
192252
198290
204598
211199
218057
225078
232222
239786
247433
255360
263482
271980
280727
289816
299159
308682
318512
328703
339191
350100
361225
372818
384697
396960
409566
422667
436092
449997
464646
479564
494873
510574
527176
544176
561570
579336
597937
617136
636892
657407
678310
700258
722690
745753
769613
794407
819842
846077
872967
901033
930231
959925
990852
1022600
1055214
1088963
1123919
1160430
1197579
1236077
1276122
1317155
1359812
1403896
1449258
1496012
1544010
1593855
1645287
1698344
1753364
1809821
1868005
1928256
1990347
2054241
21088
21781
22488
23190
23951
24716
25544
26337
27195
28068
28953
29941
30943
32009
32975
34015
35104
36314
37501
38661
39898
41151
42473
43869
45276
46767
48252
49825
51416
53100
54784
56618
58493
60366
62342
64335
66441
68602
70804
73091
75515
77930
80439
83081
85752
88547
91419
94383
97345
100519
103803
107163
110636
114197
117928
121790
125786
129930
134157
138457
142946
147565
152350
157341
162443
167807
173320
179014
184813
190807
197030
203516
210236
217258
224352
231506
238983
246918
255054
263450
272218
281071
290290
299626
309460
319762
330125
340932
352185
363585
375487
387874
400463
413690
427130
441106
455378
470151
485569
501430
517753
534657
552074
570207
588812
608178
627972
648268
669958
692147
714870
738240
762465
787445
813163
839844
867445
896114
925989
956056
987288
1019822
1053018
1087636
1123340
1160047
1198147
1237323
1278166
1320650
1364238
1409126
1455950
1503891
1553039
1604274
1656837
1711196
1767506
1825369
1885600
1947893
2011800
20937
21620
22329
23070
23828
24600
25387
26278
27135
28010
28989
29958
30858
31850
32887
33995
35123
36314
37552
38791
40106
41418
42788
44248
45673
47168
48772
50400
52114
53830
55558
57348
59251
61196
63215
65229
67318
69592
71868
74321
76829
79499
82136
84854
87606
90580
93536
96653
99746
103069
106423
109954
113563
117276
121019
124837
128910
133144
137545
142150
146893
151795
156827
162110
167375
172965
178595
184393
190602
197009
203397
210131
217100
224292
231772
239422
247330
255510
263953
272545
281734
291074
300694
310609
320907
331537
342473
353657
365437
377648
390305
403295
416678
430530
444691
459352
474378
490131
506350
523029
540181
558212
576539
595735
615136
635752
656556
678379
700802
724001
748296
773231
798612
825358
852983
881134
910201
940157
971544
1003648
1036651
1071101
1107006
1143959
1182016
1221401
1261984
1304099
1347410
1392104
1438597
1486069
1535359
1586130
1638510
1693051
1749654
1807661
1867846
1929892
1994220
2060931
21263
21928
22706
23433
24199
24988
25788
26644
27530
28419
29409
30428
31473
32554
33637
34752
35916
37206
38443
39736
40994
42362
43766
45214
46707
48283
49866
51512
53201
54965
56815
58663
60649
62673
64781
66852
69102
71395
73702
76206
78759
81396
84076
86914
89773
92783
95965
99184
102572
105984
109560
113214
116980
120836
124859
128976
133245
137727
142397
147274
152222
157152
162531
167911
173394
179229
185344
191504
197724
204421
211318
218459
225738
233362
241185
249350
257574
266234
275303
284470
293950
303712
314063
324601
335185
346383
357962
369856
382312
395100
408267
421944
436265
450859
466058
481689
498026
514872
532068
549728
568128
587164
606754
627001
648010
669685
692018
715322
739433
764563
790291
816801
844227
872444
901493
931656
963043
995590
1028820
1063282
1099017
1135612
1173389
1212951
1253482
1295662
1339046
1383906
1430343
1478476
1527978
1579528
1632586
1687106
1743746
1802285
1862816
1925025
1989690
2056497
21192
21867
22593
23341
24122
24899
25756
26593
27530
28455
29386
30374
31414
32474
33546
34704
35842
37052
38253
39542
40892
42282
43741
45226
46757
48360
49953
51674
53416
55233
57095
59042
60978
62974
65092
67207
69486
71806
74229
76665
79248
81910
84629
87546
90394
93439
96594
99865
103407
106913
110521
114213
118047
122014
126215
130311
134684
139312
144019
148782
153862
158970
164266
169819
175537
181319
187399
193735
200422
207127
214139
221432
228803
236546
244486
252761
261335
270131
279229
288637
298362
308445
318733
329534
340694
352211
363931
376177
388887
402039
415481
429397
443797
458810
474512
490504
506816
524094
541664
559797
578769
598209
618451
639251
660910
683072
705877
729784
754621
779929
805986
833315
861615
890514
920531
951558
984010
1016902
1051485
1087023
1123698
1162025
1201067
1241554
1283514
1326610
1371308
1417668
1465682
1515187
1566335
1618915
1673756
1730306
1788782
1849155
1911498
1975783
2042555
20934
21628
22366
23128
23935
24779
25610
26434
27342
28288
29254
30220
31234
32283
33370
34471
35642
36876
38090
39478
40811
42142
43522
44956
46443
48061
49640
51280
52966
54782
56641
58550
60429
62462
64558
66730
68985
71266
73614
76084
78654
81335
84070
86832
89760
92781
95964
99299
102648
106094
109720
113423
117302
121301
125390
129662
134147
138633
143390
148220
153139
158396
163692
169335
175037
181030
187178
193517
199920
206677
213602
220812
228396
236097
244301
252573
261153
269950
279013
288621
298334
308471
318889
329742
340853
352341
364049
376340
389100
401982
415542
429434
444040
459046
474482
490673
507254
524579
542288
560787
579701
599226
619456
640313
661977
684125
707437
731361
756247
781873
808116
835460
863725
892767
923202
954325
986505
1019848
1054415
1089665
1126444
1164234
1203518
1244090
1286074
1329528
1374774
1420938
1468836
1518666
1570010
1623224
1677912
1734541
1793027
1853569
1916582
1981748
2049045
21114
21875
22600
23380
24115
24934
25760
26623
27480
28474
29472
30469
31464
32488
33575
34771
35914
37129
38361
39670
40966
42284
43753
45216
46744
48345
49941
51640
53438
55173
57084
59015
61010
63041
65167
67406
69719
72012
74414
76967
79563
82301
85083
87967
91008
94133
97368
100612
104047
107585
111180
114924
118801
122823
127036
131332
135763
140279
145065
149890
154996
160147
165665
171147
176967
182872
188977
195381
202042
209044
216059
223428
230906
238799
246800
255112
263676
272781
281862
291350
301128
311433
321914
332826
344052
355588
367700
380104
392869
406055
419863
433948
448642
463889
479583
495857
512645
529989
548041
566574
585961
605556
626369
647824
669456
691774
715416
739613
764596
790645
817568
845144
873983
903770
934334
965993
999043
1033110
1068087
1103840
1141349
1179837
1219543
1261208
1304328
1348638
1394505
1441722
1490822
1541262
1593430
1646896
1702247
1760093
1819747
1880943
1944718
2010688
20662
21335
22014
22704
23433
24266
25108
25933
26788
27706
28616
29613
30566
31616
32633
33799
34923
36106
37319
38571
39892
41234
42648
44076
45523
46997
48623
50249
51969
53790
55526
57338
59269
61253
63314
65558
67852
70164
72542
75064
77646
80331
83080
85905
88762
91725
94800
97987
101261
104690
108139
111775
115620
119533
123609
127920
132261
136540
141134
145941
150851
155942
161244
166760
172388
178266
184222
190535
196922
203494
210515
217774
225036
232642
240551
248636
256950
265649
274562
283889
293493
303569
313739
324400
335481
346695
358445
370570
383081
396365
409695
423489
437975
452886
468172
484110
500473
517492
534968
552855
571640
590933
611115
631946
653264
675350
698247
722047
746618
772135
798333
825410
853646
882406
912277
943377
975139
1008033
1041999
1077219
1113411
1151002
1189931
1230281
1271541
1314422
1359266
1405359
1453073
1502592
1553906
1606347
1660548
1716711
1774948
1834938
1896531
1960537
2027087
20821
21520
22279
22974
23706
24471
25344
26230
27148
28091
29028
30001
31058
32118
33230
34367
35520
36687
37875
39179
40465
41778
43234
44676
46177
47686
49309
51021
52744
54517
56343
58230
60250
62277
64484
66627
68935
71229
73599
76120
78770
81411
84132
87011
89897
92921
96051
99340
102709
106245
109858
113620
117554
121548
125766
130123
134576
139004
143627
148485
153355
158502
163959
169421
175007
180976
187133
193578
200047
206783
213861
221131
228604
236472
244455
252730
261261
270173
279308
288727
298336
308543
318922
329663
340723
352191
364102
376408
389079
402276
416020
430140
444671
459623
475098
491510
508118
525342
543139
561417
580427
600251
620549
641373
663033
685209
708471
732382
757346
783078
809451
836544
864808
893974
924522
956011
988409
1021914
1056283
1092048
1129204
1167536
1207263
1248284
1290347
1334130
1379250
1426188
1474510
1524407
1576297
1630195
1685649
1742998
1802498
1863633
1926778
1992238
2059949
21248
21965
22706
23507
24351
25169
25998
26919
27825
28743
29747
30772
31799
32874
34075
35216
36470
37724
38953
40307
41652
43080
44528
45971
47500
49208
50839
52554
54372
56272
58248
60180
62237
64297
66455
68746
70973
73349
75889
78390
81065
83859
86715
89676
92762
95817
99039
102427
105794
109392
113137
117051
121035
125229
129443
133811
138356
143168
147994
152967
158215
163796
169401
175217
181239
187483
193801
200282
207079
214237
221475
228934
236825
244813
253155
261672
270476
279804
289280
299248
309456
319804
330633
341971
353402
365518
377863
390683
403986
417692
431884
446520
461692
477243
493474
510237
527602
545495
563974
583251
603034
623400
644437
666284
688753
712205
736532
761379
787298
814192
841724
870281
899731
930397
961984
994340
1028106
1062753
1098822
1136084
1174679
1214558
1255714
1298406
1342183
1387594
1434637
1483106
1533251
1585459
1639184
1694604
1752587
1812622
1874378
1938135
2003896
20969
21723
22451
23213
23968
24714
25562
26415
27352
28272
29226
30211
31197
32246
33314
34495
35707
36893
38130
39441
40789
42155
43627
45103
46625
48163
49828
51527
53274
55129
56932
58848
60858
62923
65043
67247
69462
71919
74380
76914
79410
82184
84944
87864
90854
93934
97136
100548
104002
107534
111272
115108
119099
123072
127210
131504
135970
140603
145391
150387
155537
160764
166194
171894
177739
183727
189927
196378
203021
209960
217219
224400
232140
240124
248227
256607
265363
274418
283545
293169
302928
312991
323560
334506
345764
357306
369222
381704
394675
408266
422047
436251
450978
466460
482371
498852
515944
533731
551833
570484
589930
610064
630608
652204
674785
697567
721286
745957
771057
797345
824245
852366
881405
911456
942463
974389
1007777
1041903
1077411
1114281
1152125
1191095
1231585
1273466
1316317
1361123
1407163
1455033
1504257
1555505
1607833
1662711
1719335
1778076
1838238
1900512
1964922
2031738
21151
21860
22569
23345
24138
24947
25789
26640
27597
28487
29418
30451
31514
32590
33715
34865
36068
37357
38579
39890
41203
42556
44046
45509
47128
48791
50466
52238
53976
55840
57734
59636
61644
63759
65931
68148
70435
72836
75316
77823
80507
83257
86097
89031
92076
95164
98390
101784
105249
108727
112467
116284
120150
124254
128396
132721
137298
141981
146804
151756
156881
162202
167647
173396
179285
185459
191852
198431
205160
212105
219290
226756
234507
242346
250640
259080
267903
277044
286516
296146
306311
316771
327268
338539
350131
362057
374299
386946
400016
413758
427882
442466
457531
473071
488970
505540
523010
540366
558598
577530
597183
617100
638067
659653
681688
704784
728844
753346
778921
805548
832673
860989
889997
920209
951602
983935
1017473
1052100
1088127
1125193
1163609
1203201
1243851
1286057
1329438
1374725
1421511
1470012
1519936
1571510
1625027
1680388
1737458
1796830
1857531
1920551
1985900
2053159
21044
21726
22425
23184
23999
24825
25711
26581
27498
28473
29401
30372
31409
32497
33607
34801
35979
37258
38568
39886
41203
42546
43998
45458
46987
48527
50164
51833
53658
55466
57329
59293
61316
63388
65537
67704
70021
72363
74826
77411
80013
82740
85516
88513
91503
94538
97764
101037
104520
108075
111719
115481
119322
123433
127545
131901
136403
141106
145983
150936
156139
161447
166980
172804
178804
184989
191208
197660
204212
211104
218241
225733
233254
241202
249438
257947
266483
275531
284832
294605
304375
314700
325367
336225
347681
359565
371867
384443
397410
410852
424911
439321
454234
469564
485603
502035
519244
536740
555007
573909
593479
613584
634546
655971
678232
701125
725157
749940
775502
801827
828902
857193
886305
916563
947921
980351
1013710
1048176
1083956
1120674
1158755
1198028
1238922
1280943
1324622
1369810
1416376
1464679
1514107
1565449
1618375
1673123
1730128
1788910
1849454
1912345
1977122
2044717
21159
21902
22680
23427
24191
25055
25913
26813
27723
28697
29624
30662
31737
32848
33969
35115
36277
37608
38871
40189
41538
42889
44347
45898
47469
49041
50662
52381
54214
56051
57952
59952
62097
64234
66402
68689
70971
73383
75869
78439
81116
83938
86830
89773
92864
96038
99339
102756
106261
109878
113640
117535
121575
125675
129912
134417
139072
143842
148731
153828
159083
164416
169937
175725
181684
187830
194118
200602
207358
214396
221690
229078
236753
244702
253105
261554
270465
279477
288962
298705
308902
319327
330124
341256
352884
364939
377344
390210
403322
416749
431102
445832
460842
476477
492549
509071
526248
544163
562631
581913
601718
621995
642978
665037
687628
710989
734839
760001
785996
812877
840409
869089
898623
929210
960615
993440
1027091
1061957
1098283
1135536
1174234
1213941
1254751
1297349
1341505
1387250
1433920
1482517
1532488
1584774
1638859
1694502
1751976
1811601
1873243
1937103
2002815
20833
21552
22318
23061
23851
24680
25508
26364
27250
28130
29115
30078
31108
32122
33202
34307
35441
36665
37982
39208
40566
41907
43364
44802
46300
47891
49519
51184
52949
54834
56669
58641
60703
62774
64956
67181
69553
71933
74364
76896
79486
82189
85036
88057
91130
94310
97615
100975
104462
107973
111719
115445
119291
123397
127580
131992
136444
141114
145984
150945
156051
161312
166775
172489
178367
184475
190812
197338
204128
211030
218179
225557
233179
241052
249203
257930
266833
275780
285139
294853
304926
315348
325983
337088
348585
360386
372625
385327
398586
412296
426272
441016
455897
471385
487454
504008
521181
538909
557178
576047
595454
615644
636520
658037
680296
703386
727449
752033
777602
803890
831312
859734
888895
919285
950831
983260
1016816
1051186
1087150
1124103
1162224
1201610
1242232
1284420
1327870
1373035
1419831
1468408
1518033
1569758
1623221
1678102
1735173
1794391
1855345
1917986
1983521
2050495
21205
21921
22633
23439
24279
25079
25916
26782
27709
28628
29562
30580
31613
32683
33788
34967
36213
37430
38707
39986
41307
42705
44173
45713
47248
48855
50465
52193
54005
55898
57766
59738
61753
63829
66009
68208
70457
72816
75284
77804
80469
83239
86088
89032
92033
95134
98343
101685
105153
108666
112329
116098
119986
123968
128136
132511
137079
141723
146518
151488
156717
162015
167492
173175
179147
185105
191445
197853
204611
211643
218905
226270
233712
241590
249644
258129
266927
275864
285173
294734
304887
315354
326085
337183
348687
360485
372677
385187
398432
412091
426172
440726
455670
471061
486986
503727
520731
538547
556901
575688
595556
615817
636754
658204
680598
703889
728013
752943
778398
804856
832361
860510
889527
919897
951104
983445
1016741
1051335
1086859
1123792
1162118
1201520
1242677
1285014
1328759
1374204
1421008
1469037
1518941
1570313
1623858
1678945
1736252
1795540
1856058
1919251
1984323
2051721
21090
21805
22553
23330
24125
24950
25771
26646
27582
28472
29417
30386
31396
32488
33581
34698
35888
37039
38211
39482
40876
42233
43715
45171
46669
48299
