2,2,2,2,2,2,2,2,2,2,2,2,2,2,2,2,2,2,2,2,2,2,0.00635338494009904
2,2,2,2,2,2,2,2,2,2,2,2,2,2,2,2,2,2,1,2,2,2,0.0119215366005186
2,2,2,2,2,2,2,2,2,2,2,2,3,2,2,2,2,2,2,3,2,2,-0.0242215051920814
4,3,4,4,4,4,4,4,3,4,4,4,4,3,4,4,4,3,3,4,4,4,-0.0312361993444531
2,2,2,2,2,2,2,2,2,2,2,2,2,2,2,2,2,2,2,3,2,2,-0.0058079990893079
4,4,4,4,4,4,4,4,4,4,4,4,4,4,4,4,4,4,4,4,4,4,-0.000755840330082683
4,3,4,4,4,3,4,4,3,4,4,4,4,3,4,4,4,3,3,4,4,4,-0.0482066636001379
4,3,4,4,4,4,4,4,3,4,4,4,4,3,4,4,4,3,4,4,4,4,-0.00467719861556725
4,3,4,4,4,3,4,4,3,4,4,4,4,3,4,4,4,3,4,4,4,4,-0.0356324087525991
2,2,2,2,2,2,2,2,2,2,2,2,2,2,2,2,2,2,2,2,2,1,-0.0158690572414762
2,2,2,2,2,2,2,2,2,2,2,2,2,2,2,2,3,2,2,3,2,2,0.00113083888983787
2,2,2,1,2,2,2,2,2,2,2,2,2,2,2,2,2,2,1,2,2,2,-0.0827364590288209
2,1,2,2,2,2,2,2,2,2,2,2,2,2,2,2,2,2,2,2,2,2,0.00518909719809744
2,2,2,1,2,2,2,2,2,2,2,2,2,2,2,2,2,2,2,2,2,2,-0.00615154004177448
2,2,2,2,2,2,2,2,2,2,2,2,3,2,2,2,2,2,2,2,2,1,0.0118915760316667
2,2,2,2,2,3,2,2,2,2,2,2,2,3,2,2,3,2,2,3,2,2,0.0179216780597601
2,2,2,2,2,3,3,2,2,2,2,2,3,2,2,2,2,2,2,3,2,2,-0.00709867196143976
2,1,2,2,2,2,2,2,2,2,2,2,2,2,2,2,2,2,2,2,2,1,0.00385362953731029
2,2,2,2,2,2,2,2,2,2,2,2,2,2,2,2,2,1,2,2,2,2,0.0135673352420253
2,2,2,2,2,2,2,2,2,2,2,2,2,2,2,2,3,2,2,2,2,2,0.0179985974607454
2,2,2,2,2,2,2,2,2,2,2,2,2,2,2,2,4,2,2,3,2,2,-0.00444857857316117
3,3,3,3,3,3,3,3,3,3,3,3,3,3,3,3,3,3,3,3,3,3,0.0243073463156789
2,2,2,2,2,2,2,2,2,2,2,2,2,2,2,2,3,2,2,3,2,1,-0.0100854478758941
1,2,2,2,2,2,2,2,2,2,2,2,2,2,2,2,2,2,2,2,2,2,-0.00728731988336213
3,2,2,2,2,2,2,2,2,2,2,2,2,2,2,2,2,2,2,2,2,2,0.000776720118910366
2,3,2,2,2,2,2,2,2,2,2,2,2,2,2,2,2,2,2,2,2,2,-0.0271400885944894
2,2,1,2,2,2,2,2,2,2,2,2,2,2,2,2,2,2,2,2,2,2,0.00595917561454873
2,2,3,2,2,2,2,2,2,2,2,2,2,2,2,2,2,2,2,2,2,2,-0.0190111430964536
2,2,2,3,2,2,2,2,2,2,2,2,2,2,2,2,2,2,2,2,2,2,-0.0147137565483253
2,2,2,2,1,2,2,2,2,2,2,2,2,2,2,2,2,2,2,2,2,2,-0.00128037746815936
2,2,2,2,3,2,2,2,2,2,2,2,2,2,2,2,2,2,2,2,2,2,0.0266043404957041
2,2,2,2,2,1,2,2,2,2,2,2,2,2,2,2,2,2,2,2,2,2,0.00579242481801626
2,2,2,2,2,3,2,2,2,2,2,2,2,2,2,2,2,2,2,2,2,2,-0.000894117869988146
2,2,2,2,2,2,1,2,2,2,2,2,2,2,2,2,2,2,2,2,2,2,0.0151907122916972
2,2,2,2,2,2,3,2,2,2,2,2,2,2,2,2,2,2,2,2,2,2,-0.0202487409475606
2,2,2,2,2,2,2,1,2,2,2,2,2,2,2,2,2,2,2,2,2,2,-0.00929439545382035
2,2,2,2,2,2,2,3,2,2,2,2,2,2,2,2,2,2,2,2,2,2,0.0260816773665504
2,2,2,2,2,2,2,2,1,2,2,2,2,2,2,2,2,2,2,2,2,2,0.0224734156825911
2,2,2,2,2,2,2,2,3,2,2,2,2,2,2,2,2,2,2,2,2,2,0.0112829493687039
2,2,2,2,2,2,2,2,2,1,2,2,2,2,2,2,2,2,2,2,2,2,0.0105873217770961
2,2,2,2,2,2,2,2,2,3,2,2,2,2,2,2,2,2,2,2,2,2,0.00526746702435055
2,2,2,2,2,2,2,2,2,2,1,2,2,2,2,2,2,2,2,2,2,2,0.00269734355230725
2,2,2,2,2,2,2,2,2,2,3,2,2,2,2,2,2,2,2,2,2,2,0.00468785076186036
2,2,2,2,2,2,2,2,2,2,2,1,2,2,2,2,2,2,2,2,2,2,-0.014186575265235
2,2,2,2,2,2,2,2,2,2,2,3,2,2,2,2,2,2,2,2,2,2,-0.0082820428678381
2,2,2,2,2,2,2,2,2,2,2,2,1,2,2,2,2,2,2,2,2,2,0.0106820633697238
2,2,2,2,2,2,2,2,2,2,2,2,3,2,2,2,2,2,2,2,2,2,0.00394796055064216
2,2,2,2,2,2,2,2,2,2,2,2,2,1,2,2,2,2,2,2,2,2,0.0241492366013628
2,2,2,2,2,2,2,2,2,2,2,2,2,3,2,2,2,2,2,2,2,2,0.00206542069923593
2,2,2,2,2,2,2,2,2,2,2,2,2,2,1,2,2,2,2,2,2,2,0.00234853099533496
2,2,2,2,2,2,2,2,2,2,2,2,2,2,3,2,2,2,2,2,2,2,-0.011601371561044
2,2,2,2,2,2,2,2,2,2,2,2,2,2,2,1,2,2,2,2,2,2,-0.00208530238621125
2,2,2,2,2,2,2,2,2,2,2,2,2,2,2,3,2,2,2,2,2,2,-0.0119507517430586
2,2,2,2,2,2,2,2,2,2,2,2,2,2,2,2,1,2,2,2,2,2,-0.000418312039487033
2,2,2,2,2,2,2,2,2,2,2,2,2,2,2,2,2,3,2,2,2,2,-0.0123516292950172
2,2,2,2,2,2,2,2,2,2,2,2,2,2,2,2,2,2,3,2,2,2,-0.0103137177152573
2,2,2,2,2,2,2,2,2,2,2,2,2,2,2,2,2,2,2,1,2,2,-0.0124040609033261
2,2,2,2,2,2,2,2,2,2,2,2,2,2,2,2,2,2,2,2,1,2,0.0137139845384519
2,2,2,2,2,2,2,2,2,2,2,2,2,2,2,2,2,2,2,2,3,2,-0.00158796887838608
2,2,2,2,2,2,2,2,2,2,2,2,2,2,2,2,2,2,2,2,2,3,-0.0181915361689001
1,2,2,2,2,2,2,2,2,2,2,2,2,2,2,2,2,2,1,2,2,2,0.00969711350388044
3,2,2,2,2,2,2,2,2,2,2,2,2,2,2,2,2,2,1,2,2,2,0.00801344355532326
2,1,2,2,2,2,2,2,2,2,2,2,2,2,2,2,2,2,1,2,2,2,-0.0286108492206295
2,3,2,2,2,2,2,2,2,2,2,2,2,2,2,2,2,2,1,2,2,2,-0.00863224541083021
2,2,1,2,2,2,2,2,2,2,2,2,2,2,2,2,2,2,1,2,2,2,-0.0144300984901208
2,2,3,2,2,2,2,2,2,2,2,2,2,2,2,2,2,2,1,2,2,2,-0.00698244142068279
2,2,2,3,2,2,2,2,2,2,2,2,2,2,2,2,2,2,1,2,2,2,0.0260078024228113
2,2,2,2,1,2,2,2,2,2,2,2,2,2,2,2,2,2,1,2,2,2,-0.0114704561647892
2,2,2,2,3,2,2,2,2,2,2,2,2,2,2,2,2,2,1,2,2,2,-0.015925744098169
2,2,2,2,2,1,2,2,2,2,2,2,2,2,2,2,2,2,1,2,2,2,0.00777008563479552
2,2,2,2,2,3,2,2,2,2,2,2,2,2,2,2,2,2,1,2,2,2,-0.0127235493307432
2,2,2,2,2,2,1,2,2,2,2,2,2,2,2,2,2,2,1,2,2,2,-0.0128348710666335
2,2,2,2,2,2,3,2,2,2,2,2,2,2,2,2,2,2,1,2,2,2,-0.00720701209025894
2,2,2,2,2,2,2,1,2,2,2,2,2,2,2,2,2,2,1,2,2,2,-0.00565724225644129
2,2,2,2,2,2,2,3,2,2,2,2,2,2,2,2,2,2,1,2,2,2,0.00597647986418716
2,2,2,2,2,2,2,2,1,2,2,2,2,2,2,2,2,2,1,2,2,2,-0.0251448342200379
2,2,2,2,2,2,2,2,3,2,2,2,2,2,2,2,2,2,1,2,2,2,-0.0099637218673322
2,2,2,2,2,2,2,2,2,1,2,2,2,2,2,2,2,2,1,2,2,2,0.0128806415498094
2,2,2,2,2,2,2,2,2,3,2,2,2,2,2,2,2,2,1,2,2,2,0.000637088701470852
2,2,2,2,2,2,2,2,2,2,1,2,2,2,2,2,2,2,1,2,2,2,-0.000098630882168048
2,2,2,2,2,2,2,2,2,2,3,2,2,2,2,2,2,2,1,2,2,2,-0.0104133234233095
2,2,2,2,2,2,2,2,2,2,2,1,2,2,2,2,2,2,1,2,2,2,-0.0137294848574626
2,2,2,2,2,2,2,2,2,2,2,3,2,2,2,2,2,2,1,2,2,2,-0.0117735313323986
2,2,2,2,2,2,2,2,2,2,2,2,1,2,2,2,2,2,1,2,2,2,0.00879205292597944
2,2,2,2,2,2,2,2,2,2,2,2,3,2,2,2,2,2,1,2,2,2,0.041150278436278
2,2,2,2,2,2,2,2,2,2,2,2,2,1,2,2,2,2,1,2,2,2,-0.015899473908406
2,2,2,2,2,2,2,2,2,2,2,2,2,3,2,2,2,2,1,2,2,2,-0.00908892880841238
2,2,2,2,2,2,2,2,2,2,2,2,2,2,1,2,2,2,1,2,2,2,-0.0229774256297293
2,2,2,2,2,2,2,2,2,2,2,2,2,2,3,2,2,2,1,2,2,2,0.000593646309570805
2,2,2,2,2,2,2,2,2,2,2,2,2,2,2,1,2,2,1,2,2,2,-0.00955653673456252
2,2,2,2,2,2,2,2,2,2,2,2,2,2,2,3,2,2,1,2,2,2,0.0184623488271755
2,2,2,2,2,2,2,2,2,2,2,2,2,2,2,2,1,2,1,2,2,2,-0.0153938163161168
2,2,2,2,2,2,2,2,2,2,2,2,2,2,2,2,3,2,1,2,2,2,0.000174731016985255
2,2,2,2,2,2,2,2,2,2,2,2,2,2,2,2,2,1,1,2,2,2,-0.00178805207245581
2,2,2,2,2,2,2,2,2,2,2,2,2,2,2,2,2,3,1,2,2,2,-0.0144416527291707
2,2,2,2,2,2,2,2,2,2,2,2,2,2,2,2,2,2,1,1,2,2,-0.013755569090201
2,2,2,2,2,2,2,2,2,2,2,2,2,2,2,2,2,2,1,3,2,2,-0.013930587115354
2,2,2,2,2,2,2,2,2,2,2,2,2,2,2,2,2,2,1,2,1,2,-0.0152451858052634
2,2,2,2,2,2,2,2,2,2,2,2,2,2,2,2,2,2,1,2,3,2,-0.00765467052141192
2,2,2,2,2,2,2,2,2,2,2,2,2,2,2,2,2,2,1,2,2,1,-0.0102170923542827
2,2,2,2,2,2,2,2,2,2,2,2,2,2,2,2,2,2,1,2,2,3,-0.00993610482666733
1,2,2,2,2,2,2,2,2,2,2,2,3,2,2,2,2,2,2,3,2,2,0.00129327811750318
3,2,2,2,2,2,2,2,2,2,2,2,3,2,2,2,2,2,2,3,2,2,0.0291534102928098
2,1,2,2,2,2,2,2,2,2,2,2,3,2,2,2,2,2,2,3,2,2,-0.00217733709813407
2,3,2,2,2,2,2,2,2,2,2,2,3,2,2,2,2,2,2,3,2,2,0.00164404043140382
2,2,1,2,2,2,2,2,2,2,2,2,3,2,2,2,2,2,2,3,2,2,0.0326233962451855
2,2,3,2,2,2,2,2,2,2,2,2,3,2,2,2,2,2,2,3,2,2,0.00877805428889164
2,2,2,1,2,2,2,2,2,2,2,2,3,2,2,2,2,2,2,3,2,2,0.0288952275655332
2,2,2,3,2,2,2,2,2,2,2,2,3,2,2,2,2,2,2,3,2,2,0.0122727983398082
2,2,2,2,1,2,2,2,2,2,2,2,3,2,2,2,2,2,2,3,2,2,0.00278627739148449
2,2,2,2,3,2,2,2,2,2,2,2,3,2,2,2,2,2,2,3,2,2,0.000757171393846329
2,2,2,2,2,1,2,2,2,2,2,2,3,2,2,2,2,2,2,3,2,2,-0.00313450247085033
2,2,2,2,2,3,2,2,2,2,2,2,3,2,2,2,2,2,2,3,2,2,0.00929701586483051
2,2,2,2,2,2,1,2,2,2,2,2,3,2,2,2,2,2,2,3,2,2,0.00203323817696095
2,2,2,2,2,2,3,2,2,2,2,2,3,2,2,2,2,2,2,3,2,2,0.0181889683965318
2,2,2,2,2,2,2,1,2,2,2,2,3,2,2,2,2,2,2,3,2,2,0.005207813092633
2,2,2,2,2,2,2,3,2,2,2,2,3,2,2,2,2,2,2,3,2,2,-0.00383159783148035
2,2,2,2,2,2,2,2,1,2,2,2,3,2,2,2,2,2,2,3,2,2,-0.0015060664795816
2,2,2,2,2,2,2,2,3,2,2,2,3,2,2,2,2,2,2,3,2,2,0.0042941850736332
2,2,2,2,2,2,2,2,2,1,2,2,3,2,2,2,2,2,2,3,2,2,0.0276438569088284
2,2,2,2,2,2,2,2,2,3,2,2,3,2,2,2,2,2,2,3,2,2,0.00508525771598447
2,2,2,2,2,2,2,2,2,2,1,2,3,2,2,2,2,2,2,3,2,2,0.0115351396997773
2,2,2,2,2,2,2,2,2,2,3,2,3,2,2,2,2,2,2,3,2,2,-0.000543255540165001
2,2,2,2,2,2,2,2,2,2,2,1,3,2,2,2,2,2,2,3,2,2,0.000939899852145861
2,2,2,2,2,2,2,2,2,2,2,3,3,2,2,2,2,2,2,3,2,2,0.0053173974774442
2,2,2,2,2,2,2,2,2,2,2,2,4,2,2,2,2,2,2,3,2,2,-0.0066552661924057
2,2,2,2,2,2,2,2,2,2,2,2,3,1,2,2,2,2,2,3,2,2,-0.0011373245272105
2,2,2,2,2,2,2,2,2,2,2,2,3,3,2,2,2,2,2,3,2,2,0.00555911343287151
2,2,2,2,2,2,2,2,2,2,2,2,3,2,1,2,2,2,2,3,2,2,0.00150006260280892
2,2,2,2,2,2,2,2,2,2,2,2,3,2,3,2,2,2,2,3,2,2,-0.000859355946933643
2,2,2,2,2,2,2,2,2,2,2,2,3,2,2,1,2,2,2,3,2,2,0.00410688512955587
2,2,2,2,2,2,2,2,2,2,2,2,3,2,2,3,2,2,2,3,2,2,0.00393825132080409
2,2,2,2,2,2,2,2,2,2,2,2,3,2,2,2,1,2,2,3,2,2,-0.000589989124342353
2,2,2,2,2,2,2,2,2,2,2,2,3,2,2,2,3,2,2,3,2,2,0.0466653346493823
2,2,2,2,2,2,2,2,2,2,2,2,3,2,2,2,2,1,2,3,2,2,0.0183183859505299
2,2,2,2,2,2,2,2,2,2,2,2,3,2,2,2,2,3,2,3,2,2,0.00489318918738623
2,2,2,2,2,2,2,2,2,2,2,2,3,2,2,2,2,2,1,3,2,2,-0.0115053315314646
2,2,2,2,2,2,2,2,2,2,2,2,3,2,2,2,2,2,3,3,2,2,0.00631218907996996
2,2,2,2,2,2,2,2,2,2,2,2,3,2,2,2,2,2,2,4,2,2,-0.0129806911336389
2,2,2,2,2,2,2,2,2,2,2,2,3,2,2,2,2,2,2,3,1,2,-0.00335343517114898
2,2,2,2,2,2,2,2,2,2,2,2,3,2,2,2,2,2,2,3,3,2,0.00442247858720828
2,2,2,2,2,2,2,2,2,2,2,2,3,2,2,2,2,2,2,3,2,1,0.00578562649914374
2,2,2,2,2,2,2,2,2,2,2,2,3,2,2,2,2,2,2,3,2,3,-0.000335636992273308
3,3,4,4,4,4,4,4,3,4,4,4,4,3,4,4,4,3,3,4,4,4,0.0235287638120189
5,3,4,4,4,4,4,4,3,4,4,4,4,3,4,4,4,3,3,4,4,4,-0.00548441161172918
4,2,4,4,4,4,4,4,3,4,4,4,4,3,4,4,4,3,3,4,4,4,-0.00989755218736183
4,4,4,4,4,4,4,4,3,4,4,4,4,3,4,4,4,3,3,4,4,4,-0.00636382966521211
4,3,3,4,4,4,4,4,3,4,4,4,4,3,4,4,4,3,3,4,4,4,0.00674892518933227
4,3,5,4,4,4,4,4,3,4,4,4,4,3,4,4,4,3,3,4,4,4,-0.00677250875188641
4,3,4,3,4,4,4,4,3,4,4,4,4,3,4,4,4,3,3,4,4,4,0.0381016338841474
4,3,4,5,4,4,4,4,3,4,4,4,4,3,4,4,4,3,3,4,4,4,-0.00234489455607077
4,3,4,4,3,4,4,4,3,4,4,4,4,3,4,4,4,3,3,4,4,4,-0.00861922151161172
4,3,4,4,5,4,4,4,3,4,4,4,4,3,4,4,4,3,3,4,4,4,0.00352106943589498
4,3,4,4,4,5,4,4,3,4,4,4,4,3,4,4,4,3,3,4,4,4,0.00817983901220976
4,3,4,4,4,4,3,4,3,4,4,4,4,3,4,4,4,3,3,4,4,4,0.00343777378455087
4,3,4,4,4,4,5,4,3,4,4,4,4,3,4,4,4,3,3,4,4,4,-0.008687835198827
4,3,4,4,4,4,4,3,3,4,4,4,4,3,4,4,4,3,3,4,4,4,-0.00633375376760417
4,3,4,4,4,4,4,5,3,4,4,4,4,3,4,4,4,3,3,4,4,4,0.00724201351703326
4,3,4,4,4,4,4,4,2,4,4,4,4,3,4,4,4,3,3,4,4,4,0.0329247697040424
4,3,4,4,4,4,4,4,4,4,4,4,4,3,4,4,4,3,3,4,4,4,-0.00445229122155903
4,3,4,4,4,4,4,4,3,3,4,4,4,3,4,4,4,3,3,4,4,4,0.00267491276154714
4,3,4,4,4,4,4,4,3,5,4,4,4,3,4,4,4,3,3,4,4,4,-0.00871272958390126
4,3,4,4,4,4,4,4,3,4,3,4,4,3,4,4,4,3,3,4,4,4,0.012780732690002
4,3,4,4,4,4,4,4,3,4,5,4,4,3,4,4,4,3,3,4,4,4,-0.00684671051039695
4,3,4,4,4,4,4,4,3,4,4,3,4,3,4,4,4,3,3,4,4,4,-0.0150628486968935
4,3,4,4,4,4,4,4,3,4,4,5,4,3,4,4,4,3,3,4,4,4,-0.00944996372313621
4,3,4,4,4,4,4,4,3,4,4,4,3,3,4,4,4,3,3,4,4,4,0.00420282185282848
4,3,4,4,4,4,4,4,3,4,4,4,5,3,4,4,4,3,3,4,4,4,-0.0140898070203128
4,3,4,4,4,4,4,4,3,4,4,4,4,2,4,4,4,3,3,4,4,4,0.0130018580741062
4,3,4,4,4,4,4,4,3,4,4,4,4,4,4,4,4,3,3,4,4,4,-0.00725890143831464
4,3,4,4,4,4,4,4,3,4,4,4,4,3,3,4,4,3,3,4,4,4,-0.00568725075412175
4,3,4,4,4,4,4,4,3,4,4,4,4,3,5,4,4,3,3,4,4,4,0.0161115486778817
4,3,4,4,4,4,4,4,3,4,4,4,4,3,4,3,4,3,3,4,4,4,0.0478289052673067
4,3,4,4,4,4,4,4,3,4,4,4,4,3,4,5,4,3,3,4,4,4,-0.0048003507306948
4,3,4,4,4,4,4,4,3,4,4,4,4,3,4,4,3,3,3,4,4,4,0.0076980356543955
4,3,4,4,4,4,4,4,3,4,4,4,4,3,4,4,5,3,3,4,4,4,-0.0151008796264067
4,3,4,4,4,4,4,4,3,4,4,4,4,3,4,4,4,2,3,4,4,4,0.0054329276919758
4,3,4,4,4,4,4,4,3,4,4,4,4,3,4,4,4,4,3,4,4,4,-0.00733501764761995
4,3,4,4,4,4,4,4,3,4,4,4,4,3,4,4,4,3,2,4,4,4,-0.019330705423728
4,3,4,4,4,4,4,4,3,4,4,4,4,3,4,4,4,3,3,3,4,4,-0.0074285952150379
4,3,4,4,4,4,4,4,3,4,4,4,4,3,4,4,4,3,3,5,4,4,0.00994826853675807
4,3,4,4,4,4,4,4,3,4,4,4,4,3,4,4,4,3,3,4,3,4,0.0264745828827905
4,3,4,4,4,4,4,4,3,4,4,4,4,3,4,4,4,3,3,4,5,4,-0.00355138315562693
4,3,4,4,4,4,4,4,3,4,4,4,4,3,4,4,4,3,3,4,4,3,0.0256356102084469
4,3,4,4,4,4,4,4,3,4,4,4,4,3,4,4,4,3,3,4,4,5,0.0380219583817874
1,2,2,2,2,2,2,2,2,2,2,2,2,2,2,2,2,2,2,3,2,2,0.00979880069785766
3,2,2,2,2,2,2,2,2,2,2,2,2,2,2,2,2,2,2,3,2,2,0.00912565346799185
2,1,2,2,2,2,2,2,2,2,2,2,2,2,2,2,2,2,2,3,2,2,-0.00111057555014979
2,3,2,2,2,2,2,2,2,2,2,2,2,2,2,2,2,2,2,3,2,2,-0.00627307237305076
2,2,1,2,2,2,2,2,2,2,2,2,2,2,2,2,2,2,2,3,2,2,-0.0120607694845831
2,2,3,2,2,2,2,2,2,2,2,2,2,2,2,2,2,2,2,3,2,2,0.000972101666072057
2,2,2,1,2,2,2,2,2,2,2,2,2,2,2,2,2,2,2,3,2,2,-0.018047403311969
2,2,2,3,2,2,2,2,2,2,2,2,2,2,2,2,2,2,2,3,2,2,0.00522661807715528
2,2,2,2,1,2,2,2,2,2,2,2,2,2,2,2,2,2,2,3,2,2,0.00499799910566007
2,2,2,2,3,2,2,2,2,2,2,2,2,2,2,2,2,2,2,3,2,2,0.00844968955197053
2,2,2,2,2,1,2,2,2,2,2,2,2,2,2,2,2,2,2,3,2,2,-0.00649745628734756
2,2,2,2,2,3,2,2,2,2,2,2,2,2,2,2,2,2,2,3,2,2,-0.00739838460273761
2,2,2,2,2,2,1,2,2,2,2,2,2,2,2,2,2,2,2,3,2,2,-0.00719908650705015
2,2,2,2,2,2,3,2,2,2,2,2,2,2,2,2,2,2,2,3,2,2,0.00986586979920432
2,2,2,2,2,2,2,1,2,2,2,2,2,2,2,2,2,2,2,3,2,2,-0.00197601522244234
2,2,2,2,2,2,2,3,2,2,2,2,2,2,2,2,2,2,2,3,2,2,-0.00208584296559182
2,2,2,2,2,2,2,2,1,2,2,2,2,2,2,2,2,2,2,3,2,2,-0.0117256661876228
2,2,2,2,2,2,2,2,3,2,2,2,2,2,2,2,2,2,2,3,2,2,-0.00327777277018749
2,2,2,2,2,2,2,2,2,1,2,2,2,2,2,2,2,2,2,3,2,2,-0.0102102530632121
2,2,2,2,2,2,2,2,2,3,2,2,2,2,2,2,2,2,2,3,2,2,0.00518320294420273
2,2,2,2,2,2,2,2,2,2,1,2,2,2,2,2,2,2,2,3,2,2,-0.00480493449126078
2,2,2,2,2,2,2,2,2,2,3,2,2,2,2,2,2,2,2,3,2,2,0.0280042292517918
2,2,2,2,2,2,2,2,2,2,2,1,2,2,2,2,2,2,2,3,2,2,0.00735315202625588
2,2,2,2,2,2,2,2,2,2,2,3,2,2,2,2,2,2,2,3,2,2,-0.00173869119200846
2,2,2,2,2,2,2,2,2,2,2,2,1,2,2,2,2,2,2,3,2,2,0.0151326537064201
2,2,2,2,2,2,2,2,2,2,2,2,2,1,2,2,2,2,2,3,2,2,0.00488849085971507
2,2,2,2,2,2,2,2,2,2,2,2,2,3,2,2,2,2,2,3,2,2,0.00151179737448522
2,2,2,2,2,2,2,2,2,2,2,2,2,2,1,2,2,2,2,3,2,2,-0.00502461227416868
2,2,2,2,2,2,2,2,2,2,2,2,2,2,3,2,2,2,2,3,2,2,-0.00381959079694109
2,2,2,2,2,2,2,2,2,2,2,2,2,2,2,1,2,2,2,3,2,2,-0.00441379944337701
2,2,2,2,2,2,2,2,2,2,2,2,2,2,2,3,2,2,2,3,2,2,-0.00579364764449426
2,2,2,2,2,2,2,2,2,2,2,2,2,2,2,2,1,2,2,3,2,2,0.00568947419135709
2,2,2,2,2,2,2,2,2,2,2,2,2,2,2,2,2,1,2,3,2,2,-0.00824703906896827
2,2,2,2,2,2,2,2,2,2,2,2,2,2,2,2,2,3,2,3,2,2,0.00430522719409461
2,2,2,2,2,2,2,2,2,2,2,2,2,2,2,2,2,2,3,3,2,2,-0.00205315600745632
2,2,2,2,2,2,2,2,2,2,2,2,2,2,2,2,2,2,2,4,2,2,0.00329093385650799
2,2,2,2,2,2,2,2,2,2,2,2,2,2,2,2,2,2,2,3,1,2,0.0127344479421441
2,2,2,2,2,2,2,2,2,2,2,2,2,2,2,2,2,2,2,3,3,2,-0.00165485090186366
2,2,2,2,2,2,2,2,2,2,2,2,2,2,2,2,2,2,2,3,2,1,0.00857724886876263
2,2,2,2,2,2,2,2,2,2,2,2,2,2,2,2,2,2,2,3,2,3,-0.00251934729384373
3,4,4,4,4,4,4,4,4,4,4,4,4,4,4,4,4,4,4,4,4,4,0.00948213054586865
5,4,4,4,4,4,4,4,4,4,4,4,4,4,4,4,4,4,4,4,4,4,-0.0120316676962482
4,3,4,4,4,4,4,4,4,4,4,4,4,4,4,4,4,4,4,4,4,4,0.0454567648976835
4,5,4,4,4,4,4,4,4,4,4,4,4,4,4,4,4,4,4,4,4,4,-0.00398319778151367
4,4,3,4,4,4,4,4,4,4,4,4,4,4,4,4,4,4,4,4,4,4,-0.0167650530488378
4,4,5,4,4,4,4,4,4,4,4,4,4,4,4,4,4,4,4,4,4,4,-0.0150770862893207
4,4,4,3,4,4,4,4,4,4,4,4,4,4,4,4,4,4,4,4,4,4,0.0262189434338474
4,4,4,5,4,4,4,4,4,4,4,4,4,4,4,4,4,4,4,4,4,4,-0.00879971649729132
4,4,4,4,3,4,4,4,4,4,4,4,4,4,4,4,4,4,4,4,4,4,0.000622134695700668
4,4,4,4,5,4,4,4,4,4,4,4,4,4,4,4,4,4,4,4,4,4,-0.0137332502933591
4,4,4,4,4,3,4,4,4,4,4,4,4,4,4,4,4,4,4,4,4,4,-0.00507990128844827
4,4,4,4,4,5,4,4,4,4,4,4,4,4,4,4,4,4,4,4,4,4,-0.00739483072806188
4,4,4,4,4,4,3,4,4,4,4,4,4,4,4,4,4,4,4,4,4,4,0.011482596208991
4,4,4,4,4,4,5,4,4,4,4,4,4,4,4,4,4,4,4,4,4,4,-0.0119003508428194
4,4,4,4,4,4,4,3,4,4,4,4,4,4,4,4,4,4,4,4,4,4,-0.0148363301693831
4,4,4,4,4,4,4,5,4,4,4,4,4,4,4,4,4,4,4,4,4,4,-0.0165508374652725
4,4,4,4,4,4,4,4,3,4,4,4,4,4,4,4,4,4,4,4,4,4,0.0265537192908054
4,4,4,4,4,4,4,4,5,4,4,4,4,4,4,4,4,4,4,4,4,4,-0.00661041873597838
4,4,4,4,4,4,4,4,4,3,4,4,4,4,4,4,4,4,4,4,4,4,-0.000360326420581293
4,4,4,4,4,4,4,4,4,5,4,4,4,4,4,4,4,4,4,4,4,4,-0.0131834773786986
4,4,4,4,4,4,4,4,4,4,3,4,4,4,4,4,4,4,4,4,4,4,0.0108567043621302
4,4,4,4,4,4,4,4,4,4,5,4,4,4,4,4,4,4,4,4,4,4,-0.0116959656956013
4,4,4,4,4,4,4,4,4,4,4,3,4,4,4,4,4,4,4,4,4,4,-0.0160146182556997
4,4,4,4,4,4,4,4,4,4,4,5,4,4,4,4,4,4,4,4,4,4,-0.0152926448805852
4,4,4,4,4,4,4,4,4,4,4,4,3,4,4,4,4,4,4,4,4,4,-0.00116431765725296
4,4,4,4,4,4,4,4,4,4,4,4,5,4,4,4,4,4,4,4,4,4,-0.0133916075303798
4,4,4,4,4,4,4,4,4,4,4,4,4,3,4,4,4,4,4,4,4,4,0.0112887539718276
4,4,4,4,4,4,4,4,4,4,4,4,4,5,4,4,4,4,4,4,4,4,0.00907236612220946
4,4,4,4,4,4,4,4,4,4,4,4,4,4,3,4,4,4,4,4,4,4,-0.0144973982545479
4,4,4,4,4,4,4,4,4,4,4,4,4,4,5,4,4,4,4,4,4,4,-0.0177012110237219
4,4,4,4,4,4,4,4,4,4,4,4,4,4,4,3,4,4,4,4,4,4,0.00183940224478713
4,4,4,4,4,4,4,4,4,4,4,4,4,4,4,5,4,4,4,4,4,4,-0.0127460602002921
4,4,4,4,4,4,4,4,4,4,4,4,4,4,4,4,3,4,4,4,4,4,-0.0125392312312924
4,4,4,4,4,4,4,4,4,4,4,4,4,4,4,4,5,4,4,4,4,4,0.00844718724756268
4,4,4,4,4,4,4,4,4,4,4,4,4,4,4,4,4,3,4,4,4,4,-0.00577182848333787
4,4,4,4,4,4,4,4,4,4,4,4,4,4,4,4,4,5,4,4,4,4,-0.010520134060665
4,4,4,4,4,4,4,4,4,4,4,4,4,4,4,4,4,4,3,4,4,4,-0.000232870676206577
4,4,4,4,4,4,4,4,4,4,4,4,4,4,4,4,4,4,5,4,4,4,-0.0129167620158932
4,4,4,4,4,4,4,4,4,4,4,4,4,4,4,4,4,4,4,3,4,4,-0.009872434095307
4,4,4,4,4,4,4,4,4,4,4,4,4,4,4,4,4,4,4,5,4,4,0.0239808161611824
4,4,4,4,4,4,4,4,4,4,4,4,4,4,4,4,4,4,4,4,3,4,-0.00114645267309869
4,4,4,4,4,4,4,4,4,4,4,4,4,4,4,4,4,4,4,4,5,4,0.00330313172038506
4,4,4,4,4,4,4,4,4,4,4,4,4,4,4,4,4,4,4,4,4,3,0.0338342616069415
4,4,4,4,4,4,4,4,4,4,4,4,4,4,4,4,4,4,4,4,4,5,-0.00735966520953989
3,3,4,4,4,3,4,4,3,4,4,4,4,3,4,4,4,3,3,4,4,4,0.0385549139148382
5,3,4,4,4,3,4,4,3,4,4,4,4,3,4,4,4,3,3,4,4,4,-0.00394621724806692
4,2,4,4,4,3,4,4,3,4,4,4,4,3,4,4,4,3,3,4,4,4,-0.00386388711039785
4,4,4,4,4,3,4,4,3,4,4,4,4,3,4,4,4,3,3,4,4,4,-0.00158649073493073
4,3,3,4,4,3,4,4,3,4,4,4,4,3,4,4,4,3,3,4,4,4,0.0150552595210243
4,3,5,4,4,3,4,4,3,4,4,4,4,3,4,4,4,3,3,4,4,4,-0.00177395920604158
4,3,4,3,4,3,4,4,3,4,4,4,4,3,4,4,4,3,3,4,4,4,0.0396778995663897
4,3,4,5,4,3,4,4,3,4,4,4,4,3,4,4,4,3,3,4,4,4,0.00212183618917925
4,3,4,4,3,3,4,4,3,4,4,4,4,3,4,4,4,3,3,4,4,4,-0.00362361226305958
4,3,4,4,5,3,4,4,3,4,4,4,4,3,4,4,4,3,3,4,4,4,-0.00700873865750883
4,3,4,4,4,2,4,4,3,4,4,4,4,3,4,4,4,3,3,4,4,4,0.017359638951642
4,3,4,4,4,3,3,4,3,4,4,4,4,3,4,4,4,3,3,4,4,4,-0.00653116205357323
4,3,4,4,4,3,5,4,3,4,4,4,4,3,4,4,4,3,3,4,4,4,-0.00416106764307063
4,3,4,4,4,3,4,3,3,4,4,4,4,3,4,4,4,3,3,4,4,4,0.000391944302170406
4,3,4,4,4,3,4,5,3,4,4,4,4,3,4,4,4,3,3,4,4,4,0.0310570460941588
4,3,4,4,4,3,4,4,2,4,4,4,4,3,4,4,4,3,3,4,4,4,-0.0117602347936629
4,3,4,4,4,3,4,4,4,4,4,4,4,3,4,4,4,3,3,4,4,4,-0.00122554710647688
4,3,4,4,4,3,4,4,3,3,4,4,4,3,4,4,4,3,3,4,4,4,-0.0120403948403228
4,3,4,4,4,3,4,4,3,5,4,4,4,3,4,4,4,3,3,4,4,4,-0.00347795047071308
4,3,4,4,4,3,4,4,3,4,3,4,4,3,4,4,4,3,3,4,4,4,0.0149424838240254
4,3,4,4,4,3,4,4,3,4,5,4,4,3,4,4,4,3,3,4,4,4,-0.00162402273872362
4,3,4,4,4,3,4,4,3,4,4,3,4,3,4,4,4,3,3,4,4,4,0.0150489735665369
4,3,4,4,4,3,4,4,3,4,4,5,4,3,4,4,4,3,3,4,4,4,-0.00168861891214603
4,3,4,4,4,3,4,4,3,4,4,4,3,3,4,4,4,3,3,4,4,4,0.0344681464773662
4,3,4,4,4,3,4,4,3,4,4,4,5,3,4,4,4,3,3,4,4,4,0.0400508066875796
4,3,4,4,4,3,4,4,3,4,4,4,4,2,4,4,4,3,3,4,4,4,0.0176051809515162
4,3,4,4,4,3,4,4,3,4,4,4,4,4,4,4,4,3,3,4,4,4,0.0000510900329613079
4,3,4,4,4,3,4,4,3,4,4,4,4,3,3,4,4,3,3,4,4,4,-0.00298525833504708
4,3,4,4,4,3,4,4,3,4,4,4,4,3,5,4,4,3,3,4,4,4,-0.0121196600420319
4,3,4,4,4,3,4,4,3,4,4,4,4,3,4,3,4,3,3,4,4,4,-0.0150742955504065
4,3,4,4,4,3,4,4,3,4,4,4,4,3,4,5,4,3,3,4,4,4,-0.00311959513737175
4,3,4,4,4,3,4,4,3,4,4,4,4,3,4,4,3,3,3,4,4,4,0.034128804648219
4,3,4,4,4,3,4,4,3,4,4,4,4,3,4,4,5,3,3,4,4,4,-0.00140543583461917
4,3,4,4,4,3,4,4,3,4,4,4,4,3,4,4,4,2,3,4,4,4,-0.00618719205676058
4,3,4,4,4,3,4,4,3,4,4,4,4,3,4,4,4,4,3,4,4,4,-0.00228735380347128
4,3,4,4,4,3,4,4,3,4,4,4,4,3,4,4,4,3,2,4,4,4,-0.00160321704374548
4,3,4,4,4,3,4,4,3,4,4,4,4,3,4,4,4,3,3,3,4,4,-0.00856179660704799
4,3,4,4,4,3,4,4,3,4,4,4,4,3,4,4,4,3,3,5,4,4,-0.00986536892295286
4,3,4,4,4,3,4,4,3,4,4,4,4,3,4,4,4,3,3,4,3,4,0.0292012258995041
4,3,4,4,4,3,4,4,3,4,4,4,4,3,4,4,4,3,3,4,5,4,0.00166347626642915
4,3,4,4,4,3,4,4,3,4,4,4,4,3,4,4,4,3,3,4,4,3,0.0322557389413458
4,3,4,4,4,3,4,4,3,4,4,4,4,3,4,4,4,3,3,4,4,5,-0.00364964851016314
3,3,4,4,4,4,4,4,3,4,4,4,4,3,4,4,4,3,4,4,4,4,-0.0178112818700291
5,3,4,4,4,4,4,4,3,4,4,4,4,3,4,4,4,3,4,4,4,4,-0.0133417112493553
4,2,4,4,4,4,4,4,3,4,4,4,4,3,4,4,4,3,4,4,4,4,-0.0118899742567593
4,4,4,4,4,4,4,4,3,4,4,4,4,3,4,4,4,3,4,4,4,4,-0.00597096052799328
4,3,3,4,4,4,4,4,3,4,4,4,4,3,4,4,4,3,4,4,4,4,0.00656835810087051
4,3,5,4,4,4,4,4,3,4,4,4,4,3,4,4,4,3,4,4,4,4,-0.00739031276060394
4,3,4,3,4,4,4,4,3,4,4,4,4,3,4,4,4,3,4,4,4,4,-0.0037417282322275
4,3,4,5,4,4,4,4,3,4,4,4,4,3,4,4,4,3,4,4,4,4,-0.00601951610721116
4,3,4,4,3,4,4,4,3,4,4,4,4,3,4,4,4,3,4,4,4,4,-0.00977518907299818
4,3,4,4,5,4,4,4,3,4,4,4,4,3,4,4,4,3,4,4,4,4,-0.0122048660095909
4,3,4,4,4,5,4,4,3,4,4,4,4,3,4,4,4,3,4,4,4,4,0.0115309145073007
4,3,4,4,4,4,3,4,3,4,4,4,4,3,4,4,4,3,4,4,4,4,-0.0130481759283874
4,3,4,4,4,4,5,4,3,4,4,4,4,3,4,4,4,3,4,4,4,4,-0.00923898463100356
4,3,4,4,4,4,4,3,3,4,4,4,4,3,4,4,4,3,4,4,4,4,-0.00887924687269875
4,3,4,4,4,4,4,5,3,4,4,4,4,3,4,4,4,3,4,4,4,4,-0.0159369432960158
4,3,4,4,4,4,4,4,2,4,4,4,4,3,4,4,4,3,4,4,4,4,-0.0189663116838362
4,3,4,4,4,4,4,4,4,4,4,4,4,3,4,4,4,3,4,4,4,4,-0.00192941672857402
4,3,4,4,4,4,4,4,3,3,4,4,4,3,4,4,4,3,4,4,4,4,-0.018156509384601
4,3,4,4,4,4,4,4,3,5,4,4,4,3,4,4,4,3,4,4,4,4,-0.00870320802749244
4,3,4,4,4,4,4,4,3,4,3,4,4,3,4,4,4,3,4,4,4,4,-0.0166098754505942
4,3,4,4,4,4,4,4,3,4,5,4,4,3,4,4,4,3,4,4,4,4,-0.00889453419331261
4,3,4,4,4,4,4,4,3,4,4,3,4,3,4,4,4,3,4,4,4,4,-0.0157288357748871
4,3,4,4,4,4,4,4,3,4,4,5,4,3,4,4,4,3,4,4,4,4,-0.00918719697952997
4,3,4,4,4,4,4,4,3,4,4,4,3,3,4,4,4,3,4,4,4,4,0.00539412906232785
4,3,4,4,4,4,4,4,3,4,4,4,5,3,4,4,4,3,4,4,4,4,-0.00852310742048503
4,3,4,4,4,4,4,4,3,4,4,4,4,2,4,4,4,3,4,4,4,4,-0.0159850595953281
4,3,4,4,4,4,4,4,3,4,4,4,4,4,4,4,4,3,4,4,4,4,0.000332490859981805
4,3,4,4,4,4,4,4,3,4,4,4,4,3,3,4,4,3,4,4,4,4,-0.00542737749128846
4,3,4,4,4,4,4,4,3,4,4,4,4,3,5,4,4,3,4,4,4,4,0.0213173433118511
4,3,4,4,4,4,4,4,3,4,4,4,4,3,4,3,4,3,4,4,4,4,-0.0212525251222388
4,3,4,4,4,4,4,4,3,4,4,4,4,3,4,5,4,3,4,4,4,4,-0.00833032893541153
4,3,4,4,4,4,4,4,3,4,4,4,4,3,4,4,3,3,4,4,4,4,-0.0141714667727096
4,3,4,4,4,4,4,4,3,4,4,4,4,3,4,4,5,3,4,4,4,4,0.0298793171551099
4,3,4,4,4,4,4,4,3,4,4,4,4,3,4,4,4,2,4,4,4,4,-0.0130483966147065
4,3,4,4,4,4,4,4,3,4,4,4,4,3,4,4,4,4,4,4,4,4,-0.0106847092553596
4,3,4,4,4,4,4,4,3,4,4,4,4,3,4,4,4,3,5,4,4,4,0.0281492142932017
4,3,4,4,4,4,4,4,3,4,4,4,4,3,4,4,4,3,4,3,4,4,-0.0120245055532783
4,3,4,4,4,4,4,4,3,4,4,4,4,3,4,4,4,3,4,5,4,4,0.00592300958246009
4,3,4,4,4,4,4,4,3,4,4,4,4,3,4,4,4,3,4,4,3,4,0.0101272047062079
4,3,4,4,4,4,4,4,3,4,4,4,4,3,4,4,4,3,4,4,5,4,-0.00519813837710096
4,3,4,4,4,4,4,4,3,4,4,4,4,3,4,4,4,3,4,4,4,3,0.0277037609621477
4,3,4,4,4,4,4,4,3,4,4,4,4,3,4,4,4,3,4,4,4,5,-0.00841944006121411
3,3,4,4,4,3,4,4,3,4,4,4,4,3,4,4,4,3,4,4,4,4,0.00340218116800371
5,3,4,4,4,3,4,4,3,4,4,4,4,3,4,4,4,3,4,4,4,4,0.0326775659356087
4,2,4,4,4,3,4,4,3,4,4,4,4,3,4,4,4,3,4,4,4,4,0.000822833608089345
4,4,4,4,4,3,4,4,3,4,4,4,4,3,4,4,4,3,4,4,4,4,0.00484048177654926
4,3,3,4,4,3,4,4,3,4,4,4,4,3,4,4,4,3,4,4,4,4,-0.00764917033445327
4,3,5,4,4,3,4,4,3,4,4,4,4,3,4,4,4,3,4,4,4,4,0.00246037343048764
4,3,4,3,4,3,4,4,3,4,4,4,4,3,4,4,4,3,4,4,4,4,-0.0162120526642048
4,3,4,5,4,3,4,4,3,4,4,4,4,3,4,4,4,3,4,4,4,4,0.00348434169546639
4,3,4,4,3,3,4,4,3,4,4,4,4,3,4,4,4,3,4,4,4,4,0.00163518283431302
4,3,4,4,5,3,4,4,3,4,4,4,4,3,4,4,4,3,4,4,4,4,0.00111122831198077
4,3,4,4,4,2,4,4,3,4,4,4,4,3,4,4,4,3,4,4,4,4,-0.0178704091536522
4,3,4,4,4,3,3,4,3,4,4,4,4,3,4,4,4,3,4,4,4,4,0.00102773386769709
4,3,4,4,4,3,5,4,3,4,4,4,4,3,4,4,4,3,4,4,4,4,0.00156686159761229
4,3,4,4,4,3,4,3,3,4,4,4,4,3,4,4,4,3,4,4,4,4,0.00289861784922654
4,3,4,4,4,3,4,5,3,4,4,4,4,3,4,4,4,3,4,4,4,4,-0.00715551338629104
4,3,4,4,4,3,4,4,2,4,4,4,4,3,4,4,4,3,4,4,4,4,-0.0000731084466581649
4,3,4,4,4,3,4,4,4,4,4,4,4,3,4,4,4,3,4,4,4,4,0.00302441581718204
4,3,4,4,4,3,4,4,3,3,4,4,4,3,4,4,4,3,4,4,4,4,0.0298972700513684
4,3,4,4,4,3,4,4,3,5,4,4,4,3,4,4,4,3,4,4,4,4,0.00406844889852624
4,3,4,4,4,3,4,4,3,4,3,4,4,3,4,4,4,3,4,4,4,4,-0.0042038336179546
4,3,4,4,4,3,4,4,3,4,5,4,4,3,4,4,4,3,4,4,4,4,0.0021655529908837
4,3,4,4,4,3,4,4,3,4,4,3,4,3,4,4,4,3,4,4,4,4,0.0260045157835905
4,3,4,4,4,3,4,4,3,4,4,5,4,3,4,4,4,3,4,4,4,4,0.00451158748704309
4,3,4,4,4,3,4,4,3,4,4,4,3,3,4,4,4,3,4,4,4,4,-0.0101944725818622
4,3,4,4,4,3,4,4,3,4,4,4,5,3,4,4,4,3,4,4,4,4,-0.00485738071184446
4,3,4,4,4,3,4,4,3,4,4,4,4,2,4,4,4,3,4,4,4,4,-0.00432247707583685
4,3,4,4,4,3,4,4,3,4,4,4,4,4,4,4,4,3,4,4,4,4,0.00155313994675055
4,3,4,4,4,3,4,4,3,4,4,4,4,3,3,4,4,3,4,4,4,4,0.00281540249263927
4,3,4,4,4,3,4,4,3,4,4,4,4,3,5,4,4,3,4,4,4,4,-0.0068405999235274
4,3,4,4,4,3,4,4,3,4,4,4,4,3,4,3,4,3,4,4,4,4,-0.000300639231929952
4,3,4,4,4,3,4,4,3,4,4,4,4,3,4,5,4,3,4,4,4,4,0.00155676189996447
4,3,4,4,4,3,4,4,3,4,4,4,4,3,4,4,3,3,4,4,4,4,0.00583111761967641
4,3,4,4,4,3,4,4,3,4,4,4,4,3,4,4,5,3,4,4,4,4,-0.00480051326630099
4,3,4,4,4,3,4,4,3,4,4,4,4,3,4,4,4,2,4,4,4,4,0.00120570891032695
4,3,4,4,4,3,4,4,3,4,4,4,4,3,4,4,4,4,4,4,4,4,0.00259472864705632
4,3,4,4,4,3,4,4,3,4,4,4,4,3,4,4,4,3,5,4,4,4,0.0582561415139604
4,3,4,4,4,3,4,4,3,4,4,4,4,3,4,4,4,3,4,3,4,4,0.0314383796148509
4,3,4,4,4,3,4,4,3,4,4,4,4,3,4,4,4,3,4,5,4,4,-0.00192409407735782
4,3,4,4,4,3,4,4,3,4,4,4,4,3,4,4,4,3,4,4,3,4,0.0117955115229119
4,3,4,4,4,3,4,4,3,4,4,4,4,3,4,4,4,3,4,4,5,4,0.00565757984052515
4,3,4,4,4,3,4,4,3,4,4,4,4,3,4,4,4,3,4,4,4,3,0.0396757883578013
4,3,4,4,4,3,4,4,3,4,4,4,4,3,4,4,4,3,4,4,4,5,0.00907183774058287
1,2,2,2,2,2,2,2,2,2,2,2,2,2,2,2,2,2,2,2,2,1,-0.00964572113801674
3,2,2,2,2,2,2,2,2,2,2,2,2,2,2,2,2,2,2,2,2,1,-0.00581496048183328
2,3,2,2,2,2,2,2,2,2,2,2,2,2,2,2,2,2,2,2,2,1,0.00198573367763476
2,2,1,2,2,2,2,2,2,2,2,2,2,2,2,2,2,2,2,2,2,1,-0.0049194514941632
2,2,3,2,2,2,2,2,2,2,2,2,2,2,2,2,2,2,2,2,2,1,0.0147343835260789
2,2,2,1,2,2,2,2,2,2,2,2,2,2,2,2,2,2,2,2,2,1,-0.00755501185230267
2,2,2,3,2,2,2,2,2,2,2,2,2,2,2,2,2,2,2,2,2,1,0.00810897330441109
2,2,2,2,1,2,2,2,2,2,2,2,2,2,2,2,2,2,2,2,2,1,-0.00202236654840683
2,2,2,2,3,2,2,2,2,2,2,2,2,2,2,2,2,2,2,2,2,1,0.00313270947976554
2,2,2,2,2,1,2,2,2,2,2,2,2,2,2,2,2,2,2,2,2,1,0.0078028888008609
2,2,2,2,2,3,2,2,2,2,2,2,2,2,2,2,2,2,2,2,2,1,-0.00420275599170398
2,2,2,2,2,2,1,2,2,2,2,2,2,2,2,2,2,2,2,2,2,1,0.00812600608288065
2,2,2,2,2,2,3,2,2,2,2,2,2,2,2,2,2,2,2,2,2,1,0.000408173519693743
2,2,2,2,2,2,2,1,2,2,2,2,2,2,2,2,2,2,2,2,2,1,0.0179241064356074
2,2,2,2,2,2,2,3,2,2,2,2,2,2,2,2,2,2,2,2,2,1,0.0221396709205978
2,2,2,2,2,2,2,2,1,2,2,2,2,2,2,2,2,2,2,2,2,1,0.00510666352757756
2,2,2,2,2,2,2,2,3,2,2,2,2,2,2,2,2,2,2,2,2,1,-0.00404636455663813
2,2,2,2,2,2,2,2,2,1,2,2,2,2,2,2,2,2,2,2,2,1,0.015947028817089
2,2,2,2,2,2,2,2,2,3,2,2,2,2,2,2,2,2,2,2,2,1,0.0251284718287821
2,2,2,2,2,2,2,2,2,2,1,2,2,2,2,2,2,2,2,2,2,1,0.000636853987169941
2,2,2,2,2,2,2,2,2,2,3,2,2,2,2,2,2,2,2,2,2,1,0.0015962560749903
2,2,2,2,2,2,2,2,2,2,2,1,2,2,2,2,2,2,2,2,2,1,0.0142650443485794
2,2,2,2,2,2,2,2,2,2,2,3,2,2,2,2,2,2,2,2,2,1,0.0318818142358103
2,2,2,2,2,2,2,2,2,2,2,2,1,2,2,2,2,2,2,2,2,1,0.0030606298416281
2,2,2,2,2,2,2,2,2,2,2,2,2,1,2,2,2,2,2,2,2,1,0.00783312355781233
2,2,2,2,2,2,2,2,2,2,2,2,2,3,2,2,2,2,2,2,2,1,0.00728283975357254
2,2,2,2,2,2,2,2,2,2,2,2,2,2,1,2,2,2,2,2,2,1,0.0138123057748106
2,2,2,2,2,2,2,2,2,2,2,2,2,2,3,2,2,2,2,2,2,1,0.00292638161574114
2,2,2,2,2,2,2,2,2,2,2,2,2,2,2,1,2,2,2,2,2,1,0.00138134070879777
2,2,2,2,2,2,2,2,2,2,2,2,2,2,2,3,2,2,2,2,2,1,-0.000949748630099256
2,2,2,2,2,2,2,2,2,2,2,2,2,2,2,2,1,2,2,2,2,1,0.00583192988095345
2,2,2,2,2,2,2,2,2,2,2,2,2,2,2,2,3,2,2,2,2,1,0.00116764988019655
2,2,2,2,2,2,2,2,2,2,2,2,2,2,2,2,2,1,2,2,2,1,0.0110409967213959
2,2,2,2,2,2,2,2,2,2,2,2,2,2,2,2,2,3,2,2,2,1,0.000532537326400681
2,2,2,2,2,2,2,2,2,2,2,2,2,2,2,2,2,2,3,2,2,1,0.00269030058198441
2,2,2,2,2,2,2,2,2,2,2,2,2,2,2,2,2,2,2,1,2,1,0.00010803946376249
2,2,2,2,2,2,2,2,2,2,2,2,2,2,2,2,2,2,2,2,1,1,0.00495518482384148
2,2,2,2,2,2,2,2,2,2,2,2,2,2,2,2,2,2,2,2,3,1,-0.00339615934546357
1,2,2,2,2,2,2,2,2,2,2,2,2,2,2,2,3,2,2,3,2,2,0.00784998087308374
3,2,2,2,2,2,2,2,2,2,2,2,2,2,2,2,3,2,2,3,2,2,-0.0173149469166549
2,1,2,2,2,2,2,2,2,2,2,2,2,2,2,2,3,2,2,3,2,2,0.0268569041164915
2,3,2,2,2,2,2,2,2,2,2,2,2,2,2,2,3,2,2,3,2,2,0.00640825750166335
2,2,1,2,2,2,2,2,2,2,2,2,2,2,2,2,3,2,2,3,2,2,-0.00340486692520623
2,2,3,2,2,2,2,2,2,2,2,2,2,2,2,2,3,2,2,3,2,2,-0.0131159767953304
2,2,2,1,2,2,2,2,2,2,2,2,2,2,2,2,3,2,2,3,2,2,0.0157969054616594
2,2,2,3,2,2,2,2,2,2,2,2,2,2,2,2,3,2,2,3,2,2,-0.0106645620763852
2,2,2,2,1,2,2,2,2,2,2,2,2,2,2,2,3,2,2,3,2,2,-0.00816539994638206
2,2,2,2,3,2,2,2,2,2,2,2,2,2,2,2,3,2,2,3,2,2,-0.00644344881255289
2,2,2,2,2,1,2,2,2,2,2,2,2,2,2,2,3,2,2,3,2,2,0.0122667671810318
2,2,2,2,2,3,2,2,2,2,2,2,2,2,2,2,3,2,2,3,2,2,-0.0164594028217047
2,2,2,2,2,2,1,2,2,2,2,2,2,2,2,2,3,2,2,3,2,2,0.0042146796409306
2,2,2,2,2,2,3,2,2,2,2,2,2,2,2,2,3,2,2,3,2,2,-0.0162608154994983
2,2,2,2,2,2,2,1,2,2,2,2,2,2,2,2,3,2,2,3,2,2,0.00809281463171947
2,2,2,2,2,2,2,3,2,2,2,2,2,2,2,2,3,2,2,3,2,2,0.0185295217834957
2,2,2,2,2,2,2,2,1,2,2,2,2,2,2,2,3,2,2,3,2,2,-0.003681063913517
2,2,2,2,2,2,2,2,3,2,2,2,2,2,2,2,3,2,2,3,2,2,-0.0138411047953785
2,2,2,2,2,2,2,2,2,1,2,2,2,2,2,2,3,2,2,3,2,2,-0.0193432243066156
2,2,2,2,2,2,2,2,2,3,2,2,2,2,2,2,3,2,2,3,2,2,-0.0103139867542296
2,2,2,2,2,2,2,2,2,2,1,2,2,2,2,2,3,2,2,3,2,2,-0.0147331546196049
2,2,2,2,2,2,2,2,2,2,3,2,2,2,2,2,3,2,2,3,2,2,-0.011820418954365
2,2,2,2,2,2,2,2,2,2,2,1,2,2,2,2,3,2,2,3,2,2,0.0164192318701935
2,2,2,2,2,2,2,2,2,2,2,3,2,2,2,2,3,2,2,3,2,2,-0.0121884923058377
2,2,2,2,2,2,2,2,2,2,2,2,1,2,2,2,3,2,2,3,2,2,0.00938345232147777
2,2,2,2,2,2,2,2,2,2,2,2,2,1,2,2,3,2,2,3,2,2,-0.00386840842129587
2,2,2,2,2,2,2,2,2,2,2,2,2,3,2,2,3,2,2,3,2,2,-0.000479197958992056
2,2,2,2,2,2,2,2,2,2,2,2,2,2,1,2,3,2,2,3,2,2,-0.00273542483218067
2,2,2,2,2,2,2,2,2,2,2,2,2,2,3,2,3,2,2,3,2,2,-0.0116515319413478
2,2,2,2,2,2,2,2,2,2,2,2,2,2,2,1,3,2,2,3,2,2,-0.0134069639415286
2,2,2,2,2,2,2,2,2,2,2,2,2,2,2,3,3,2,2,3,2,2,0.0142219608095946
2,2,2,2,2,2,2,2,2,2,2,2,2,2,2,2,3,1,2,3,2,2,0.0366937851908299
2,2,2,2,2,2,2,2,2,2,2,2,2,2,2,2,3,3,2,3,2,2,-0.00738483646012661
2,2,2,2,2,2,2,2,2,2,2,2,2,2,2,2,3,2,1,3,2,2,0.010844401425624
2,2,2,2,2,2,2,2,2,2,2,2,2,2,2,2,3,2,3,3,2,2,-0.000397252059350633
2,2,2,2,2,2,2,2,2,2,2,2,2,2,2,2,3,2,2,4,2,2,-0.0120945248342554
2,2,2,2,2,2,2,2,2,2,2,2,2,2,2,2,3,2,2,3,1,2,0.00999229317962616
2,2,2,2,2,2,2,2,2,2,2,2,2,2,2,2,3,2,2,3,3,2,-0.0131107942660217
2,2,2,2,2,2,2,2,2,2,2,2,2,2,2,2,3,2,2,3,2,3,0.0126883557937654
1,2,2,1,2,2,2,2,2,2,2,2,2,2,2,2,2,2,1,2,2,2,-0.00431789624343585
3,2,2,1,2,2,2,2,2,2,2,2,2,2,2,2,2,2,1,2,2,2,0.00849314786049952
2,1,2,1,2,2,2,2,2,2,2,2,2,2,2,2,2,2,1,2,2,2,0.0735403700101027
2,3,2,1,2,2,2,2,2,2,2,2,2,2,2,2,2,2,1,2,2,2,0.0045735735963499
2,2,1,1,2,2,2,2,2,2,2,2,2,2,2,2,2,2,1,2,2,2,0.0108048647277332
2,2,3,1,2,2,2,2,2,2,2,2,2,2,2,2,2,2,1,2,2,2,0.00532424287221769
2,2,2,1,1,2,2,2,2,2,2,2,2,2,2,2,2,2,1,2,2,2,0.0173775690916647
2,2,2,1,3,2,2,2,2,2,2,2,2,2,2,2,2,2,1,2,2,2,0.0122169965735027
2,2,2,1,2,1,2,2,2,2,2,2,2,2,2,2,2,2,1,2,2,2,0.0417178608342874
2,2,2,1,2,3,2,2,2,2,2,2,2,2,2,2,2,2,1,2,2,2,0.0327535951178693
2,2,2,1,2,2,1,2,2,2,2,2,2,2,2,2,2,2,1,2,2,2,-0.0015747257108168
2,2,2,1,2,2,3,2,2,2,2,2,2,2,2,2,2,2,1,2,2,2,0.00410392442322771
2,2,2,1,2,2,2,1,2,2,2,2,2,2,2,2,2,2,1,2,2,2,0.00443808020782637
2,2,2,1,2,2,2,3,2,2,2,2,2,2,2,2,2,2,1,2,2,2,0.00505123580170378
2,2,2,1,2,2,2,2,1,2,2,2,2,2,2,2,2,2,1,2,2,2,0.0601525726325411
2,2,2,1,2,2,2,2,3,2,2,2,2,2,2,2,2,2,1,2,2,2,0.00793736790545614
2,2,2,1,2,2,2,2,2,1,2,2,2,2,2,2,2,2,1,2,2,2,0.00754013012157799
2,2,2,1,2,2,2,2,2,3,2,2,2,2,2,2,2,2,1,2,2,2,0.0107132214424109
2,2,2,1,2,2,2,2,2,2,1,2,2,2,2,2,2,2,1,2,2,2,0.0399585273349482
2,2,2,1,2,2,2,2,2,2,3,2,2,2,2,2,2,2,1,2,2,2,0.00644341026285807
2,2,2,1,2,2,2,2,2,2,2,1,2,2,2,2,2,2,1,2,2,2,0.0280952672031578
2,2,2,1,2,2,2,2,2,2,2,3,2,2,2,2,2,2,1,2,2,2,0.0137610255218563
2,2,2,1,2,2,2,2,2,2,2,2,1,2,2,2,2,2,1,2,2,2,-0.000454950250438508
2,2,2,1,2,2,2,2,2,2,2,2,3,2,2,2,2,2,1,2,2,2,-0.008076229317182
2,2,2,1,2,2,2,2,2,2,2,2,2,1,2,2,2,2,1,2,2,2,-0.00519110139607172
2,2,2,1,2,2,2,2,2,2,2,2,2,3,2,2,2,2,1,2,2,2,0.00207490509107603
2,2,2,1,2,2,2,2,2,2,2,2,2,2,1,2,2,2,1,2,2,2,0.0539600174263909
2,2,2,1,2,2,2,2,2,2,2,2,2,2,3,2,2,2,1,2,2,2,0.0185036957515661
2,2,2,1,2,2,2,2,2,2,2,2,2,2,2,1,2,2,1,2,2,2,-0.000969972308994254
2,2,2,1,2,2,2,2,2,2,2,2,2,2,2,3,2,2,1,2,2,2,-0.000962997024965102
2,2,2,1,2,2,2,2,2,2,2,2,2,2,2,2,1,2,1,2,2,2,-0.00624668649019851
2,2,2,1,2,2,2,2,2,2,2,2,2,2,2,2,3,2,1,2,2,2,0.00706984723946635
2,2,2,1,2,2,2,2,2,2,2,2,2,2,2,2,2,1,1,2,2,2,0.0144181657443513
2,2,2,1,2,2,2,2,2,2,2,2,2,2,2,2,2,3,1,2,2,2,0.0289694325512081
2,2,2,1,2,2,2,2,2,2,2,2,2,2,2,2,2,2,1,1,2,2,0.0276553662188814
2,2,2,1,2,2,2,2,2,2,2,2,2,2,2,2,2,2,1,3,2,2,-0.0036090220533668
2,2,2,1,2,2,2,2,2,2,2,2,2,2,2,2,2,2,1,2,1,2,0.020258711742638
2,2,2,1,2,2,2,2,2,2,2,2,2,2,2,2,2,2,1,2,3,2,0.0527346539696784
2,2,2,1,2,2,2,2,2,2,2,2,2,2,2,2,2,2,1,2,2,1,0.0713705471147496
2,2,2,1,2,2,2,2,2,2,2,2,2,2,2,2,2,2,1,2,2,3,0.0229212282646353
1,1,2,2,2,2,2,2,2,2,2,2,2,2,2,2,2,2,2,2,2,2,0.000507712466825142
3,1,2,2,2,2,2,2,2,2,2,2,2,2,2,2,2,2,2,2,2,2,-0.0137940497136998
2,1,1,2,2,2,2,2,2,2,2,2,2,2,2,2,2,2,2,2,2,2,-0.015677565058033
2,1,3,2,2,2,2,2,2,2,2,2,2,2,2,2,2,2,2,2,2,2,-0.0091866277416697
2,1,2,1,2,2,2,2,2,2,2,2,2,2,2,2,2,2,2,2,2,2,-0.00200673540918511
2,1,2,3,2,2,2,2,2,2,2,2,2,2,2,2,2,2,2,2,2,2,-0.000147550223396268
2,1,2,2,1,2,2,2,2,2,2,2,2,2,2,2,2,2,2,2,2,2,-0.0113410427262442
2,1,2,2,3,2,2,2,2,2,2,2,2,2,2,2,2,2,2,2,2,2,-0.0213080486902124
2,1,2,2,2,1,2,2,2,2,2,2,2,2,2,2,2,2,2,2,2,2,-0.0161524233700719
2,1,2,2,2,3,2,2,2,2,2,2,2,2,2,2,2,2,2,2,2,2,0.00190116291683164
2,1,2,2,2,2,1,2,2,2,2,2,2,2,2,2,2,2,2,2,2,2,-0.0159877318187878
2,1,2,2,2,2,3,2,2,2,2,2,2,2,2,2,2,2,2,2,2,2,-0.00931033077606861
2,1,2,2,2,2,2,1,2,2,2,2,2,2,2,2,2,2,2,2,2,2,-0.00921966522759926
2,1,2,2,2,2,2,3,2,2,2,2,2,2,2,2,2,2,2,2,2,2,-0.00568773478492106
2,1,2,2,2,2,2,2,1,2,2,2,2,2,2,2,2,2,2,2,2,2,0.000059928560504541
2,1,2,2,2,2,2,2,3,2,2,2,2,2,2,2,2,2,2,2,2,2,0.00350163212191594
2,1,2,2,2,2,2,2,2,1,2,2,2,2,2,2,2,2,2,2,2,2,-0.0157445552551552
2,1,2,2,2,2,2,2,2,3,2,2,2,2,2,2,2,2,2,2,2,2,-0.0140975468642681
2,1,2,2,2,2,2,2,2,2,1,2,2,2,2,2,2,2,2,2,2,2,-0.00285040479128444
2,1,2,2,2,2,2,2,2,2,3,2,2,2,2,2,2,2,2,2,2,2,-0.0127969360532044
2,1,2,2,2,2,2,2,2,2,2,1,2,2,2,2,2,2,2,2,2,2,-0.0125461832853518
2,1,2,2,2,2,2,2,2,2,2,3,2,2,2,2,2,2,2,2,2,2,0.00368107531572485
2,1,2,2,2,2,2,2,2,2,2,2,1,2,2,2,2,2,2,2,2,2,-0.000173712701554742
2,1,2,2,2,2,2,2,2,2,2,2,3,2,2,2,2,2,2,2,2,2,0.0397288208720896
2,1,2,2,2,2,2,2,2,2,2,2,2,1,2,2,2,2,2,2,2,2,-0.0216977403544229
2,1,2,2,2,2,2,2,2,2,2,2,2,3,2,2,2,2,2,2,2,2,-0.0116569051129812
2,1,2,2,2,2,2,2,2,2,2,2,2,2,1,2,2,2,2,2,2,2,0.01866335188781
2,1,2,2,2,2,2,2,2,2,2,2,2,2,3,2,2,2,2,2,2,2,-0.0116803251410786
2,1,2,2,2,2,2,2,2,2,2,2,2,2,2,1,2,2,2,2,2,2,0.0171512574789906
2,1,2,2,2,2,2,2,2,2,2,2,2,2,2,3,2,2,2,2,2,2,-0.00935257573620524
2,1,2,2,2,2,2,2,2,2,2,2,2,2,2,2,1,2,2,2,2,2,0.00442629149966868
2,1,2,2,2,2,2,2,2,2,2,2,2,2,2,2,3,2,2,2,2,2,0.0131244340559536
2,1,2,2,2,2,2,2,2,2,2,2,2,2,2,2,2,1,2,2,2,2,0.0372219339181298
2,1,2,2,2,2,2,2,2,2,2,2,2,2,2,2,2,3,2,2,2,2,0.00135974471413603
2,1,2,2,2,2,2,2,2,2,2,2,2,2,2,2,2,2,3,2,2,2,-0.0059515319636079
2,1,2,2,2,2,2,2,2,2,2,2,2,2,2,2,2,2,2,1,2,2,-0.00949547723728359
2,1,2,2,2,2,2,2,2,2,2,2,2,2,2,2,2,2,2,2,1,2,0.00788442647596378
2,1,2,2,2,2,2,2,2,2,2,2,2,2,2,2,2,2,2,2,3,2,0.0109465331265551
2,1,2,2,2,2,2,2,2,2,2,2,2,2,2,2,2,2,2,2,2,3,0.0375506764794207
1,2,2,1,2,2,2,2,2,2,2,2,2,2,2,2,2,2,2,2,2,2,0.0123347544194562
3,2,2,1,2,2,2,2,2,2,2,2,2,2,2,2,2,2,2,2,2,2,-0.0116764587592481
2,3,2,1,2,2,2,2,2,2,2,2,2,2,2,2,2,2,2,2,2,2,0.0177638089004452
2,2,1,1,2,2,2,2,2,2,2,2,2,2,2,2,2,2,2,2,2,2,0.0170893091715271
2,2,3,1,2,2,2,2,2,2,2,2,2,2,2,2,2,2,2,2,2,2,-0.00436816491612564
2,2,2,1,1,2,2,2,2,2,2,2,2,2,2,2,2,2,2,2,2,2,-0.0115523360758551
2,2,2,1,3,2,2,2,2,2,2,2,2,2,2,2,2,2,2,2,2,2,-0.0160054584456257
2,2,2,1,2,1,2,2,2,2,2,2,2,2,2,2,2,2,2,2,2,2,-0.00201362013315893
2,2,2,1,2,3,2,2,2,2,2,2,2,2,2,2,2,2,2,2,2,2,-0.0151696354113746
2,2,2,1,2,2,1,2,2,2,2,2,2,2,2,2,2,2,2,2,2,2,0.011653770294343
2,2,2,1,2,2,3,2,2,2,2,2,2,2,2,2,2,2,2,2,2,2,-0.00567098936274028
2,2,2,1,2,2,2,1,2,2,2,2,2,2,2,2,2,2,2,2,2,2,-0.00803676014921593
2,2,2,1,2,2,2,3,2,2,2,2,2,2,2,2,2,2,2,2,2,2,-0.0210526206358222
2,2,2,1,2,2,2,2,1,2,2,2,2,2,2,2,2,2,2,2,2,2,-0.0252260205942429
2,2,2,1,2,2,2,2,3,2,2,2,2,2,2,2,2,2,2,2,2,2,-0.0100445879497825
2,2,2,1,2,2,2,2,2,1,2,2,2,2,2,2,2,2,2,2,2,2,-0.0142756584578671
2,2,2,1,2,2,2,2,2,3,2,2,2,2,2,2,2,2,2,2,2,2,-0.0133373416106809
2,2,2,1,2,2,2,2,2,2,1,2,2,2,2,2,2,2,2,2,2,2,-0.0201672938206616
2,2,2,1,2,2,2,2,2,2,3,2,2,2,2,2,2,2,2,2,2,2,-0.012197239574124
2,2,2,1,2,2,2,2,2,2,2,1,2,2,2,2,2,2,2,2,2,2,-0.0138113123193786
2,2,2,1,2,2,2,2,2,2,2,3,2,2,2,2,2,2,2,2,2,2,-0.0118533393243638
2,2,2,1,2,2,2,2,2,2,2,2,1,2,2,2,2,2,2,2,2,2,-0.0115569885798593
2,2,2,1,2,2,2,2,2,2,2,2,3,2,2,2,2,2,2,2,2,2,-0.00964692067935763
2,2,2,1,2,2,2,2,2,2,2,2,2,1,2,2,2,2,2,2,2,2,0.0274351358076616
2,2,2,1,2,2,2,2,2,2,2,2,2,3,2,2,2,2,2,2,2,2,0.00674314359563668
2,2,2,1,2,2,2,2,2,2,2,2,2,2,1,2,2,2,2,2,2,2,-0.0240543443450363
2,2,2,1,2,2,2,2,2,2,2,2,2,2,3,2,2,2,2,2,2,2,-0.0111573449237758
2,2,2,1,2,2,2,2,2,2,2,2,2,2,2,1,2,2,2,2,2,2,0.0124742968105196
2,2,2,1,2,2,2,2,2,2,2,2,2,2,2,3,2,2,2,2,2,2,-0.00648596224887183
2,2,2,1,2,2,2,2,2,2,2,2,2,2,2,2,1,2,2,2,2,2,0.0250594224067783
2,2,2,1,2,2,2,2,2,2,2,2,2,2,2,2,3,2,2,2,2,2,-0.0178965865013593
2,2,2,1,2,2,2,2,2,2,2,2,2,2,2,2,2,1,2,2,2,2,0.0116401730448142
2,2,2,1,2,2,2,2,2,2,2,2,2,2,2,2,2,3,2,2,2,2,-0.0135547981911541
2,2,2,1,2,2,2,2,2,2,2,2,2,2,2,2,2,2,3,2,2,2,0.0523607500815483
2,2,2,1,2,2,2,2,2,2,2,2,2,2,2,2,2,2,2,1,2,2,-0.0117426675621161
2,2,2,1,2,2,2,2,2,2,2,2,2,2,2,2,2,2,2,2,1,2,-0.0163219101652686
2,2,2,1,2,2,2,2,2,2,2,2,2,2,2,2,2,2,2,2,3,2,-0.0194059904509761
2,2,2,1,2,2,2,2,2,2,2,2,2,2,2,2,2,2,2,2,2,3,-0.00803204366691479
1,2,2,2,2,2,2,2,2,2,2,2,3,2,2,2,2,2,2,2,2,1,0.0114944320198285
3,2,2,2,2,2,2,2,2,2,2,2,3,2,2,2,2,2,2,2,2,1,0.001003742770829
2,1,2,2,2,2,2,2,2,2,2,2,3,2,2,2,2,2,2,2,2,1,-0.000759397995981381
2,3,2,2,2,2,2,2,2,2,2,2,3,2,2,2,2,2,2,2,2,1,-0.0122608325607738
2,2,1,2,2,2,2,2,2,2,2,2,3,2,2,2,2,2,2,2,2,1,-0.00592382989489619
2,2,3,2,2,2,2,2,2,2,2,2,3,2,2,2,2,2,2,2,2,1,-0.0107471265637931
2,2,2,1,2,2,2,2,2,2,2,2,3,2,2,2,2,2,2,2,2,1,0.0105584550113827
2,2,2,3,2,2,2,2,2,2,2,2,3,2,2,2,2,2,2,2,2,1,-0.00197423771609674
2,2,2,2,1,2,2,2,2,2,2,2,3,2,2,2,2,2,2,2,2,1,-0.0109602726123965
2,2,2,2,3,2,2,2,2,2,2,2,3,2,2,2,2,2,2,2,2,1,-0.0156784028388211
2,2,2,2,2,1,2,2,2,2,2,2,3,2,2,2,2,2,2,2,2,1,-0.0072438073038637
2,2,2,2,2,3,2,2,2,2,2,2,3,2,2,2,2,2,2,2,2,1,-0.00979605478678823
2,2,2,2,2,2,1,2,2,2,2,2,3,2,2,2,2,2,2,2,2,1,-0.0137473616975746
2,2,2,2,2,2,3,2,2,2,2,2,3,2,2,2,2,2,2,2,2,1,-0.0102696407110214
2,2,2,2,2,2,2,1,2,2,2,2,3,2,2,2,2,2,2,2,2,1,-0.00986794828835232
2,2,2,2,2,2,2,3,2,2,2,2,3,2,2,2,2,2,2,2,2,1,0.00245413504545601
2,2,2,2,2,2,2,2,1,2,2,2,3,2,2,2,2,2,2,2,2,1,-0.000848485803103886
2,2,2,2,2,2,2,2,3,2,2,2,3,2,2,2,2,2,2,2,2,1,0.00450925156993634
2,2,2,2,2,2,2,2,2,1,2,2,3,2,2,2,2,2,2,2,2,1,-0.0167938174940508
2,2,2,2,2,2,2,2,2,3,2,2,3,2,2,2,2,2,2,2,2,1,-0.0145743428398747
2,2,2,2,2,2,2,2,2,2,1,2,3,2,2,2,2,2,2,2,2,1,-0.0171308698461648
2,2,2,2,2,2,2,2,2,2,3,2,3,2,2,2,2,2,2,2,2,1,-0.0112483156450188
2,2,2,2,2,2,2,2,2,2,2,1,3,2,2,2,2,2,2,2,2,1,-0.0127799679547544
2,2,2,2,2,2,2,2,2,2,2,3,3,2,2,2,2,2,2,2,2,1,-0.0156449731172625
2,2,2,2,2,2,2,2,2,2,2,2,4,2,2,2,2,2,2,2,2,1,-0.00872202040575119
2,2,2,2,2,2,2,2,2,2,2,2,3,1,2,2,2,2,2,2,2,1,-0.0162240922965697
2,2,2,2,2,2,2,2,2,2,2,2,3,3,2,2,2,2,2,2,2,1,-0.0108154773672013
2,2,2,2,2,2,2,2,2,2,2,2,3,2,1,2,2,2,2,2,2,1,-0.00523773394704349
2,2,2,2,2,2,2,2,2,2,2,2,3,2,3,2,2,2,2,2,2,1,0.0212380012558701
2,2,2,2,2,2,2,2,2,2,2,2,3,2,2,1,2,2,2,2,2,1,-0.0121628347833053
2,2,2,2,2,2,2,2,2,2,2,2,3,2,2,3,2,2,2,2,2,1,-0.0103701653783019
2,2,2,2,2,2,2,2,2,2,2,2,3,2,2,2,1,2,2,2,2,1,-0.00516678795728315
2,2,2,2,2,2,2,2,2,2,2,2,3,2,2,2,3,2,2,2,2,1,0.021792144136648
2,2,2,2,2,2,2,2,2,2,2,2,3,2,2,2,2,1,2,2,2,1,0.051165581559604
2,2,2,2,2,2,2,2,2,2,2,2,3,2,2,2,2,3,2,2,2,1,-0.00434526852778552
2,2,2,2,2,2,2,2,2,2,2,2,3,2,2,2,2,2,1,2,2,1,-0.0329443509772933
2,2,2,2,2,2,2,2,2,2,2,2,3,2,2,2,2,2,3,2,2,1,-0.0075382559423265
2,2,2,2,2,2,2,2,2,2,2,2,3,2,2,2,2,2,2,1,2,1,-0.00283550557051985
2,2,2,2,2,2,2,2,2,2,2,2,3,2,2,2,2,2,2,2,1,1,0.000553864895464286
2,2,2,2,2,2,2,2,2,2,2,2,3,2,2,2,2,2,2,2,3,1,-0.00210972417056154
1,2,2,2,2,3,2,2,2,2,2,2,2,3,2,2,3,2,2,3,2,2,-0.00772219600349381
3,2,2,2,2,3,2,2,2,2,2,2,2,3,2,2,3,2,2,3,2,2,-0.00621960227395625
2,1,2,2,2,3,2,2,2,2,2,2,2,3,2,2,3,2,2,3,2,2,-0.00681147036849235
2,3,2,2,2,3,2,2,2,2,2,2,2,3,2,2,3,2,2,3,2,2,-0.00663142129109962
2,2,1,2,2,3,2,2,2,2,2,2,2,3,2,2,3,2,2,3,2,2,-0.00628678593589593
2,2,3,2,2,3,2,2,2,2,2,2,2,3,2,2,3,2,2,3,2,2,-0.00383521932775963
2,2,2,1,2,3,2,2,2,2,2,2,2,3,2,2,3,2,2,3,2,2,0.0107490690557353
2,2,2,3,2,3,2,2,2,2,2,2,2,3,2,2,3,2,2,3,2,2,0.000970394469218684
2,2,2,2,1,3,2,2,2,2,2,2,2,3,2,2,3,2,2,3,2,2,-0.00640034998611826
2,2,2,2,3,3,2,2,2,2,2,2,2,3,2,2,3,2,2,3,2,2,-0.00619662366452536
2,2,2,2,2,4,2,2,2,2,2,2,2,3,2,2,3,2,2,3,2,2,-0.00308896404517852
2,2,2,2,2,3,1,2,2,2,2,2,2,3,2,2,3,2,2,3,2,2,-0.00623881514832655
2,2,2,2,2,3,3,2,2,2,2,2,2,3,2,2,3,2,2,3,2,2,-0.00527303281418804
2,2,2,2,2,3,2,1,2,2,2,2,2,3,2,2,3,2,2,3,2,2,-0.0053366732437393
2,2,2,2,2,3,2,3,2,2,2,2,2,3,2,2,3,2,2,3,2,2,-0.00869137862838005
2,2,2,2,2,3,2,2,1,2,2,2,2,3,2,2,3,2,2,3,2,2,0.00556015510525591
2,2,2,2,2,3,2,2,3,2,2,2,2,3,2,2,3,2,2,3,2,2,0.00411003837397695
2,2,2,2,2,3,2,2,2,1,2,2,2,3,2,2,3,2,2,3,2,2,0.0132047313256414
2,2,2,2,2,3,2,2,2,3,2,2,2,3,2,2,3,2,2,3,2,2,-0.00269269803262443
2,2,2,2,2,3,2,2,2,2,1,2,2,3,2,2,3,2,2,3,2,2,-0.00532651120466023
2,2,2,2,2,3,2,2,2,2,3,2,2,3,2,2,3,2,2,3,2,2,-0.00572821554999903
2,2,2,2,2,3,2,2,2,2,2,1,2,3,2,2,3,2,2,3,2,2,0.0049239899356558
2,2,2,2,2,3,2,2,2,2,2,3,2,3,2,2,3,2,2,3,2,2,-0.00257721593277589
2,2,2,2,2,3,2,2,2,2,2,2,1,3,2,2,3,2,2,3,2,2,-0.00587832640389239
2,2,2,2,2,3,2,2,2,2,2,2,3,3,2,2,3,2,2,3,2,2,-0.0120609342561175
2,2,2,2,2,3,2,2,2,2,2,2,2,4,2,2,3,2,2,3,2,2,-0.00366591806491074
2,2,2,2,2,3,2,2,2,2,2,2,2,3,1,2,3,2,2,3,2,2,-0.000386487013734302
2,2,2,2,2,3,2,2,2,2,2,2,2,3,3,2,3,2,2,3,2,2,-0.00547148790097038
2,2,2,2,2,3,2,2,2,2,2,2,2,3,2,1,3,2,2,3,2,2,-0.00474705736776849
2,2,2,2,2,3,2,2,2,2,2,2,2,3,2,3,3,2,2,3,2,2,-0.00609412891198307
2,2,2,2,2,3,2,2,2,2,2,2,2,3,2,2,2,2,2,3,2,2,0.0344263149599628
2,2,2,2,2,3,2,2,2,2,2,2,2,3,2,2,4,2,2,3,2,2,-0.0128399411286653
2,2,2,2,2,3,2,2,2,2,2,2,2,3,2,2,3,1,2,3,2,2,-0.00902849710440839
2,2,2,2,2,3,2,2,2,2,2,2,2,3,2,2,3,3,2,3,2,2,-0.004605475854761
2,2,2,2,2,3,2,2,2,2,2,2,2,3,2,2,3,2,1,3,2,2,-0.0126207372078263
2,2,2,2,2,3,2,2,2,2,2,2,2,3,2,2,3,2,3,3,2,2,-0.0035599059734991
2,2,2,2,2,3,2,2,2,2,2,2,2,3,2,2,3,2,2,2,2,2,-0.00317138160372397
2,2,2,2,2,3,2,2,2,2,2,2,2,3,2,2,3,2,2,4,2,2,-0.0120317243140323
2,2,2,2,2,3,2,2,2,2,2,2,2,3,2,2,3,2,2,3,1,2,-0.00796308739643002
2,2,2,2,2,3,2,2,2,2,2,2,2,3,2,2,3,2,2,3,3,2,-0.00421223420063423
2,2,2,2,2,3,2,2,2,2,2,2,2,3,2,2,3,2,2,3,2,1,-0.0128213886756523
2,2,2,2,2,3,2,2,2,2,2,2,2,3,2,2,3,2,2,3,2,3,-0.00485630429645275
1,2,2,2,2,3,3,2,2,2,2,2,3,2,2,2,2,2,2,3,2,2,-0.0032404947864846
3,2,2,2,2,3,3,2,2,2,2,2,3,2,2,2,2,2,2,3,2,2,0.0264268923264397
2,1,2,2,2,3,3,2,2,2,2,2,3,2,2,2,2,2,2,3,2,2,-0.00289968006506475
2,3,2,2,2,3,3,2,2,2,2,2,3,2,2,2,2,2,2,3,2,2,0.0342411793471558
2,2,1,2,2,3,3,2,2,2,2,2,3,2,2,2,2,2,2,3,2,2,-0.00955587836395841
2,2,3,2,2,3,3,2,2,2,2,2,3,2,2,2,2,2,2,3,2,2,-0.00474770007513003
2,2,2,1,2,3,3,2,2,2,2,2,3,2,2,2,2,2,2,3,2,2,-0.00113001516926089
2,2,2,3,2,3,3,2,2,2,2,2,3,2,2,2,2,2,2,3,2,2,-0.000508122429824181
2,2,2,2,1,3,3,2,2,2,2,2,3,2,2,2,2,2,2,3,2,2,-0.00657837994667515
2,2,2,2,3,3,3,2,2,2,2,2,3,2,2,2,2,2,2,3,2,2,-0.00668520555659947
2,2,2,2,2,4,3,2,2,2,2,2,3,2,2,2,2,2,2,3,2,2,-0.00109051740764932
2,2,2,2,2,3,4,2,2,2,2,2,3,2,2,2,2,2,2,3,2,2,-0.00336471726342959
2,2,2,2,2,3,3,1,2,2,2,2,3,2,2,2,2,2,2,3,2,2,-0.0058184278865002
2,2,2,2,2,3,3,3,2,2,2,2,3,2,2,2,2,2,2,3,2,2,-0.00829806130204871
2,2,2,2,2,3,3,2,1,2,2,2,3,2,2,2,2,2,2,3,2,2,0.0191052757672295
2,2,2,2,2,3,3,2,3,2,2,2,3,2,2,2,2,2,2,3,2,2,-0.00274802561736479
2,2,2,2,2,3,3,2,2,1,2,2,3,2,2,2,2,2,2,3,2,2,-0.00945693142394293
2,2,2,2,2,3,3,2,2,3,2,2,3,2,2,2,2,2,2,3,2,2,-0.00550945156120407
2,2,2,2,2,3,3,2,2,2,1,2,3,2,2,2,2,2,2,3,2,2,-0.00744019950110714
2,2,2,2,2,3,3,2,2,2,3,2,3,2,2,2,2,2,2,3,2,2,-0.00663129497459687
2,2,2,2,2,3,3,2,2,2,2,1,3,2,2,2,2,2,2,3,2,2,-0.00741677988066309
2,2,2,2,2,3,3,2,2,2,2,3,3,2,2,2,2,2,2,3,2,2,-0.00551386146826195
2,2,2,2,2,3,3,2,2,2,2,2,2,2,2,2,2,2,2,3,2,2,0.036689037853486
2,2,2,2,2,3,3,2,2,2,2,2,4,2,2,2,2,2,2,3,2,2,-0.00678524249078661
2,2,2,2,2,3,3,2,2,2,2,2,3,1,2,2,2,2,2,3,2,2,-0.00179855513892173
2,2,2,2,2,3,3,2,2,2,2,2,3,3,2,2,2,2,2,3,2,2,-0.00157000250909668
2,2,2,2,2,3,3,2,2,2,2,2,3,2,1,2,2,2,2,3,2,2,-0.00450102215500796
2,2,2,2,2,3,3,2,2,2,2,2,3,2,3,2,2,2,2,3,2,2,0.0203350379497592
2,2,2,2,2,3,3,2,2,2,2,2,3,2,2,1,2,2,2,3,2,2,-0.00642746728576576
2,2,2,2,2,3,3,2,2,2,2,2,3,2,2,3,2,2,2,3,2,2,-0.00590960597860326
2,2,2,2,2,3,3,2,2,2,2,2,3,2,2,2,1,2,2,3,2,2,-0.00989177278287866
2,2,2,2,2,3,3,2,2,2,2,2,3,2,2,2,3,2,2,3,2,2,-0.00252522677043694
2,2,2,2,2,3,3,2,2,2,2,2,3,2,2,2,2,1,2,3,2,2,-0.00842115520155854
2,2,2,2,2,3,3,2,2,2,2,2,3,2,2,2,2,3,2,3,2,2,-0.00588401249311295
2,2,2,2,2,3,3,2,2,2,2,2,3,2,2,2,2,2,1,3,2,2,-0.0125194583476528
2,2,2,2,2,3,3,2,2,2,2,2,3,2,2,2,2,2,3,3,2,2,-0.00445963914816302
2,2,2,2,2,3,3,2,2,2,2,2,3,2,2,2,2,2,2,2,2,2,0.006969967962715
2,2,2,2,2,3,3,2,2,2,2,2,3,2,2,2,2,2,2,4,2,2,-0.00444156367179469
2,2,2,2,2,3,3,2,2,2,2,2,3,2,2,2,2,2,2,3,1,2,0.00404123470164047
2,2,2,2,2,3,3,2,2,2,2,2,3,2,2,2,2,2,2,3,3,2,-0.00467239049694582
2,2,2,2,2,3,3,2,2,2,2,2,3,2,2,2,2,2,2,3,2,1,0.0132607723905458
2,2,2,2,2,3,3,2,2,2,2,2,3,2,2,2,2,2,2,3,2,3,-0.00539236204523038
1,1,2,2,2,2,2,2,2,2,2,2,2,2,2,2,2,2,2,2,2,1,-0.00796012857757225
3,1,2,2,2,2,2,2,2,2,2,2,2,2,2,2,2,2,2,2,2,1,-0.00360923488610708
2,1,1,2,2,2,2,2,2,2,2,2,2,2,2,2,2,2,2,2,2,1,-0.00339319533149455
2,1,3,2,2,2,2,2,2,2,2,2,2,2,2,2,2,2,2,2,2,1,-0.00453586161533917
2,1,2,1,2,2,2,2,2,2,2,2,2,2,2,2,2,2,2,2,2,1,0.00432378166433031
2,1,2,3,2,2,2,2,2,2,2,2,2,2,2,2,2,2,2,2,2,1,0.00535248646904562
2,1,2,2,1,2,2,2,2,2,2,2,2,2,2,2,2,2,2,2,2,1,-0.00126875862452239
2,1,2,2,3,2,2,2,2,2,2,2,2,2,2,2,2,2,2,2,2,1,0.0198939420087371
2,1,2,2,2,1,2,2,2,2,2,2,2,2,2,2,2,2,2,2,2,1,-0.00660608835653179
2,1,2,2,2,3,2,2,2,2,2,2,2,2,2,2,2,2,2,2,2,1,-0.00514898727694125
2,1,2,2,2,2,1,2,2,2,2,2,2,2,2,2,2,2,2,2,2,1,-0.00514377913188609
2,1,2,2,2,2,3,2,2,2,2,2,2,2,2,2,2,2,2,2,2,1,-0.0022485890628311
2,1,2,2,2,2,2,1,2,2,2,2,2,2,2,2,2,2,2,2,2,1,-0.00383712539025946
2,1,2,2,2,2,2,3,2,2,2,2,2,2,2,2,2,2,2,2,2,1,-0.0143024118109709
2,1,2,2,2,2,2,2,1,2,2,2,2,2,2,2,2,2,2,2,2,1,-0.0097165168760633
2,1,2,2,2,2,2,2,3,2,2,2,2,2,2,2,2,2,2,2,2,1,-0.00554909039171262
2,1,2,2,2,2,2,2,2,1,2,2,2,2,2,2,2,2,2,2,2,1,-0.00648849900136839
2,1,2,2,2,2,2,2,2,3,2,2,2,2,2,2,2,2,2,2,2,1,-0.00702546953630712
2,1,2,2,2,2,2,2,2,2,1,2,2,2,2,2,2,2,2,2,2,1,0.038844732741002
2,1,2,2,2,2,2,2,2,2,3,2,2,2,2,2,2,2,2,2,2,1,0.00056661037255475
2,1,2,2,2,2,2,2,2,2,2,1,2,2,2,2,2,2,2,2,2,1,0.00481053859538769
2,1,2,2,2,2,2,2,2,2,2,3,2,2,2,2,2,2,2,2,2,1,-0.00960288105034857
2,1,2,2,2,2,2,2,2,2,2,2,1,2,2,2,2,2,2,2,2,1,-0.00956799239760964
2,1,2,2,2,2,2,2,2,2,2,2,2,1,2,2,2,2,2,2,2,1,0.00893566457182624
2,1,2,2,2,2,2,2,2,2,2,2,2,3,2,2,2,2,2,2,2,1,-0.00194473178346723
2,1,2,2,2,2,2,2,2,2,2,2,2,2,1,2,2,2,2,2,2,1,0.00290392964985701
2,1,2,2,2,2,2,2,2,2,2,2,2,2,3,2,2,2,2,2,2,1,0.0104454161025312
2,1,2,2,2,2,2,2,2,2,2,2,2,2,2,1,2,2,2,2,2,1,-0.00919568903886519
2,1,2,2,2,2,2,2,2,2,2,2,2,2,2,3,2,2,2,2,2,1,-0.00206476741826539
2,1,2,2,2,2,2,2,2,2,2,2,2,2,2,2,1,2,2,2,2,1,-0.00953147150322969
2,1,2,2,2,2,2,2,2,2,2,2,2,2,2,2,3,2,2,2,2,1,-0.00824150768226118
2,1,2,2,2,2,2,2,2,2,2,2,2,2,2,2,2,1,2,2,2,1,0.0207644581117733
2,1,2,2,2,2,2,2,2,2,2,2,2,2,2,2,2,3,2,2,2,1,0.000458972352704618
2,1,2,2,2,2,2,2,2,2,2,2,2,2,2,2,2,2,1,2,2,1,-0.000151492773684211
2,1,2,2,2,2,2,2,2,2,2,2,2,2,2,2,2,2,3,2,2,1,0.00211796543833879
2,1,2,2,2,2,2,2,2,2,2,2,2,2,2,2,2,2,2,1,2,1,-0.00190065460173918
2,1,2,2,2,2,2,2,2,2,2,2,2,2,2,2,2,2,2,3,2,1,-0.0192401832662109
2,1,2,2,2,2,2,2,2,2,2,2,2,2,2,2,2,2,2,2,1,1,-0.00948316364632457
2,1,2,2,2,2,2,2,2,2,2,2,2,2,2,2,2,2,2,2,3,1,-0.00695971720789581
1,2,2,2,2,2,2,2,2,2,2,2,2,2,2,2,2,1,2,2,2,2,-0.011579995889804
3,2,2,2,2,2,2,2,2,2,2,2,2,2,2,2,2,1,2,2,2,2,-0.0106101668699544
2,3,2,2,2,2,2,2,2,2,2,2,2,2,2,2,2,1,2,2,2,2,-0.00368754787990389
2,2,1,2,2,2,2,2,2,2,2,2,2,2,2,2,2,1,2,2,2,2,-0.0112989729607301
2,2,3,2,2,2,2,2,2,2,2,2,2,2,2,2,2,1,2,2,2,2,-0.00498737855147648
2,2,2,3,2,2,2,2,2,2,2,2,2,2,2,2,2,1,2,2,2,2,0.0037350440892841
2,2,2,2,1,2,2,2,2,2,2,2,2,2,2,2,2,1,2,2,2,2,-0.00744594268232314
2,2,2,2,3,2,2,2,2,2,2,2,2,2,2,2,2,1,2,2,2,2,-0.0129709898405261
2,2,2,2,2,1,2,2,2,2,2,2,2,2,2,2,2,1,2,2,2,2,-0.0134184493579462
2,2,2,2,2,3,2,2,2,2,2,2,2,2,2,2,2,1,2,2,2,2,-0.00995407018148534
2,2,2,2,2,2,1,2,2,2,2,2,2,2,2,2,2,1,2,2,2,2,-0.0117112569349028
2,2,2,2,2,2,3,2,2,2,2,2,2,2,2,2,2,1,2,2,2,2,-0.00521785339896534
2,2,2,2,2,2,2,1,2,2,2,2,2,2,2,2,2,1,2,2,2,2,-0.00394761670454517
2,2,2,2,2,2,2,3,2,2,2,2,2,2,2,2,2,1,2,2,2,2,0.00423602381686769
2,2,2,2,2,2,2,2,1,2,2,2,2,2,2,2,2,1,2,2,2,2,-0.0135971221681259
2,2,2,2,2,2,2,2,3,2,2,2,2,2,2,2,2,1,2,2,2,2,-0.00923447751160222
2,2,2,2,2,2,2,2,2,1,2,2,2,2,2,2,2,1,2,2,2,2,-0.0118129978842314
2,2,2,2,2,2,2,2,2,3,2,2,2,2,2,2,2,1,2,2,2,2,-0.0102198422970045
2,2,2,2,2,2,2,2,2,2,1,2,2,2,2,2,2,1,2,2,2,2,-0.0100029533341431
2,2,2,2,2,2,2,2,2,2,3,2,2,2,2,2,2,1,2,2,2,2,0.0120961248486437
2,2,2,2,2,2,2,2,2,2,2,1,2,2,2,2,2,1,2,2,2,2,-0.00791098786142811
2,2,2,2,2,2,2,2,2,2,2,3,2,2,2,2,2,1,2,2,2,2,-0.00892531162815276
2,2,2,2,2,2,2,2,2,2,2,2,1,2,2,2,2,1,2,2,2,2,-0.00856986135166447
2,2,2,2,2,2,2,2,2,2,2,2,3,2,2,2,2,1,2,2,2,2,-0.0135834709895901
2,2,2,2,2,2,2,2,2,2,2,2,2,1,2,2,2,1,2,2,2,2,-0.0153411380662783
2,2,2,2,2,2,2,2,2,2,2,2,2,3,2,2,2,1,2,2,2,2,-0.00729151920065801
2,2,2,2,2,2,2,2,2,2,2,2,2,2,1,2,2,1,2,2,2,2,0.000821535435942368
2,2,2,2,2,2,2,2,2,2,2,2,2,2,3,2,2,1,2,2,2,2,-0.00705987454433828
2,2,2,2,2,2,2,2,2,2,2,2,2,2,2,1,2,1,2,2,2,2,-0.0105342603779796
2,2,2,2,2,2,2,2,2,2,2,2,2,2,2,3,2,1,2,2,2,2,-0.00716650792035121
2,2,2,2,2,2,2,2,2,2,2,2,2,2,2,2,1,1,2,2,2,2,-0.0123725394032834
2,2,2,2,2,2,2,2,2,2,2,2,2,2,2,2,3,1,2,2,2,2,0.00840685888201503
2,2,2,2,2,2,2,2,2,2,2,2,2,2,2,2,2,1,3,2,2,2,-0.0020965984643587
2,2,2,2,2,2,2,2,2,2,2,2,2,2,2,2,2,1,2,1,2,2,0.0448856952418435
2,2,2,2,2,2,2,2,2,2,2,2,2,2,2,2,2,1,2,2,1,2,-0.0131283911833335
2,2,2,2,2,2,2,2,2,2,2,2,2,2,2,2,2,1,2,2,3,2,-0.00948606974837779
2,2,2,2,2,2,2,2,2,2,2,2,2,2,2,2,2,1,2,2,2,3,-0.000159910294665949
1,2,2,2,2,2,2,2,2,2,2,2,2,2,2,2,3,2,2,2,2,2,-0.00924780833425462
3,2,2,2,2,2,2,2,2,2,2,2,2,2,2,2,3,2,2,2,2,2,-0.00249788859715735
2,3,2,2,2,2,2,2,2,2,2,2,2,2,2,2,3,2,2,2,2,2,-0.00201911248093535
2,2,1,2,2,2,2,2,2,2,2,2,2,2,2,2,3,2,2,2,2,2,-0.00598471628137034
2,2,3,2,2,2,2,2,2,2,2,2,2,2,2,2,3,2,2,2,2,2,0.00176101350526539
2,2,2,3,2,2,2,2,2,2,2,2,2,2,2,2,3,2,2,2,2,2,0.00590476532604275
2,2,2,2,1,2,2,2,2,2,2,2,2,2,2,2,3,2,2,2,2,2,-0.00332306300454332
2,2,2,2,3,2,2,2,2,2,2,2,2,2,2,2,3,2,2,2,2,2,-0.00795917987363015
2,2,2,2,2,1,2,2,2,2,2,2,2,2,2,2,3,2,2,2,2,2,-0.00793315357939703
2,2,2,2,2,3,2,2,2,2,2,2,2,2,2,2,3,2,2,2,2,2,0.0518375671156276
2,2,2,2,2,2,1,2,2,2,2,2,2,2,2,2,3,2,2,2,2,2,-0.00753027441920404
2,2,2,2,2,2,3,2,2,2,2,2,2,2,2,2,3,2,2,2,2,2,0.00195447736914958
2,2,2,2,2,2,2,1,2,2,2,2,2,2,2,2,3,2,2,2,2,2,-0.00163311586349553
2,2,2,2,2,2,2,3,2,2,2,2,2,2,2,2,3,2,2,2,2,2,-0.0169797851076549
2,2,2,2,2,2,2,2,1,2,2,2,2,2,2,2,3,2,2,2,2,2,-0.00982634274920955
2,2,2,2,2,2,2,2,3,2,2,2,2,2,2,2,3,2,2,2,2,2,-0.00242966979778248
2,2,2,2,2,2,2,2,2,1,2,2,2,2,2,2,3,2,2,2,2,2,-0.00575470049370397
2,2,2,2,2,2,2,2,2,3,2,2,2,2,2,2,3,2,2,2,2,2,-0.00375196302406572
2,2,2,2,2,2,2,2,2,2,1,2,2,2,2,2,3,2,2,2,2,2,-0.00507364236633714
2,2,2,2,2,2,2,2,2,2,3,2,2,2,2,2,3,2,2,2,2,2,-0.00433537462092017
2,2,2,2,2,2,2,2,2,2,2,1,2,2,2,2,3,2,2,2,2,2,-0.00563515317041093
2,2,2,2,2,2,2,2,2,2,2,3,2,2,2,2,3,2,2,2,2,2,-0.00180122571721792
2,2,2,2,2,2,2,2,2,2,2,2,1,2,2,2,3,2,2,2,2,2,-0.00689154933108814
2,2,2,2,2,2,2,2,2,2,2,2,3,2,2,2,3,2,2,2,2,2,-0.0208662168053663
2,2,2,2,2,2,2,2,2,2,2,2,2,1,2,2,3,2,2,2,2,2,-0.0107738531108907
2,2,2,2,2,2,2,2,2,2,2,2,2,3,2,2,3,2,2,2,2,2,0.000487307211770618
2,2,2,2,2,2,2,2,2,2,2,2,2,2,1,2,3,2,2,2,2,2,-0.00942747282698912
2,2,2,2,2,2,2,2,2,2,2,2,2,2,3,2,3,2,2,2,2,2,-0.00265342478688656
2,2,2,2,2,2,2,2,2,2,2,2,2,2,2,1,3,2,2,2,2,2,-0.00348007438722371
2,2,2,2,2,2,2,2,2,2,2,2,2,2,2,3,3,2,2,2,2,2,-0.00428466003792005
2,2,2,2,2,2,2,2,2,2,2,2,2,2,2,2,4,2,2,2,2,2,0.00178743441663976
2,2,2,2,2,2,2,2,2,2,2,2,2,2,2,2,3,3,2,2,2,2,-0.000523572894516454
2,2,2,2,2,2,2,2,2,2,2,2,2,2,2,2,3,2,3,2,2,2,0.0024954250553654
2,2,2,2,2,2,2,2,2,2,2,2,2,2,2,2,3,2,2,1,2,2,0.011054372299688
2,2,2,2,2,2,2,2,2,2,2,2,2,2,2,2,3,2,2,2,1,2,-0.0094279681383797
2,2,2,2,2,2,2,2,2,2,2,2,2,2,2,2,3,2,2,2,3,2,-0.00254250542974257
2,2,2,2,2,2,2,2,2,2,2,2,2,2,2,2,3,2,2,2,2,3,-0.00140898453552536
1,2,2,2,2,2,2,2,2,2,2,2,2,2,2,2,4,2,2,3,2,2,-0.00334091433308479
3,2,2,2,2,2,2,2,2,2,2,2,2,2,2,2,4,2,2,3,2,2,0.00351552919825153
2,1,2,2,2,2,2,2,2,2,2,2,2,2,2,2,4,2,2,3,2,2,-0.00522243437182739
2,3,2,2,2,2,2,2,2,2,2,2,2,2,2,2,4,2,2,3,2,2,0.00058409623050197
2,2,1,2,2,2,2,2,2,2,2,2,2,2,2,2,4,2,2,3,2,2,0.000522874173776337
2,2,3,2,2,2,2,2,2,2,2,2,2,2,2,2,4,2,2,3,2,2,0.00308364170728592
2,2,2,1,2,2,2,2,2,2,2,2,2,2,2,2,4,2,2,3,2,2,-0.00882756160789958
2,2,2,3,2,2,2,2,2,2,2,2,2,2,2,2,4,2,2,3,2,2,0.00431478384740046
2,2,2,2,1,2,2,2,2,2,2,2,2,2,2,2,4,2,2,3,2,2,-0.000940062092741843
2,2,2,2,3,2,2,2,2,2,2,2,2,2,2,2,4,2,2,3,2,2,0.000372749273178674
2,2,2,2,2,1,2,2,2,2,2,2,2,2,2,2,4,2,2,3,2,2,-0.00518092367570053
2,2,2,2,2,3,2,2,2,2,2,2,2,2,2,2,4,2,2,3,2,2,0.0103346557933251
2,2,2,2,2,2,1,2,2,2,2,2,2,2,2,2,4,2,2,3,2,2,-0.000415193264633374
2,2,2,2,2,2,3,2,2,2,2,2,2,2,2,2,4,2,2,3,2,2,0.0035450834281139
2,2,2,2,2,2,2,1,2,2,2,2,2,2,2,2,4,2,2,3,2,2,-0.0000326424662770733
2,2,2,2,2,2,2,3,2,2,2,2,2,2,2,2,4,2,2,3,2,2,-0.00404859223710723
2,2,2,2,2,2,2,2,1,2,2,2,2,2,2,2,4,2,2,3,2,2,-0.00192285419929806
2,2,2,2,2,2,2,2,3,2,2,2,2,2,2,2,4,2,2,3,2,2,0.00331280970796529
2,2,2,2,2,2,2,2,2,1,2,2,2,2,2,2,4,2,2,3,2,2,0.00112119424069709
2,2,2,2,2,2,2,2,2,3,2,2,2,2,2,2,4,2,2,3,2,2,0.00254721965895347
2,2,2,2,2,2,2,2,2,2,1,2,2,2,2,2,4,2,2,3,2,2,0.00264531462691901
2,2,2,2,2,2,2,2,2,2,3,2,2,2,2,2,4,2,2,3,2,2,0.00197689291576026
2,2,2,2,2,2,2,2,2,2,2,1,2,2,2,2,4,2,2,3,2,2,-0.00355816193409376
2,2,2,2,2,2,2,2,2,2,2,3,2,2,2,2,4,2,2,3,2,2,0.00371523730231763
2,2,2,2,2,2,2,2,2,2,2,2,1,2,2,2,4,2,2,3,2,2,0.000928001623892292
2,2,2,2,2,2,2,2,2,2,2,2,3,2,2,2,4,2,2,3,2,2,-0.00980671535675836
2,2,2,2,2,2,2,2,2,2,2,2,2,1,2,2,4,2,2,3,2,2,0.0000423580387919739
2,2,2,2,2,2,2,2,2,2,2,2,2,3,2,2,4,2,2,3,2,2,0.0334447831341072
2,2,2,2,2,2,2,2,2,2,2,2,2,2,1,2,4,2,2,3,2,2,-0.000679724590964148
2,2,2,2,2,2,2,2,2,2,2,2,2,2,3,2,4,2,2,3,2,2,0.000909424790888003
2,2,2,2,2,2,2,2,2,2,2,2,2,2,2,1,4,2,2,3,2,2,0.0033037088471301
2,2,2,2,2,2,2,2,2,2,2,2,2,2,2,3,4,2,2,3,2,2,-0.00201469468381782
2,2,2,2,2,2,2,2,2,2,2,2,2,2,2,2,5,2,2,3,2,2,-0.00590007209243738
2,2,2,2,2,2,2,2,2,2,2,2,2,2,2,2,4,1,2,3,2,2,-0.00970832203200913
2,2,2,2,2,2,2,2,2,2,2,2,2,2,2,2,4,3,2,3,2,2,0.00341867456281355
2,2,2,2,2,2,2,2,2,2,2,2,2,2,2,2,4,2,1,3,2,2,-0.00648251697846134
2,2,2,2,2,2,2,2,2,2,2,2,2,2,2,2,4,2,3,3,2,2,0.00222145265504951
2,2,2,2,2,2,2,2,2,2,2,2,2,2,2,2,4,2,2,4,2,2,0.0447577810073444
2,2,2,2,2,2,2,2,2,2,2,2,2,2,2,2,4,2,2,3,1,2,-0.00174259695516218
2,2,2,2,2,2,2,2,2,2,2,2,2,2,2,2,4,2,2,3,3,2,0.00312497547560193
2,2,2,2,2,2,2,2,2,2,2,2,2,2,2,2,4,2,2,3,2,1,-0.00513582053988634
2,2,2,2,2,2,2,2,2,2,2,2,2,2,2,2,4,2,2,3,2,3,-0.00073934311230995
2,3,3,3,3,3,3,3,3,3,3,3,3,3,3,3,3,3,3,3,3,3,-0.00678542596866397
4,3,3,3,3,3,3,3,3,3,3,3,3,3,3,3,3,3,3,3,3,3,-0.00980729982227766
3,2,3,3,3,3,3,3,3,3,3,3,3,3,3,3,3,3,3,3,3,3,0.0519197577424116
3,4,3,3,3,3,3,3,3,3,3,3,3,3,3,3,3,3,3,3,3,3,-0.000284320418655298
3,3,2,3,3,3,3,3,3,3,3,3,3,3,3,3,3,3,3,3,3,3,-0.00683739550958186
3,3,4,3,3,3,3,3,3,3,3,3,3,3,3,3,3,3,3,3,3,3,-0.00981093953098239
3,3,3,2,3,3,3,3,3,3,3,3,3,3,3,3,3,3,3,3,3,3,-0.00727965161279021
3,3,3,4,3,3,3,3,3,3,3,3,3,3,3,3,3,3,3,3,3,3,-0.00949014215629606
3,3,3,3,2,3,3,3,3,3,3,3,3,3,3,3,3,3,3,3,3,3,-0.00664748791237962
3,3,3,3,4,3,3,3,3,3,3,3,3,3,3,3,3,3,3,3,3,3,-0.0100328973950616
3,3,3,3,3,2,3,3,3,3,3,3,3,3,3,3,3,3,3,3,3,3,-0.0083160710864579
3,3,3,3,3,4,3,3,3,3,3,3,3,3,3,3,3,3,3,3,3,3,-0.00795684611642115
3,3,3,3,3,3,2,3,3,3,3,3,3,3,3,3,3,3,3,3,3,3,-0.0025669883334046
3,3,3,3,3,3,4,3,3,3,3,3,3,3,3,3,3,3,3,3,3,3,0.0211544514731048
3,3,3,3,3,3,3,2,3,3,3,3,3,3,3,3,3,3,3,3,3,3,-0.00654783554384748
3,3,3,3,3,3,3,4,3,3,3,3,3,3,3,3,3,3,3,3,3,3,-0.0102135476935542
3,3,3,3,3,3,3,3,2,3,3,3,3,3,3,3,3,3,3,3,3,3,-0.00797152860893754
3,3,3,3,3,3,3,3,4,3,3,3,3,3,3,3,3,3,3,3,3,3,-0.00820232088879125
3,3,3,3,3,3,3,3,3,2,3,3,3,3,3,3,3,3,3,3,3,3,-0.00680588773906899
3,3,3,3,3,3,3,3,3,4,3,3,3,3,3,3,3,3,3,3,3,3,-0.00987757720715022
3,3,3,3,3,3,3,3,3,3,2,3,3,3,3,3,3,3,3,3,3,3,-0.00678219466044522
3,3,3,3,3,3,3,3,3,3,4,3,3,3,3,3,3,3,3,3,3,3,-0.00983755819206313
3,3,3,3,3,3,3,3,3,3,3,2,3,3,3,3,3,3,3,3,3,3,-0.00680383836058184
3,3,3,3,3,3,3,3,3,3,3,4,3,3,3,3,3,3,3,3,3,3,-0.00985134570545485
3,3,3,3,3,3,3,3,3,3,3,3,2,3,3,3,3,3,3,3,3,3,-0.00673125677499469
3,3,3,3,3,3,3,3,3,3,3,3,4,3,3,3,3,3,3,3,3,3,-0.00991671237693749
3,3,3,3,3,3,3,3,3,3,3,3,3,2,3,3,3,3,3,3,3,3,-0.00824046620372057
3,3,3,3,3,3,3,3,3,3,3,3,3,4,3,3,3,3,3,3,3,3,-0.00802265398299941
3,3,3,3,3,3,3,3,3,3,3,3,3,3,2,3,3,3,3,3,3,3,-0.00656234773579442
3,3,3,3,3,3,3,3,3,3,3,3,3,3,4,3,3,3,3,3,3,3,-0.0101861855570946
3,3,3,3,3,3,3,3,3,3,3,3,3,3,3,2,3,3,3,3,3,3,-0.00677214534937773
3,3,3,3,3,3,3,3,3,3,3,3,3,3,3,4,3,3,3,3,3,3,-0.00984917279383036
3,3,3,3,3,3,3,3,3,3,3,3,3,3,3,3,2,3,3,3,3,3,-0.00182530445792127
3,3,3,3,3,3,3,3,3,3,3,3,3,3,3,3,4,3,3,3,3,3,0.0298651427202837
3,3,3,3,3,3,3,3,3,3,3,3,3,3,3,3,3,2,3,3,3,3,-0.00778591183247775
3,3,3,3,3,3,3,3,3,3,3,3,3,3,3,3,3,4,3,3,3,3,-0.00829408355580375
3,3,3,3,3,3,3,3,3,3,3,3,3,3,3,3,3,3,2,3,3,3,-0.00786111978234946
3,3,3,3,3,3,3,3,3,3,3,3,3,3,3,3,3,3,4,3,3,3,-0.00854746901154928
3,3,3,3,3,3,3,3,3,3,3,3,3,3,3,3,3,3,3,2,3,3,-0.00656570865813971
3,3,3,3,3,3,3,3,3,3,3,3,3,3,3,3,3,3,3,4,3,3,-0.0101688401533713
3,3,3,3,3,3,3,3,3,3,3,3,3,3,3,3,3,3,3,3,2,3,-0.00703743850053704
3,3,3,3,3,3,3,3,3,3,3,3,3,3,3,3,3,3,3,3,4,3,-0.00956879938395263
3,3,3,3,3,3,3,3,3,3,3,3,3,3,3,3,3,3,3,3,3,2,0.0323477491050753
3,3,3,3,3,3,3,3,3,3,3,3,3,3,3,3,3,3,3,3,3,4,-0.00404537407501881
1,2,2,2,2,2,2,2,2,2,2,2,2,2,2,2,3,2,2,3,2,1,0.014079843599219
3,2,2,2,2,2,2,2,2,2,2,2,2,2,2,2,3,2,2,3,2,1,-0.000057526737040996
2,1,2,2,2,2,2,2,2,2,2,2,2,2,2,2,3,2,2,3,2,1,-0.000122003524764303
2,3,2,2,2,2,2,2,2,2,2,2,2,2,2,2,3,2,2,3,2,1,-0.00496173833908674
2,2,1,2,2,2,2,2,2,2,2,2,2,2,2,2,3,2,2,3,2,1,-0.00270275894393241
2,2,3,2,2,2,2,2,2,2,2,2,2,2,2,2,3,2,2,3,2,1,-0.000783103445628025
2,2,2,1,2,2,2,2,2,2,2,2,2,2,2,2,3,2,2,3,2,1,-0.021176301230585
2,2,2,3,2,2,2,2,2,2,2,2,2,2,2,2,3,2,2,3,2,1,0.00229023673101287
2,2,2,2,1,2,2,2,2,2,2,2,2,2,2,2,3,2,2,3,2,1,0.0302859879153173
2,2,2,2,3,2,2,2,2,2,2,2,2,2,2,2,3,2,2,3,2,1,0.0183746730552733
2,2,2,2,2,1,2,2,2,2,2,2,2,2,2,2,3,2,2,3,2,1,-0.0085111008258459
2,2,2,2,2,3,2,2,2,2,2,2,2,2,2,2,3,2,2,3,2,1,0.00516218694667358
2,2,2,2,2,2,1,2,2,2,2,2,2,2,2,2,3,2,2,3,2,1,-0.00340704511690994
2,2,2,2,2,2,3,2,2,2,2,2,2,2,2,2,3,2,2,3,2,1,-0.00131896275945964
2,2,2,2,2,2,2,1,2,2,2,2,2,2,2,2,3,2,2,3,2,1,-0.00150849904132011
2,2,2,2,2,2,2,3,2,2,2,2,2,2,2,2,3,2,2,3,2,1,0.0104904231546099
2,2,2,2,2,2,2,2,1,2,2,2,2,2,2,2,3,2,2,3,2,1,0.0150873208705228
2,2,2,2,2,2,2,2,3,2,2,2,2,2,2,2,3,2,2,3,2,1,0.00167037293677655
2,2,2,2,2,2,2,2,2,1,2,2,2,2,2,2,3,2,2,3,2,1,0.0102286561529113
2,2,2,2,2,2,2,2,2,3,2,2,2,2,2,2,3,2,2,3,2,1,-0.00168153618157245
2,2,2,2,2,2,2,2,2,2,1,2,2,2,2,2,3,2,2,3,2,1,-0.00258439010121952
2,2,2,2,2,2,2,2,2,2,3,2,2,2,2,2,3,2,2,3,2,1,-0.00273195311648595
2,2,2,2,2,2,2,2,2,2,2,1,2,2,2,2,3,2,2,3,2,1,-0.00740314987862777
2,2,2,2,2,2,2,2,2,2,2,3,2,2,2,2,3,2,2,3,2,1,-0.00138801334710645
2,2,2,2,2,2,2,2,2,2,2,2,1,2,2,2,3,2,2,3,2,1,-0.00472366496501339
2,2,2,2,2,2,2,2,2,2,2,2,3,2,2,2,3,2,2,3,2,1,-0.014309152801514
2,2,2,2,2,2,2,2,2,2,2,2,2,1,2,2,3,2,2,3,2,1,-0.00646297966332396
2,2,2,2,2,2,2,2,2,2,2,2,2,3,2,2,3,2,2,3,2,1,0.00345473385680177
2,2,2,2,2,2,2,2,2,2,2,2,2,2,1,2,3,2,2,3,2,1,0.00951743541547739
2,2,2,2,2,2,2,2,2,2,2,2,2,2,3,2,3,2,2,3,2,1,0.0177747477481525
2,2,2,2,2,2,2,2,2,2,2,2,2,2,2,1,3,2,2,3,2,1,0.0000149353068512935
2,2,2,2,2,2,2,2,2,2,2,2,2,2,2,3,3,2,2,3,2,1,-0.00451327650019211
2,2,2,2,2,2,2,2,2,2,2,2,2,2,2,2,3,1,2,3,2,1,0.0164714055925318
2,2,2,2,2,2,2,2,2,2,2,2,2,2,2,2,3,3,2,3,2,1,0.00292531862235491
2,2,2,2,2,2,2,2,2,2,2,2,2,2,2,2,3,2,1,3,2,1,-0.0140931112814647
2,2,2,2,2,2,2,2,2,2,2,2,2,2,2,2,3,2,3,3,2,1,-0.000407846812069994
2,2,2,2,2,2,2,2,2,2,2,2,2,2,2,2,3,2,2,4,2,1,-0.0113123745522525
2,2,2,2,2,2,2,2,2,2,2,2,2,2,2,2,3,2,2,3,1,1,-0.00681938932935571
2,2,2,2,2,2,2,2,2,2,2,2,2,2,2,2,3,2,2,3,3,1,0.000059102981349533
0.250533032111573,0.250533032111573,0.250533032111573,0.250533032111573,0.250533032111573,0.250533032111573,0.250533032111573,0.250533032111573,0.250533032111573,0.250533032111573,0.250533032111573,0.250533032111573,0.250533032111573,0.250533032111573,0.250533032111573,0.250533032111573,0.250533032111573,0.250533032111573,0.250533032111573,0.250533032111573,0.250533032111573,0.250533032111573,0.250533032111573
