102697
105437
108206
111034
114072
117163
120380
123676
126870
130302
133753
137289
140998
144718
148668
152616
156595
160775
165143
169436
174033
178836
183631
188595
193607
198891
204217
209761
215406
221300
227446
233529
239708
246237
252920
259691
266637
273926
281262
288771
296642
304732
313081
321492
330214
339152
348457
357888
367517
377408
387580
398185
408904
420021
431530
443261
455216
467778
480481
493461
506928
520815
535067
549706
564706
580073
595961
612186
628910
646022
663736
681783
700316
719505
739279
759505
780225
801805
823934
846321
869465
893305
917732
942750
968747
995165
1022683
1050847
1079749
1109350
1139553
1170884
1203147
1236046
1270334
1305115
1341135
1378325
1416386
1455757
1495861
1537556
1579931
1623129
1667743
1713910
1761457
1809981
1860610
1912279
1965364
2020351
20916
21494
22102
22668
23333
23979
24669
25355
26031
26718
27420
28216
28996
29766
30622
31440
32344
33219
34178
35178
36153
37200
38226
39274
40383
41439
42589
43763
44979
46252
47544
48844
50200
51616
53111
54591
56166
57739
59382
61066
62829
64531
66392
68243
70115
72061
74139
76211
78260
80421
82728
85185
87598
90047
92601
95223
97976
100877
103755
106596
109696
112778
115965
119315
122582
126089
129681
133490
137249
141167
145234
149334
153623
157957
162514
167045
171799
176645
181662
186865
192124
197587
203121
209000
215024
221128
227513
233959
240732
247447
254530
261951
269312
277076
285046
293258
301625
310352
319266
328446
337954
347618
357580
367772
378350
389285
400602
412191
423921
436064
448653
461526
474966
488863
502888
517202
532096
547521
563240
579495
596237
613357
630969
649285
667975
687296
707178
727464
748699
770230
792473
815454
839273
863627
888664
914088
940510
967743
996188
1025193
1054919
1085494
1117068
1149205
1182759
1217076
1252396
1289059
1326488
1365123
1405097
1445727
1487610
1531181
1575961
1622055
1669175
1717741
1767925
1820075
1873066
1927566
1984211
2041942
20844
21434
22114
22780
23451
24126
24829
25557
26294
27068
27843
28661
29472
30359
31238
32178
33103
34042
35045
36031
37061
38176
39311
40467
41646
42856
44091
45329
46654
48070
49457
50935
52430
53983
55578
57182
58798
60485
62330
64289
66232
68181
70171
72286
74344
76519
78801
81171
83550
85938
88606
91216
93974
96779
99733
102669
105684
108834
112121
115381
118789
122334
125969
129715
133529
137411
141546
145780
150164
154571
159358
164074
168960
173955
179186
184459
189893
195496
201417
207375
213531
219921
226596
233327
240326
247516
254820
262358
270204
278108
286339
294920
303674
312709
321937
331538
341440
351497
361824
372680
383841
395274
407116
419362
431980
444871
458066
471761
486042
500444
515422
531052
546903
563213
580181
597457
615232
633541
652741
671944
692100
712714
733946
755910
778550
801678
825654
850589
876409
902510
929474
957192
986136
1015694
1046194
1077829
1109954
1143115
1177452
1212673
1249214
1286514
1325395
1365230
1406475
1449135
1492846
1537942
1584712
1632794
1681911
1732865
1785360
1838966
1894460
1951609
2010561
21075
21729
22422
23073
23724
24432
25188
25925
26746
27594
28496
29376
30245
31150
32085
33088
34111
35163
36208
37317
38468
39658
40825
42035
43382
44693
45979
47375
48738
50235
51770
53297
54887
56566
58275
60032
61883
63797
65755
67725
69798
71930
74175
76332
78644
81088
83482
86084
88662
91305
94091
96933
99956
103026
106178
109430
112841
116331
119889
123519
127412
131301
135315
139614
143885
148288
152972
157658
162545
167418
172584
177836
183299
188887
194652
200635
206574
212854
219346
226073
232929
240027
247141
254648
262475
270631
278936
287419
296129
305408
314804
324410
334442
344653
355267
366175
377384
388930
400840
412886
425716
438708
452106
466021
480613
495310
510602
526287
542365
559048
576160
594146
612296
631187
650788
670572
691259
712565
734259
756805
780052
803898
828583
854229
880511
907665
935417
964236
994300
1025227
1057304
1090234
1124045
1158539
1194319
1231231
1269124
1308303
1348572
1390235
1433174
1477680
1523216
1570691
1618924
1669025
1720417
1773830
1828775
1885110
1943201
2003548
20614
21217
21909
22593
23234
23973
24740
25501
26281
27100
27947
28850
29729
30706
31686
32651
33630
34709
35796
36944
38057
39186
40369
41662
42959
44272
45631
47135
48593
50110
51695
53195
54796
56568
58315
60167
62017
63940
65910
67994
70050
72169
74430
76733
79125
81604
84121
86734
89463
92306
95200
98181
101229
104309
107598
110909
114412
117968
121689
125561
129481
133612
137842
142045
146612
151152
155973
160889
165951
171188
176529
182033
187801
193713
199713
205982
212593
219329
226239
233329
240697
248213
255886
263912
272097
280828
289581
298488
307996
317717
327839
338219
348739
359728
371005
382613
394524
406917
419887
432902
446383
460349
475015
489849
505174
521266
537559
554337
571801
589909
608309
627115
646771
667002
687966
709606
731877
754767
778578
802621
827774
853811
880746
908366
937083
966882
997248
1028716
1061150
1094655
1128982
1164548
1201471
1239372
1278351
1318698
1360183
1403129
1446948
1492726
1539123
1587735
1637758
1689255
1742625
1797942
1854831
1912991
1973225
2035626
20775
21449
22150
22815
23541
24277
25062
25826
26646
27461
28289
29161
30124
31058
32034
33046
34031
35080
36224
37394
38537
39733
41047
42381
43715
45141
46582
48060
49542
51087
52705
54392
56134
57888
59703
61645
63621
65641
67705
69869
72039
74306
76610
78993
81419
84031
86612
89413
92198
95140
98107
101255
104433
107809
111183
114683
118433
122246
126214
130179
134321
138596
143062
147596
152241
156992
162023
167191
172655
178122
183739
189643
195710
201937
208309
214891
221700
228508
235696
243328
250947
259052
267244
275814
284699
293798
303052
312672
322554
332888
343478
354340
365586
377145
389272
401542
414453
427590
441289
455440
470044
484913
500311
516284
532605
549645
566991
585057
603393
622634
642609
663226
684580
706353
729014
752429
776541
801067
826638
853024
880142
907950
936820
966661
997569
1029481
1062159
1095994
1130829
1166690
1204172
1242449
1282373
1323284
1365783
1409494
1454688
1501042
1548988
1598365
1649375
1702030
1756336
1812654
1869848
1929423
1990943
2054073
21029
21696
22379
23091
23786
24560
25347
26145
26977
27884
28778
29710
30664
31670
32661
33737
34779
35911
37067
38302
39516
40761
42083
43494
44876
46370
47775
49298
50877
52553
54175
55903
57718
59632
61503
63515
65598
67708
69817
72062
74423
76760
79228
81743
84342
87130
89839
92745
95749
98738
101898
105108
108508
111998
115555
119189
122953
126866
130853
135075
139329
143761
148285
152982
157890
162968
168151
173557
179008
184845
190753
196872
203174
209602
216254
223220
230463
237795
245582
253500
261538
269997
278721
287656
296855
306345
316264
326399
336870
347679
358809
370286
382257
394418
406873
419900
433456
447321
461759
476696
492033
508009
524248
540957
558308
576188
594613
613670
633458
653803
674874
696453
718619
741600
765285
789706
815381
841524
868710
896255
925334
955143
985826
1017424
1050337
1083994
1119001
1155430
1192384
1230550
1270033
1310818
1352907
1396579
1441274
1487126
1534993
1584398
1635519
1687698
1741982
1797929
1856169
1915894
1977478
2041223
21007
21672
22381
23103
23823
24579
25359
26150
27003
27867
28765
29626
30629
31657
32720
33826
35011
36093
37169
38361
39639
40922
42246
43600
44963
46441
47939
49518
51125
52735
54460
56161
57969
59869
61859
63806
65915
68081
70220
72402
74727
77165
79693
82263
84996
87752
90407
93350
96310
99444
102625
105874
109347
112941
116601
120528
124505
128567
132785
137078
141490
146103
150788
155672
160676
165901
171346
176772
182430
188456
194509
200823
207260
214017
220831
227971
235368
242903
250866
259019
267312
276002
284823
294025
303654
313400
323477
333946
344864
356015
367571
379397
391687
404472
417482
430949
445006
459366
474217
489511
505349
521884
538806
556125
573988
592608
611894
631608
651772
672784
694501
716943
739950
763965
788796
814616
840982
868016
896024
924752
954702
985626
1017337
1050283
1084355
1119660
1155829
1193032
1232233
1272130
1313361
1355573
1399419
1444523
1491495
1539733
1589449
1641079
1694328
1748934
1805837
1864086
1924384
1986980
2050941
21144
21829
22565
23342
24088
24858
25678
26541
27374
28300
29231
30179
31177
32185
33255
34337
35427
36466
37648
38924
40143
41435
42802
44248
45670
47224
48686
50254
51868
53578
55288
57080
58954
60848
62882
64920
66982
69142
71436
73714
76037
78507
80976
83576
86266
89037
91843
94753
97788
100964
104158
107534
110975
114491
118135
121990
125850
129901
134222
138666
143013
147755
152569
157553
162685
167793
173264
178700
184527
190461
196646
203117
209718
216318
223433
230706
238229
245956
253866
262111
270582
279444
288570
298028
307734
318000
328220
338908
349936
361135
372818
385045
397370
410197
423489
437283
451530
466049
481081
496717
512899
529651
546817
564432
582992
601838
621483
641936
662836
684407
706707
729799
753655
778008
803277
829356
856187
883785
912919
942385
972792
1004700
1037182
1071118
1105963
1142286
1179609
1218183
1257680
1298570
1340827
1384041
1428933
1475237
1522913
1572388
1623142
1676243
1730663
1787058
1845289
1905149
1967189
2031270
20860
21579
22288
23003
23767
24531
25369
26189
27002
27859
28791
29715
30719
31703
32775
33830
34968
36129
37318
38541
39823
41116
42449
43833
45247
46725
48229
49810
51397
53077
54800
56626
58466
60390
62332
64354
66391
68661
70832
73146
75588
78094
80628
83304
86026
88806
91674
94634
97663
100782
104048
107441
110941
114601
118415
122326
126449
130559
134822
139337
143856
148592
153422
158328
163449
168640
174140
179955
185852
191704
197968
204450
211099
218051
225256
232558
240072
247895
255954
264411
273105
281963
291265
300743
310696
320740
331175
342014
353103
364552
376640
389022
401546
414547
428027
442011
456534
471352
486794
502938
519244
536239
553743
571957
590589
609718
629375
649725
670907
692546
714850
738043
762553
787470
813044
839791
867264
895320
924557
954949
985897
1018156
1051362
1085456
1121096
1157594
1195425
1234292
1274770
1316413
1359508
1403413
1448892
1496382
1545229
1595746
1647926
1701714
1756880
1814214
1873689
1934875
1998340
2062989
21589
22271
23005
23732
24547
25358
26187
27033
27868
28770
29735
30683
31715
32719
33776
34864
36012
37239
38460
39729
40979
42299
43674
45098
46567
48095
49667
51302
52998
54695
56501
58318
60294
62235
64252
66371
68585
70852
73159
75547
78032
80669
83274
85992
88800
91684
94737
97785
100944
104237
107605
111160
114668
118559
122424
126481
130573
134843
139354
143967
148749
153589
158527
163658
169031
174564
180260
186117
192218
198619
205121
211770
218691
225899
233201
240738
248699
256932
265353
273945
283123
292490
302042
311848
322142
332577
343485
354771
366320
378181
390555
403329
416508
430174
444340
458826
473893
489458
505551
522049
539188
556798
575143
594135
613576
633458
654082
675344
697500
720326
744014
768354
793453
819450
846383
874005
902344
932013
962448
993997
1026568
1060293
1095107
1131025
1167740
1206028
1245758
1286593
1328607
1372036
1416935
1463338
1511179
1560563
1611471
1664058
1718640
1774888
1833059
1893122
1955336
2019184
20643
21281
22006
22714
23484
24237
24952
25765
26627
27473
28422
29400
30367
31408
32410
33463
34544
35690
36880
38111
39388
40704
42033
43432
44876
46323
47918
49507
51098
52728
54462
56234
58110
60051
62029
64049
66125
68308
70479
72786
75125
77531
80024
82668
85369
88150
90968
93987
97047
100232
103531
106927
110423
114056
117723
121720
125682
129704
133975
138296
142772
147224
152041
156931
161984
167328
172813
178321
184177
190202
196544
202969
209607
216266
223278
230686
238211
246113
254100
262332
270993
279783
289033
298458
308161
318290
328691
339341
350597
362177
374274
386395
399179
412106
425525
439405
453929
468861
484058
499923
516122
533037
550244
568385
586892
606263
626209
646782
668088
690034
712615
736159
760207
784895
810613
837378
864816
893528
923030
953259
984168
1016343
1049642
1084094
1119814
1156853
1194641
1233811
1274411
1316524
1359469
1403868
1450094
1497780
1547390
1598027
1650183
1704626
1760508
1817917
1877517
1938989
2002630
20751
21456
22115
22896
23690
24481
25322
26177
27035
27945
28890
29819
30824
31836
32853
33930
34997
36148
37354
38621
39888
41187
42511
43857
45336
46846
48431
49975
51628
53301
55036
56759
58644
60609
62552
64618
66639
68732
71017
73317
75810
78226
80815
83520
86319
89145
92114
95063
98219
101479
104795
108127
111648
115367
119160
123052
127156
131378
135692
140141
144695
149452
154334
159508
164677
170091
175679
181284
187304
193407
199652
206097
212909
219865
227056
234591
242307
250208
258500
266873
275600
284510
293927
303339
313320
323608
334158
345045
356387
367958
379854
392296
405295
418660
432338
446540
461057
476101
491730
507940
524719
541887
559657
578220
597352
616839
637118
657973
679623
701784
724664
748547
772857
798351
824406
851197
879211
908515
938508
969521
1001405
1034309
1068077
1103172
1139392
1176794
1214993
1255110
1296594
1339077
1383216
1428700
1475321
1523760
1573775
1625862
1679247
1734337
1791294
1850197
1910960
1973680
2038403
20970
21651
22384
23151
23912
24682
25454
26323
27181
28017
28918
29901
30868
31890
32947
34062
35163
36282
37427
38684
39985
41317
42649
44038
45473
47016
48514
50155
51812
53582
55349
57132
59047
60999
62986
65123
67298
69457
71760
74077
76524
79016
81614
84291
87013
89769
92716
95830
98917
102235
105651
109117
112652
116298
120092
124107
128114
132393
136718
141187
145652
150430
155392
160406
165686
171145
176701
182609
188654
194812
201125
207807
214496
221606
228908
236433
244108
252096
260297
268786
277641
286779
296206
306084
316114
326506
337104
348041
359473
371385
383621
396293
409378
422939
436669
450961
465783
481037
496877
513272
530168
547860
565622
584230
603389
623233
643782
665000
686645
709112
732068
756055
780875
806730
833007
860528
889083
918471
948696
980041
1012108
1045110
1079530
1114972
1151694
1189771
1228770
1269186
1310650
1353464
1398181
1443758
1491407
1540855
1591583
1643690
1697835
1753170
1810953
1870445
1932152
1995533
2061305
21143
21843
22554
23291
24064
24815
25588
26463
27318
28242
29173
30131
31136
32138
33253
34321
35453
36609
37806
38991
40281
41528
42968
44462
45918
47386
48925
50528
52128
53840
55604
57470
59390
61280
63345
65477
67702
69862
72176
74544
77048
79596
82148
84846
87637
90566
93566
96682
99873
103184
106535
109985
113680
117445
121320
125244
129467
133607
138074
142618
147271
152152
157113
162214
167437
172940
178652
184397
190564
196706
203246
209855
216812
223943
231370
238883
246827
254941
263333
272024
280928
290118
299766
309682
319860
330581
341420
352545
364420
376412
388688
401417
414690
428268
442412
456895
472022
487483
503740
520145
537183
554750
573232
591869
611430
631755
652411
673817
696197
719358
743058
767701
792940
819404
845946
873675
902203
931666
962424
993835
1026236
1060546
1095521
1131747
1168846
1207279
1247079
1288239
1330819
1374220
1419505
1466456
1514351
1564264
1615766
1669258
1724740
1781202
1839571
1900455
1963264
2027863
20661
21325
22039
22762
23516
24289
25088
25913
26721
27593
28545
29363
30307
31304
32304
33354
34417
35545
36733
37924
39164
40431
41711
43123
44486
45982
47555
49092
50773
52496
54205
56062
57879
59802
61758
63794
65954
68079
70379
72697
75131
77573
80141
82783
85528
88361
91165
94142
97301
100529
103916
107462
111062
114776
118567
122524
126618
130865
135175
139511
143995
148720
153678
158685
163880
169186
174895
180661
186640
192661
198971
205653
212425
219455
226459
233947
241554
249617
257886
266452
275276
284278
293478
303204
313190
323671
334473
345543
356989
368884
380972
393703
406729
420119
434124
448273
463162
478374
494114
510282
527222
544671
562790
581260
600301
620058
640327
661287
683145
705721
728792
752843
777621
803216
829473
856788
885002
914101
944243
975437
1007569
1040697
1075031
1110177
1146730
1184696
1223861
1263710
1305367
1348319
1392657
1438600
1485893
1534955
1585872
1638100
1691573
1747525
1804785
1863905
1925138
1988269
2053394
21496
22238
22958
23730
24533
25329
26165
27086
27953
28875
29855
30798
31792
32873
33986
35121
36288
37422
38628
39871
41096
42461
43870
45370
46863
48451
50042
51676
53440
55185
57053
58907
60875
62866
64898
67164
69459
71740
74055
76492
79009
81615
84266
87062
89950
92869
95951
99035
102297
105615
109033
112605
116243
119961
124028
128105
132381
136944
141392
146071
150832
155919
161059
166264
171709
177419
183307
189409
195482
201860
208551
215515
222749
230185
237647
245539
253620
262021
270793
279840
289081
298697
308446
318442
328956
339804
351103
362632
374466
386739
399409
412548
426249
440299
454605
469453
485058
500968
517526
534477
552104
570354
589110
608355
628419
649011
670076
692219
715129
738547
762686
787451
813310
839770
867132
895648
925182
955505
986798
1019204
1052848
1087760
1123460
1160402
1198621
1238203
1279313
1321296
1364949
1409692
1456216
1504220
1553521
1604142
1657253
1711890
1768385
1826586
1886736
1948677
2012931
21094
21827
22520
23236
23997
24824
25640
26502
27376
28282
29234
30203
31140
32108
33184
34213
35341
36442
37668
38926
40156
41438
42778
44147
45570
47076
48660
50274
51927
53680
55434
57217
59077
61020
63046
65069
67182
69374
71698
73982
76405
78813
81428
84042
86828
89663
92573
95631
98780
102151
105541
108915
112586
116223
120189
124074
128168
132394
136766
141240
145810
150536
155493
160666
165946
171482
177169
182956
188928
195227
201722
208291
215070
222296
229539
237140
244999
253033
261399
269847
278720
287855
297198
307011
317154
327533
338156
349530
361075
373156
385284
398009
411073
424762
438735
453261
468133
483443
499462
515795
533041
550357
568488
587024
606378
626503
646956
668249
690002
712627
736048
760114
785165
810858
837577
865128
893602
923165
953781
985024
1017285
1050740
1085451
1121400
1158159
1196234
1235659
1276413
1318645
1362231
1407193
1453785
1501344
1550581
1601903
1654209
1708803
1765333
1823410
1883384
1945768
2009596
20990
21668
22350
23060
23777
24562
25396
26279
27140
28050
29008
29943
30985
31995
33097
34152
35265
36417
37658
38960
40250
41629
43039
44469
45924
47406
48975
50613
52248
53881
55634
57453
59359
61306
63317
65371
67563
69834
72141
74510
76936
79384
82023
84692
87512
90423
93362
96398
99527
102761
106161
109685
113313
116979
120865
124839
129028
133323
137717
142221
147005
151779
156733
162000
167420
172776
178434
184417
190421
196715
203266
209861
216682
223918
231424
239082
246908
255195
263571
272325
281416
290691
300131
310070
320333
330734
341540
352856
364398
376340
388704
401428
414573
428202
442165
456482
471420
486702
502952
519566
536498
554274
572377
590937
610503
630342
651102
672672
694928
717860
741570
765945
790989
817134
843859
871458
900286
930303
960736
992267
1025067
1058901
1093800
1129774
1166992
1205155
1245032
1286171
1328879
1372922
1418032
1464746
1512840
1562603
1613568
1667042
1722524
1779464
1837563
1898143
1960635
2025349
21156
21832
22527
23247
24042
24828
25629
26454
27299
28225
29168
30106
31111
32168
33292
34369
35492
36723
37958
39229
40527
41886
43286
44726
46136
47670
49233
50885
52525
54287
56081
57942
59803
61816
63853
65960
68152
70311
72641
75036
77516
79981
82652
85398
88190
91169
94181
97212
100427
103773
107110
110610
114211
117912
121883
125894
130061
134338
138702
143182
147867
152847
157890
163026
168416
173943
179600
185349
191551
197846
204238
210908
217925
225169
232600
240236
248152
256341
264781
273533
282312
291720
301309
311244
321634
332376
343309
354526
366283
378272
390797
403736
417193
430895
444971
459523
474566
490207
506355
523066
540164
557879
576243
595208
614728
635064
656011
677665
699910
723100
746861
771587
796876
823000
850053
878187
906823
936417
967197
999254
1032388
1066802
1101936
1138401
1175836
1214737
1255029
1296288
1339128
1382922
1428614
1475636
1523957
1574328
1626400
1680050
1735757
1793278
1852483
1913243
1976294
2041599
21114
21811
22534
23288
24047
24827
25635
26454
27281
28177
29104
30032
31039
32066
33072
34148
35246
36425
37618
38814
40070
41343
42749
44160
45696
47182
48682
50264
51864
53613
55411
57272
59074
60976
63046
65116
67302
69454
71713
74008
76485
79066
81683
84461
87287
90316
93351
96386
99518
102884
106309
109877
113444
117144
121086
125164
129265
133506
137898
142437
147143
151856
156903
162108
167447
173126
178814
184784
190814
197036
203577
210298
217239
224451
231762
239472
247340
255461
264056
272830
281980
290951
300546
310504
320882
331326
342268
353810
365537
377611
389920
402965
415950
429590
444060
458589
473900
489523
505646
522287
539326
557137
575857
594682
614394
634530
655349
677006
699396
722336
745986
770869
796453
822564
849880
