2,2,2,1,2,2,3,2,2,1,2,1,2,1,1,2,1,2,2,2,2,1,-0.00384887449217303
2,2,2,1,2,2,2,2,2,1,2,1,2,1,1,2,1,2,2,2,2,1,-0.0434158451948087
1,2,2,1,2,2,3,2,2,1,2,1,2,1,1,2,1,2,2,2,2,1,-0.0788881125155803
2,2,2,1,2,2,3,2,2,1,2,1,2,1,1,2,1,2,1,2,2,1,-0.0298542713057825
1,2,2,1,2,2,2,2,2,1,2,1,2,1,1,2,1,2,2,2,2,1,-0.0521154840254195
2,2,2,1,2,2,2,2,2,1,2,1,2,1,1,2,1,2,1,2,2,1,-0.0538092278767471
2,2,2,1,2,2,3,2,2,1,2,1,2,1,1,2,2,2,2,2,2,1,-0.00415571039966417
2,2,2,1,2,2,2,2,2,1,2,1,2,1,1,2,2,2,2,2,2,1,-0.0686790578537278
2,2,2,1,2,2,3,2,2,1,2,1,2,1,1,2,1,2,2,2,2,2,0.0405636548614993
2,2,1,1,2,2,3,2,2,1,2,1,2,1,1,2,1,2,2,2,2,1,0.0133901711336232
2,2,2,1,2,2,3,1,2,1,2,1,2,1,1,2,1,2,2,2,2,1,-0.00153222255463595
2,2,2,1,2,2,2,1,2,1,2,1,2,1,1,2,2,2,2,2,2,1,0.0316513114000051
3,2,2,1,2,2,3,2,2,1,2,1,2,1,1,2,1,2,2,2,2,1,0.0404469304382343
2,1,2,1,2,2,3,2,2,1,2,1,2,1,1,2,1,2,2,2,2,1,-0.0249863143445769
2,3,2,1,2,2,3,2,2,1,2,1,2,1,1,2,1,2,2,2,2,1,-0.0249113657734301
2,2,3,1,2,2,3,2,2,1,2,1,2,1,1,2,1,2,2,2,2,1,0.0381725796060873
2,2,2,0,2,2,3,2,2,1,2,1,2,1,1,2,1,2,2,2,2,1,-0.018229109838831
2,2,2,2,2,2,3,2,2,1,2,1,2,1,1,2,1,2,2,2,2,1,-0.0272614906393345
2,2,2,1,1,2,3,2,2,1,2,1,2,1,1,2,1,2,2,2,2,1,0.0155871145537846
2,2,2,1,3,2,3,2,2,1,2,1,2,1,1,2,1,2,2,2,2,1,-0.0159954513752087
2,2,2,1,2,1,3,2,2,1,2,1,2,1,1,2,1,2,2,2,2,1,-0.0246526450119835
2,2,2,1,2,3,3,2,2,1,2,1,2,1,1,2,1,2,2,2,2,1,-0.0192090721163267
2,2,2,1,2,2,4,2,2,1,2,1,2,1,1,2,1,2,2,2,2,1,-0.00675522063786575
2,2,2,1,2,2,3,3,2,1,2,1,2,1,1,2,1,2,2,2,2,1,0.0173126969765387
2,2,2,1,2,2,3,2,1,1,2,1,2,1,1,2,1,2,2,2,2,1,-0.00559117589595146
2,2,2,1,2,2,3,2,3,1,2,1,2,1,1,2,1,2,2,2,2,1,-0.0233422686012409
2,2,2,1,2,2,3,2,2,0,2,1,2,1,1,2,1,2,2,2,2,1,0.0103946101866774
2,2,2,1,2,2,3,2,2,2,2,1,2,1,1,2,1,2,2,2,2,1,-0.0162902856623746
2,2,2,1,2,2,3,2,2,1,1,1,2,1,1,2,1,2,2,2,2,1,0.0113173928107556
2,2,2,1,2,2,3,2,2,1,3,1,2,1,1,2,1,2,2,2,2,1,-0.0192592345760087
2,2,2,1,2,2,3,2,2,1,2,0,2,1,1,2,1,2,2,2,2,1,-0.0164852617201713
2,2,2,1,2,2,3,2,2,1,2,2,2,1,1,2,1,2,2,2,2,1,0.00951247662596615
2,2,2,1,2,2,3,2,2,1,2,1,1,1,1,2,1,2,2,2,2,1,0.0206609344770077
2,2,2,1,2,2,3,2,2,1,2,1,3,1,1,2,1,2,2,2,2,1,-0.0163541330555729
2,2,2,1,2,2,3,2,2,1,2,1,2,0,1,2,1,2,2,2,2,1,0.0131401074039877
2,2,2,1,2,2,3,2,2,1,2,1,2,2,1,2,1,2,2,2,2,1,0.0460956547579528
2,2,2,1,2,2,3,2,2,1,2,1,2,1,0,2,1,2,2,2,2,1,-0.0175546929729052
2,2,2,1,2,2,3,2,2,1,2,1,2,1,2,2,1,2,2,2,2,1,-0.017554692972905
2,2,2,1,2,2,3,2,2,1,2,1,2,1,1,1,1,2,2,2,2,1,-0.0423065346701154
2,2,2,1,2,2,3,2,2,1,2,1,2,1,1,3,1,2,2,2,2,1,-0.0202922521260898
2,2,2,1,2,2,3,2,2,1,2,1,2,1,1,2,0,2,2,2,2,1,-0.0182471176348153
2,2,2,1,2,2,3,2,2,1,2,1,2,1,1,2,1,1,2,2,2,1,8.26911553949236e-05
2,2,2,1,2,2,3,2,2,1,2,1,2,1,1,2,1,3,2,2,2,1,-0.000450555022354484
2,2,2,1,2,2,3,2,2,1,2,1,2,1,1,2,1,2,3,2,2,1,-0.0138338236843736
2,2,2,1,2,2,3,2,2,1,2,1,2,1,1,2,1,2,2,1,2,1,0.0094217046624135
2,2,2,1,2,2,3,2,2,1,2,1,2,1,1,2,1,2,2,3,2,1,0.0628614405583403
2,2,2,1,2,2,3,2,2,1,2,1,2,1,1,2,1,2,2,2,1,1,-0.0326760848787374
2,2,2,1,2,2,3,2,2,1,2,1,2,1,1,2,1,2,2,2,3,1,-0.0285209968669094
2,2,2,1,2,2,3,2,2,1,2,1,2,1,1,2,1,2,2,2,2,0,-0.037287879746953
3,2,2,1,2,2,2,2,2,1,2,1,2,1,1,2,1,2,2,2,2,1,0.0555395542476549
2,1,2,1,2,2,2,2,2,1,2,1,2,1,1,2,1,2,2,2,2,1,0.0186267895845967
2,3,2,1,2,2,2,2,2,1,2,1,2,1,1,2,1,2,2,2,2,1,0.0160018612078225
2,2,1,1,2,2,2,2,2,1,2,1,2,1,1,2,1,2,2,2,2,1,0.0130577804166972
2,2,3,1,2,2,2,2,2,1,2,1,2,1,1,2,1,2,2,2,2,1,0.00103759713368293
2,2,2,0,2,2,2,2,2,1,2,1,2,1,1,2,1,2,2,2,2,1,-0.00378490158762899
2,2,2,2,2,2,2,2,2,1,2,1,2,1,1,2,1,2,2,2,2,1,-0.031446978973118
2,2,2,1,1,2,2,2,2,1,2,1,2,1,1,2,1,2,2,2,2,1,0.0591983840110912
2,2,2,1,3,2,2,2,2,1,2,1,2,1,1,2,1,2,2,2,2,1,0.00158173551466744
2,2,2,1,2,1,2,2,2,1,2,1,2,1,1,2,1,2,2,2,2,1,-0.0319787342513204
2,2,2,1,2,3,2,2,2,1,2,1,2,1,1,2,1,2,2,2,2,1,-0.00383218981239225
2,2,2,1,2,2,1,2,2,1,2,1,2,1,1,2,1,2,2,2,2,1,-0.0121251445040101
2,2,2,1,2,2,2,1,2,1,2,1,2,1,1,2,1,2,2,2,2,1,-0.014121623868772
2,2,2,1,2,2,2,3,2,1,2,1,2,1,1,2,1,2,2,2,2,1,-0.0237115303540915
2,2,2,1,2,2,2,2,1,1,2,1,2,1,1,2,1,2,2,2,2,1,0.0961763548850262
2,2,2,1,2,2,2,2,3,1,2,1,2,1,1,2,1,2,2,2,2,1,0.0126099344213548
2,2,2,1,2,2,2,2,2,0,2,1,2,1,1,2,1,2,2,2,2,1,-0.00548530653649259
2,2,2,1,2,2,2,2,2,2,2,1,2,1,1,2,1,2,2,2,2,1,-0.00184736706423504
2,2,2,1,2,2,2,2,2,1,1,1,2,1,1,2,1,2,2,2,2,1,-0.033911054039801
2,2,2,1,2,2,2,2,2,1,3,1,2,1,1,2,1,2,2,2,2,1,-0.00421765287950111
2,2,2,1,2,2,2,2,2,1,2,0,2,1,1,2,1,2,2,2,2,1,-0.00111820134904786
2,2,2,1,2,2,2,2,2,1,2,2,2,1,1,2,1,2,2,2,2,1,-0.0151001879196788
2,2,2,1,2,2,2,2,2,1,2,1,1,1,1,2,1,2,2,2,2,1,-0.0173505284198707
2,2,2,1,2,2,2,2,2,1,2,1,3,1,1,2,1,2,2,2,2,1,-0.00656062352004328
2,2,2,1,2,2,2,2,2,1,2,1,2,0,1,2,1,2,2,2,2,1,-0.00469273676699142
2,2,2,1,2,2,2,2,2,1,2,1,2,2,1,2,1,2,2,2,2,1,-0.0130773777042225
2,2,2,1,2,2,2,2,2,1,2,1,2,1,0,2,1,2,2,2,2,1,-0.00206707574296998
2,2,2,1,2,2,2,2,2,1,2,1,2,1,2,2,1,2,2,2,2,1,-0.00206707574297027
2,2,2,1,2,2,2,2,2,1,2,1,2,1,1,1,1,2,2,2,2,1,-0.00332774967670097
2,2,2,1,2,2,2,2,2,1,2,1,2,1,1,3,1,2,2,2,2,1,0.0143380066461242
2,2,2,1,2,2,2,2,2,1,2,1,2,1,1,2,0,2,2,2,2,1,0.00990189209513491
2,2,2,1,2,2,2,2,2,1,2,1,2,1,1,2,1,1,2,2,2,1,0.00214246687309607
2,2,2,1,2,2,2,2,2,1,2,1,2,1,1,2,1,3,2,2,2,1,0.0318692623288982
2,2,2,1,2,2,2,2,2,1,2,1,2,1,1,2,1,2,3,2,2,1,-0.00279530480220333
2,2,2,1,2,2,2,2,2,1,2,1,2,1,1,2,1,2,2,1,2,1,0.0228203482306127
2,2,2,1,2,2,2,2,2,1,2,1,2,1,1,2,1,2,2,3,2,1,0.00790654262971668
2,2,2,1,2,2,2,2,2,1,2,1,2,1,1,2,1,2,2,2,1,1,0.0868396085418014
2,2,2,1,2,2,2,2,2,1,2,1,2,1,1,2,1,2,2,2,3,1,0.0118386097707887
2,2,2,1,2,2,2,2,2,1,2,1,2,1,1,2,1,2,2,2,2,0,-0.00281010004402461
2,2,2,1,2,2,2,2,2,1,2,1,2,1,1,2,1,2,2,2,2,2,0.0436776498650688
0,2,2,1,2,2,3,2,2,1,2,1,2,1,1,2,1,2,2,2,2,1,-0.0347378786320806
1,1,2,1,2,2,3,2,2,1,2,1,2,1,1,2,1,2,2,2,2,1,0.0101638560278943
1,3,2,1,2,2,3,2,2,1,2,1,2,1,1,2,1,2,2,2,2,1,0.00923935539837923
1,2,1,1,2,2,3,2,2,1,2,1,2,1,1,2,1,2,2,2,2,1,0.0854619903942627
1,2,3,1,2,2,3,2,2,1,2,1,2,1,1,2,1,2,2,2,2,1,0.0519780257377873
1,2,2,0,2,2,3,2,2,1,2,1,2,1,1,2,1,2,2,2,2,1,0.0164155667453924
1,2,2,2,2,2,3,2,2,1,2,1,2,1,1,2,1,2,2,2,2,1,-0.0028269282057186
1,2,2,1,1,2,3,2,2,1,2,1,2,1,1,2,1,2,2,2,2,1,-0.0185932362856978
1,2,2,1,3,2,3,2,2,1,2,1,2,1,1,2,1,2,2,2,2,1,0.013550079007387
1,2,2,1,2,1,3,2,2,1,2,1,2,1,1,2,1,2,2,2,2,1,0.00910467060714831
1,2,2,1,2,3,3,2,2,1,2,1,2,1,1,2,1,2,2,2,2,1,0.0108501658936682
1,2,2,1,2,2,4,2,2,1,2,1,2,1,1,2,1,2,2,2,2,1,0.00666643907852015
1,2,2,1,2,2,3,1,2,1,2,1,2,1,1,2,1,2,2,2,2,1,-0.00100418968461487
1,2,2,1,2,2,3,3,2,1,2,1,2,1,1,2,1,2,2,2,2,1,0.0854047308952402
1,2,2,1,2,2,3,2,1,1,2,1,2,1,1,2,1,2,2,2,2,1,0.087890773430394
1,2,2,1,2,2,3,2,3,1,2,1,2,1,1,2,1,2,2,2,2,1,0.0157057706364642
1,2,2,1,2,2,3,2,2,0,2,1,2,1,1,2,1,2,2,2,2,1,0.0113737679398074
1,2,2,1,2,2,3,2,2,2,2,1,2,1,1,2,1,2,2,2,2,1,0.0150961542607798
1,2,2,1,2,2,3,2,2,1,1,1,2,1,1,2,1,2,2,2,2,1,-0.00235491161937389
1,2,2,1,2,2,3,2,2,1,3,1,2,1,1,2,1,2,2,2,2,1,0.010698137733987
1,2,2,1,2,2,3,2,2,1,2,0,2,1,1,2,1,2,2,2,2,1,0.0149463895576958
1,2,2,1,2,2,3,2,2,1,2,2,2,1,1,2,1,2,2,2,2,1,0.0110713497695557
1,2,2,1,2,2,3,2,2,1,2,1,1,1,1,2,1,2,2,2,2,1,0.0711873057547849
1,2,2,1,2,2,3,2,2,1,2,1,3,1,1,2,1,2,2,2,2,1,0.0199657273032192
1,2,2,1,2,2,3,2,2,1,2,1,2,0,1,2,1,2,2,2,2,1,0.012269259582094
1,2,2,1,2,2,3,2,2,1,2,1,2,2,1,2,1,2,2,2,2,1,0.00317643023893765
1,2,2,1,2,2,3,2,2,1,2,1,2,1,0,2,1,2,2,2,2,1,0.014896788392406
1,2,2,1,2,2,3,2,2,1,2,1,2,1,2,2,1,2,2,2,2,1,0.0148967883924062
1,2,2,1,2,2,3,2,2,1,2,1,2,1,1,1,1,2,2,2,2,1,0.083855246484283
1,2,2,1,2,2,3,2,2,1,2,1,2,1,1,3,1,2,2,2,2,1,0.0196887802660326
1,2,2,1,2,2,3,2,2,1,2,1,2,1,1,2,0,2,2,2,2,1,0.0160124817251291
1,2,2,1,2,2,3,2,2,1,2,1,2,1,1,2,2,2,2,2,2,1,0.0635364324836929
1,2,2,1,2,2,3,2,2,1,2,1,2,1,1,2,1,1,2,2,2,1,0.0405548306257506
1,2,2,1,2,2,3,2,2,1,2,1,2,1,1,2,1,3,2,2,2,1,0.00917499123115696
1,2,2,1,2,2,3,2,2,1,2,1,2,1,1,2,1,2,1,2,2,1,0.0462405535343541
1,2,2,1,2,2,3,2,2,1,2,1,2,1,1,2,1,2,3,2,2,1,0.0177278384163758
1,2,2,1,2,2,3,2,2,1,2,1,2,1,1,2,1,2,2,1,2,1,-0.00579824209059024
1,2,2,1,2,2,3,2,2,1,2,1,2,1,1,2,1,2,2,3,2,1,-6.33991069561564e-05
1,2,2,1,2,2,3,2,2,1,2,1,2,1,1,2,1,2,2,2,1,1,0.000932854190556384
1,2,2,1,2,2,3,2,2,1,2,1,2,1,1,2,1,2,2,2,3,1,0.0622767306728156
1,2,2,1,2,2,3,2,2,1,2,1,2,1,1,2,1,2,2,2,2,0,0.00280729129264369
1,2,2,1,2,2,3,2,2,1,2,1,2,1,1,2,1,2,2,2,2,2,-0.0372476373209133
3,2,2,1,2,2,3,2,2,1,2,1,2,1,1,2,1,2,1,2,2,1,0.0866784141800219
2,1,2,1,2,2,3,2,2,1,2,1,2,1,1,2,1,2,1,2,2,1,-0.00941592580102
2,3,2,1,2,2,3,2,2,1,2,1,2,1,1,2,1,2,1,2,2,1,-0.00568005463867064
2,2,1,1,2,2,3,2,2,1,2,1,2,1,1,2,1,2,1,2,2,1,-0.00697399465554759
2,2,3,1,2,2,3,2,2,1,2,1,2,1,1,2,1,2,1,2,2,1,0.00741679201949422
2,2,2,0,2,2,3,2,2,1,2,1,2,1,1,2,1,2,1,2,2,1,8.44193024394565e-05
2,2,2,2,2,2,3,2,2,1,2,1,2,1,1,2,1,2,1,2,2,1,0.00372478568816951
2,2,2,1,1,2,3,2,2,1,2,1,2,1,1,2,1,2,1,2,2,1,-0.0137937591974561
2,2,2,1,3,2,3,2,2,1,2,1,2,1,1,2,1,2,1,2,2,1,-0.00452554256056487
2,2,2,1,2,1,3,2,2,1,2,1,2,1,1,2,1,2,1,2,2,1,0.00499599094853198
2,2,2,1,2,3,3,2,2,1,2,1,2,1,1,2,1,2,1,2,2,1,-0.000725271385896732
2,2,2,1,2,2,4,2,2,1,2,1,2,1,1,2,1,2,1,2,2,1,0.00656359042192735
2,2,2,1,2,2,3,1,2,1,2,1,2,1,1,2,1,2,1,2,2,1,-0.000342712358413128
2,2,2,1,2,2,3,3,2,1,2,1,2,1,1,2,1,2,1,2,2,1,0.0123941277527588
2,2,2,1,2,2,3,2,1,1,2,1,2,1,1,2,1,2,1,2,2,1,0.0649756107571024
2,2,2,1,2,2,3,2,3,1,2,1,2,1,1,2,1,2,1,2,2,1,0.025904290827958
2,2,2,1,2,2,3,2,2,0,2,1,2,1,1,2,1,2,1,2,2,1,-0.00731147758608799
2,2,2,1,2,2,3,2,2,2,2,1,2,1,1,2,1,2,1,2,2,1,-0.00358909126511523
2,2,2,1,2,2,3,2,2,1,1,1,2,1,1,2,1,2,1,2,2,1,-0.0158720409405449
2,2,2,1,2,2,3,2,2,1,3,1,2,1,1,2,1,2,1,2,2,1,0.021587506386208
2,2,2,1,2,2,3,2,2,1,2,0,2,1,1,2,1,2,1,2,2,1,-0.0037388559681996
2,2,2,1,2,2,3,2,2,1,2,2,2,1,1,2,1,2,1,2,2,1,-0.00761389575633972
2,2,2,1,2,2,3,2,2,1,2,1,1,1,1,2,1,2,1,2,2,1,-0.0205159570655398
2,2,2,1,2,2,3,2,2,1,2,1,3,1,1,2,1,2,1,2,2,1,-0.00352732151668964
2,2,2,1,2,2,3,2,2,1,2,1,2,0,1,2,1,2,1,2,2,1,-0.0069210905902713
2,2,2,1,2,2,3,2,2,1,2,1,2,2,1,2,1,2,1,2,2,1,-0.0116072780053247
2,2,2,1,2,2,3,2,2,1,2,1,2,1,0,2,1,2,1,2,2,1,-0.00378845713348912
2,2,2,1,2,2,3,2,2,1,2,1,2,1,2,2,1,2,1,2,2,1,-0.00378845713348913
2,2,2,1,2,2,3,2,2,1,2,1,2,1,1,1,1,2,1,2,2,1,0.0425025178794426
2,2,2,1,2,2,3,2,2,1,2,1,2,1,1,3,1,2,1,2,2,1,-0.000195871944700648
2,2,2,1,2,2,3,2,2,1,2,1,2,1,1,2,0,2,1,2,2,1,0.0049231980781755
2,2,2,1,2,2,3,2,2,1,2,1,2,1,1,2,2,2,1,2,2,1,0.109146004874291
2,2,2,1,2,2,3,2,2,1,2,1,2,1,1,2,1,1,1,2,2,1,-0.00755616848078507
2,2,2,1,2,2,3,2,2,1,2,1,2,1,1,2,1,3,1,2,2,1,-0.0292425299565434
2,2,2,1,2,2,3,2,2,1,2,1,2,1,1,2,1,2,0,2,2,1,-0.0219535315666849
2,2,2,1,2,2,3,2,2,1,2,1,2,1,1,2,1,2,1,1,2,1,-0.0325794049859034
2,2,2,1,2,2,3,2,2,1,2,1,2,1,1,2,1,2,1,3,2,1,0.0125431708701803
2,2,2,1,2,2,3,2,2,1,2,1,2,1,1,2,1,2,1,2,1,1,-0.00596993832243465
2,2,2,1,2,2,3,2,2,1,2,1,2,1,1,2,1,2,1,2,3,1,-0.00784529447619253
2,2,2,1,2,2,3,2,2,1,2,1,2,1,1,2,1,2,1,2,2,0,-0.012868079062309
2,2,2,1,2,2,3,2,2,1,2,1,2,1,1,2,1,2,1,2,2,2,-0.0212915269508915
0,2,2,1,2,2,2,2,2,1,2,1,2,1,1,2,1,2,2,2,2,1,-0.0184156134371903
1,1,2,1,2,2,2,2,2,1,2,1,2,1,1,2,1,2,2,2,2,1,-0.0219176072059544
1,3,2,1,2,2,2,2,2,1,2,1,2,1,1,2,1,2,2,2,2,1,-0.012658056229558
1,2,1,1,2,2,2,2,2,1,2,1,2,1,1,2,1,2,2,2,2,1,-0.0265113543742867
1,2,3,1,2,2,2,2,2,1,2,1,2,1,1,2,1,2,2,2,2,1,-0.0234806967271831
1,2,2,0,2,2,2,2,2,1,2,1,2,1,1,2,1,2,2,2,2,1,-0.00441567851206009
1,2,2,2,2,2,2,2,2,1,2,1,2,1,1,2,1,2,2,2,2,1,0.0633522846484228
1,2,2,1,1,2,2,2,2,1,2,1,2,1,1,2,1,2,2,2,2,1,0.0866249412646332
1,2,2,1,3,2,2,2,2,1,2,1,2,1,1,2,1,2,2,2,2,1,-0.000440704993317419
1,2,2,1,2,1,2,2,2,1,2,1,2,1,1,2,1,2,2,2,2,1,-0.019451860480699
1,2,2,1,2,3,2,2,2,1,2,1,2,1,1,2,1,2,2,2,2,1,-0.00985937911125628
1,2,2,1,2,2,1,2,2,1,2,1,2,1,1,2,1,2,2,2,2,1,0.00819428381131206
1,2,2,1,2,2,2,1,2,1,2,1,2,1,1,2,1,2,2,2,2,1,0.025953289045111
1,2,2,1,2,2,2,3,2,1,2,1,2,1,1,2,1,2,2,2,2,1,-0.0347267476061902
1,2,2,1,2,2,2,2,1,1,2,1,2,1,1,2,1,2,2,2,2,1,-0.044493436472398
1,2,2,1,2,2,2,2,3,1,2,1,2,1,1,2,1,2,2,2,2,1,-0.0141100363817447
1,2,2,1,2,2,2,2,2,0,2,1,2,1,1,2,1,2,2,2,2,1,-0.0107512418567628
1,2,2,1,2,2,2,2,2,2,2,1,2,1,1,2,1,2,2,2,2,1,-0.0105150285971396
1,2,2,1,2,2,2,2,2,1,1,1,2,1,1,2,1,2,2,2,2,1,-0.01857871834297
1,2,2,1,2,2,2,2,2,1,3,1,2,1,1,2,1,2,2,2,2,1,-0.010610022247283
1,2,2,1,2,2,2,2,2,1,2,0,2,1,1,2,1,2,2,2,2,1,-0.0101619191524435
1,2,2,1,2,2,2,2,2,1,2,2,2,1,1,2,1,2,2,2,2,1,-0.0138498048339762
1,2,2,1,2,2,2,2,2,1,2,1,1,1,1,2,1,2,2,2,2,1,0.0569464507416501
1,2,2,1,2,2,2,2,2,1,2,1,3,1,1,2,1,2,2,2,2,1,-0.00242489679736651
1,2,2,1,2,2,2,2,2,1,2,1,2,0,1,2,1,2,2,2,2,1,-0.00915273689075491
1,2,2,1,2,2,2,2,2,1,2,1,2,2,1,2,1,2,2,2,2,1,0.0103153758972362
1,2,2,1,2,2,2,2,2,1,2,1,2,1,0,2,1,2,2,2,2,1,-0.0104121910740871
1,2,2,1,2,2,2,2,2,1,2,1,2,1,2,2,1,2,2,2,2,1,-0.0104121910740871
1,2,2,1,2,2,2,2,2,1,2,1,2,1,1,1,1,2,2,2,2,1,0.0376190022838997
1,2,2,1,2,2,2,2,2,1,2,1,2,1,1,3,1,2,2,2,2,1,-0.0057715960309517
1,2,2,1,2,2,2,2,2,1,2,1,2,1,1,2,0,2,2,2,2,1,-0.00746312207435103
1,2,2,1,2,2,2,2,2,1,2,1,2,1,1,2,2,2,2,2,2,1,-0.0405046437573765
1,2,2,1,2,2,2,2,2,1,2,1,2,1,1,2,1,1,2,2,2,1,-0.0226763371166702
1,2,2,1,2,2,2,2,2,1,2,1,2,1,1,2,1,3,2,2,2,1,-0.0249164642458081
1,2,2,1,2,2,2,2,2,1,2,1,2,1,1,2,1,2,1,2,2,1,0.0337893010017761
1,2,2,1,2,2,2,2,2,1,2,1,2,1,1,2,1,2,3,2,2,1,-0.00418288733873759
1,2,2,1,2,2,2,2,2,1,2,1,2,1,1,2,1,2,2,1,2,1,-0.00744457026703988
1,2,2,1,2,2,2,2,2,1,2,1,2,1,1,2,1,2,2,3,2,1,-0.011842621961475
1,2,2,1,2,2,2,2,2,1,2,1,2,1,1,2,1,2,2,2,1,1,0.0438007766934657
1,2,2,1,2,2,2,2,2,1,2,1,2,1,1,2,1,2,2,2,3,1,-0.018243245642022
1,2,2,1,2,2,2,2,2,1,2,1,2,1,1,2,1,2,2,2,2,0,-0.00535092092786324
1,2,2,1,2,2,2,2,2,1,2,1,2,1,1,2,1,2,2,2,2,2,0.0821696440363621
3,2,2,1,2,2,2,2,2,1,2,1,2,1,1,2,1,2,1,2,2,1,-0.00375097805652103
2,1,2,1,2,2,2,2,2,1,2,1,2,1,1,2,1,2,1,2,2,1,0.00159027013737791
2,3,2,1,2,2,2,2,2,1,2,1,2,1,1,2,1,2,1,2,2,1,-0.0114698590221415
2,2,1,1,2,2,2,2,2,1,2,1,2,1,1,2,1,2,1,2,2,1,0.0700263716171083
2,2,3,1,2,2,2,2,2,1,2,1,2,1,1,2,1,2,1,2,2,1,-0.0143463447608412
2,2,2,0,2,2,2,2,2,1,2,1,2,1,1,2,1,2,1,2,2,1,-0.0039191954897712
2,2,2,2,2,2,2,2,2,1,2,1,2,1,1,2,1,2,1,2,2,1,0.0717877576497071
2,2,2,1,1,2,2,2,2,1,2,1,2,1,1,2,1,2,1,2,2,1,-0.0322046106448095
2,2,2,1,3,2,2,2,2,1,2,1,2,1,1,2,1,2,1,2,2,1,-0.00971571750423883
2,2,2,1,2,1,2,2,2,1,2,1,2,1,1,2,1,2,1,2,2,1,0.0630190398362211
2,2,2,1,2,3,2,2,2,1,2,1,2,1,1,2,1,2,1,2,2,1,-0.00342100893348963
2,2,2,1,2,2,1,2,2,1,2,1,2,1,1,2,1,2,1,2,2,1,-0.020739518525854
2,2,2,1,2,2,2,1,2,1,2,1,2,1,1,2,1,2,1,2,2,1,0.0691769049277751
2,2,2,1,2,2,2,3,2,1,2,1,2,1,1,2,1,2,1,2,2,1,-0.0180947667723057
2,2,2,1,2,2,2,2,1,1,2,1,2,1,1,2,1,2,1,2,2,1,-0.0428823264975899
2,2,2,1,2,2,2,2,3,1,2,1,2,1,1,2,1,2,1,2,2,1,-0.0194130968882357
2,2,2,1,2,2,2,2,2,0,2,1,2,1,1,2,1,2,1,2,2,1,-0.0119238619153124
2,2,2,1,2,2,2,2,2,2,2,1,2,1,1,2,1,2,1,2,2,1,-0.0116876486556897
2,2,2,1,2,2,2,2,2,1,1,1,2,1,1,2,1,2,1,2,2,1,-0.0185772839791805
2,2,2,1,2,2,2,2,2,1,3,1,2,1,1,2,1,2,1,2,2,1,-0.015704689350932
2,2,2,1,2,2,2,2,2,1,2,0,2,1,1,2,1,2,1,2,2,1,-0.0113345392109928
2,2,2,1,2,2,2,2,2,1,2,2,2,1,1,2,1,2,1,2,2,1,-0.0150224248925255
2,2,2,1,2,2,2,2,2,1,2,1,1,1,1,2,1,2,1,2,2,1,0.00145450196128822
2,2,2,1,2,2,2,2,2,1,2,1,3,1,1,2,1,2,1,2,2,1,-0.0101117205677748
2,2,2,1,2,2,2,2,2,1,2,1,2,0,1,2,1,2,1,2,2,1,-0.0119998378242307
2,2,2,1,2,2,2,2,2,1,2,1,2,2,1,2,1,2,1,2,2,1,-0.0136362297198498
2,2,2,1,2,2,2,2,2,1,2,1,2,1,0,2,1,2,1,2,2,1,-0.0115848111326371
2,2,2,1,2,2,2,2,2,1,2,1,2,1,2,2,1,2,1,2,2,1,-0.0115848111326369
2,2,2,1,2,2,2,2,2,1,2,1,2,1,1,1,1,2,1,2,2,1,-0.0290897828264092
2,2,2,1,2,2,2,2,2,1,2,1,2,1,1,3,1,2,1,2,2,1,-0.0125484493060934
2,2,2,1,2,2,2,2,2,1,2,1,2,1,1,2,0,2,1,2,2,1,-0.00086192742769231
2,2,2,1,2,2,2,2,2,1,2,1,2,1,1,2,2,2,1,2,2,1,0.00408471532693615
2,2,2,1,2,2,2,2,2,1,2,1,2,1,1,2,1,1,1,2,2,1,-0.00847161788274617
2,2,2,1,2,2,2,2,2,1,2,1,2,1,1,2,1,3,1,2,2,1,0.0926443925922974
2,2,2,1,2,2,2,2,2,1,2,1,2,1,1,2,1,2,0,2,2,1,-0.00709140671473888
2,2,2,1,2,2,2,2,2,1,2,1,2,1,1,2,1,2,1,1,2,1,0.0699984486372031
2,2,2,1,2,2,2,2,2,1,2,1,2,1,1,2,1,2,1,3,2,1,-0.0112445661866726
2,2,2,1,2,2,2,2,2,1,2,1,2,1,1,2,1,2,1,2,1,1,-0.0306530184915929
2,2,2,1,2,2,2,2,2,1,2,1,2,1,1,2,1,2,1,2,3,1,-0.0150823131933389
2,2,2,1,2,2,2,2,2,1,2,1,2,1,1,2,1,2,1,2,2,0,-0.00466247794551618
2,2,2,1,2,2,2,2,2,1,2,1,2,1,1,2,1,2,1,2,2,2,0.0890563000915658
3,2,2,1,2,2,3,2,2,1,2,1,2,1,1,2,2,2,2,2,2,1,0.00421482436768654
2,1,2,1,2,2,3,2,2,1,2,1,2,1,1,2,2,2,2,2,2,1,-0.0179007920167211
2,3,2,1,2,2,3,2,2,1,2,1,2,1,1,2,2,2,2,2,2,1,0.0209950906329786
2,2,1,1,2,2,3,2,2,1,2,1,2,1,1,2,2,2,2,2,2,1,-0.00947474399367399
2,2,3,1,2,2,3,2,2,1,2,1,2,1,1,2,2,2,2,2,2,1,-0.0239787300658164
2,2,2,0,2,2,3,2,2,1,2,1,2,1,1,2,2,2,2,2,2,1,-0.0112500521405263
2,2,2,2,2,2,3,2,2,1,2,1,2,1,1,2,2,2,2,2,2,1,-0.00895442185759126
2,2,2,1,1,2,3,2,2,1,2,1,2,1,1,2,2,2,2,2,2,1,0.0122345662833546
2,2,2,1,3,2,3,2,2,1,2,1,2,1,1,2,2,2,2,2,2,1,-0.00420234934198974
2,2,2,1,2,1,3,2,2,1,2,1,2,1,1,2,2,2,2,2,2,1,-0.020914756267741
2,2,2,1,2,3,3,2,2,1,2,1,2,1,1,2,2,2,2,2,2,1,-0.00463804141127225
2,2,2,1,2,2,4,2,2,1,2,1,2,1,1,2,2,2,2,2,2,1,0.0201165166084755
2,2,2,1,2,2,3,1,2,1,2,1,2,1,1,2,2,2,2,2,2,1,0.028965332314936
2,2,2,1,2,2,3,3,2,1,2,1,2,1,1,2,2,2,2,2,2,1,-0.0304222930121839
2,2,2,1,2,2,3,2,1,1,2,1,2,1,1,2,2,2,2,2,2,1,-0.0206519494299636
2,2,2,1,2,2,3,2,3,1,2,1,2,1,1,2,2,2,2,2,2,1,-0.0137143860673066
2,2,2,1,2,2,3,2,2,0,2,1,2,1,1,2,2,2,2,2,2,1,-0.00994376556932039
2,2,2,1,2,2,3,2,2,2,2,1,2,1,1,2,2,2,2,2,2,1,-0.00620718296191878
2,2,2,1,2,2,3,2,2,1,1,1,2,1,1,2,2,2,2,2,2,1,-0.0364249908767689
2,2,2,1,2,2,3,2,2,1,3,1,2,1,1,2,2,2,2,2,2,1,-0.00446791724582537
2,2,2,1,2,2,3,2,2,1,2,0,2,1,1,2,2,2,2,2,2,1,-0.00513863077544315
2,2,2,1,2,2,3,2,2,1,2,2,2,1,1,2,2,2,2,2,2,1,-0.0206606858683088
2,2,2,1,2,2,3,2,2,1,2,1,1,1,1,2,2,2,2,2,2,1,-0.0213405613965473
2,2,2,1,2,2,3,2,2,1,2,1,3,1,1,2,2,2,2,2,2,1,-0.00926947295782161
2,2,2,1,2,2,3,2,2,1,2,1,2,0,1,2,2,2,2,2,2,1,-0.00954649682124514
2,2,2,1,2,2,3,2,2,1,2,1,2,2,1,2,2,2,2,2,2,1,-0.0142078563968649
2,2,2,1,2,2,3,2,2,1,2,1,2,1,0,2,2,2,2,2,2,1,-0.00641483770276358
2,2,2,1,2,2,3,2,2,1,2,1,2,1,2,2,2,2,2,2,2,1,-0.00641483770276346
2,2,2,1,2,2,3,2,2,1,2,1,2,1,1,1,2,2,2,2,2,1,-0.017299505751958
2,2,2,1,2,2,3,2,2,1,2,1,2,1,1,3,2,2,2,2,2,1,-0.005239903080026
2,2,2,1,2,2,3,2,2,1,2,1,2,1,1,2,3,2,2,2,2,1,-0.0138810767336117
2,2,2,1,2,2,3,2,2,1,2,1,2,1,1,2,2,1,2,2,2,1,-0.0249345526372227
2,2,2,1,2,2,3,2,2,1,2,1,2,1,1,2,2,3,2,2,2,1,-0.00857892307333097
2,2,2,1,2,2,3,2,2,1,2,1,2,1,1,2,2,2,3,2,2,1,0.00766461388880737
2,2,2,1,2,2,3,2,2,1,2,1,2,1,1,2,2,2,2,1,2,1,-0.0188090853369823
2,2,2,1,2,2,3,2,2,1,2,1,2,1,1,2,2,2,2,3,2,1,-0.0175882819034934
2,2,2,1,2,2,3,2,2,1,2,1,2,1,1,2,2,2,2,2,1,1,-0.00623872271533235
2,2,2,1,2,2,3,2,2,1,2,1,2,1,1,2,2,2,2,2,3,1,-0.0174249858400728
2,2,2,1,2,2,3,2,2,1,2,1,2,1,1,2,2,2,2,2,2,0,-0.0146539809543613
2,2,2,1,2,2,3,2,2,1,2,1,2,1,1,2,2,2,2,2,2,2,0.0319372498714814
3,2,2,1,2,2,2,2,2,1,2,1,2,1,1,2,2,2,2,2,2,1,0.00155455542715697
2,1,2,1,2,2,2,2,2,1,2,1,2,1,1,2,2,2,2,2,2,1,0.0846362832455768
2,3,2,1,2,2,2,2,2,1,2,1,2,1,1,2,2,2,2,2,2,1,0.0102752684885293
2,2,1,1,2,2,2,2,2,1,2,1,2,1,1,2,2,2,2,2,2,1,0.0326317152613458
2,2,3,1,2,2,2,2,2,1,2,1,2,1,1,2,2,2,2,2,2,1,0.00323289283763809
2,2,2,0,2,2,2,2,2,1,2,1,2,1,1,2,2,2,2,2,2,1,0.0386972345746249
2,2,2,2,2,2,2,2,2,1,2,1,2,1,1,2,2,2,2,2,2,1,0.0045544164934247
2,2,2,1,1,2,2,2,2,1,2,1,2,1,1,2,2,2,2,2,2,1,-0.012957753389223
2,2,2,1,3,2,2,2,2,1,2,1,2,1,1,2,2,2,2,2,2,1,0.0131189112425654
2,2,2,1,2,1,2,2,2,1,2,1,2,1,1,2,2,2,2,2,2,1,0.0865950969235464
2,2,2,1,2,3,2,2,2,1,2,1,2,1,1,2,2,2,2,2,2,1,0.0173481022553094
2,2,2,1,2,2,1,2,2,1,2,1,2,1,1,2,2,2,2,2,2,1,-0.0123499592391557
2,2,2,1,2,2,2,3,2,1,2,1,2,1,1,2,2,2,2,2,2,1,-0.0271157025708015
2,2,2,1,2,2,2,2,1,1,2,1,2,1,1,2,2,2,2,2,2,1,-0.00436165230828036
2,2,2,1,2,2,2,2,3,1,2,1,2,1,1,2,2,2,2,2,2,1,-0.011216109811176
2,2,2,1,2,2,2,2,2,0,2,1,2,1,1,2,2,2,2,2,2,1,0.0111067252241459
2,2,2,1,2,2,2,2,2,2,2,1,2,1,1,2,2,2,2,2,2,1,0.0113836643677608
2,2,2,1,2,2,2,2,2,1,1,1,2,1,1,2,2,2,2,2,2,1,0.118263773395737
2,2,2,1,2,2,2,2,2,1,3,1,2,1,1,2,2,2,2,2,2,1,0.0179034791638754
2,2,2,1,2,2,2,2,2,1,2,0,2,1,1,2,2,2,2,2,2,1,0.0159507213625073
2,2,2,1,2,2,2,2,2,1,2,2,2,1,1,2,2,2,2,2,2,1,0.0742481197250289
2,2,2,1,2,2,2,2,2,1,2,1,1,1,1,2,2,2,2,2,2,1,0.0283174314131269
2,2,2,1,2,2,2,2,2,1,2,1,3,1,1,2,2,2,2,2,2,1,0.038333112121121
2,2,2,1,2,2,2,2,2,1,2,1,2,0,1,2,2,2,2,2,2,1,0.0110553996558802
2,2,2,1,2,2,2,2,2,1,2,1,2,2,1,2,2,2,2,2,2,1,0.00949023312709047
2,2,2,1,2,2,2,2,2,1,2,1,2,1,0,2,2,2,2,2,2,1,0.011462243881548
2,2,2,1,2,2,2,2,2,1,2,1,2,1,2,2,2,2,2,2,2,1,0.0114622438815478
2,2,2,1,2,2,2,2,2,1,2,1,2,1,1,1,2,2,2,2,2,1,0.0293473445245565
2,2,2,1,2,2,2,2,2,1,2,1,2,1,1,3,2,2,2,2,2,1,0.0105095995303368
2,2,2,1,2,2,2,2,2,1,2,1,2,1,1,2,3,2,2,2,2,1,0.0114612279644163
2,2,2,1,2,2,2,2,2,1,2,1,2,1,1,2,2,1,2,2,2,1,0.0889432553910495
2,2,2,1,2,2,2,2,2,1,2,1,2,1,1,2,2,3,2,2,2,1,0.00248245372745076
2,2,2,1,2,2,2,2,2,1,2,1,2,1,1,2,2,2,3,2,2,1,0.0173921659023198
2,2,2,1,2,2,2,2,2,1,2,1,2,1,1,2,2,2,2,1,2,1,-0.00554705665151892
2,2,2,1,2,2,2,2,2,1,2,1,2,1,1,2,2,2,2,3,2,1,0.00844457735600054
2,2,2,1,2,2,2,2,2,1,2,1,2,1,1,2,2,2,2,2,1,1,-0.00385422657712186
2,2,2,1,2,2,2,2,2,1,2,1,2,1,1,2,2,2,2,2,3,1,0.0581628854617611
2,2,2,1,2,2,2,2,2,1,2,1,2,1,1,2,2,2,2,2,2,0,0.0120664231838059
2,2,2,1,2,2,2,2,2,1,2,1,2,1,1,2,2,2,2,2,2,2,0.00718426022676123
3,2,2,1,2,2,3,2,2,1,2,1,2,1,1,2,1,2,2,2,2,2,-0.00757089446949227
2,1,2,1,2,2,3,2,2,1,2,1,2,1,1,2,1,2,2,2,2,2,-0.0187983359416347
2,3,2,1,2,2,3,2,2,1,2,1,2,1,1,2,1,2,2,2,2,2,-0.0177894329599445
2,2,1,1,2,2,3,2,2,1,2,1,2,1,1,2,1,2,2,2,2,2,0.0120851241313537
2,2,3,1,2,2,3,2,2,1,2,1,2,1,1,2,1,2,2,2,2,2,-0.0309356782120547
2,2,2,0,2,2,3,2,2,1,2,1,2,1,1,2,1,2,2,2,2,2,-0.016709443820723
2,2,2,2,2,2,3,2,2,1,2,1,2,1,1,2,1,2,2,2,2,2,-0.0218019195071304
2,2,2,1,1,2,3,2,2,1,2,1,2,1,1,2,1,2,2,2,2,2,-0.029112633795102
2,2,2,1,3,2,3,2,2,1,2,1,2,1,1,2,1,2,2,2,2,2,-0.0151487135197832
2,2,2,1,2,1,3,2,2,1,2,1,2,1,1,2,1,2,2,2,2,2,-0.0195266817888173
2,2,2,1,2,3,3,2,2,1,2,1,2,1,1,2,1,2,2,2,2,2,-0.0157782666882179
2,2,2,1,2,2,4,2,2,1,2,1,2,1,1,2,1,2,2,2,2,2,0.00883957325919743
2,2,2,1,2,2,3,1,2,1,2,1,2,1,1,2,1,2,2,2,2,2,0.0145022742534558
2,2,2,1,2,2,3,3,2,1,2,1,2,1,1,2,1,2,2,2,2,2,-0.0276784578452481
2,2,2,1,2,2,3,2,1,1,2,1,2,1,1,2,1,2,2,2,2,2,-0.0347803880136207
2,2,2,1,2,2,3,2,3,1,2,1,2,1,1,2,1,2,2,2,2,2,-0.0185101958914339
2,2,2,1,2,2,3,2,2,0,2,1,2,1,1,2,1,2,2,2,2,2,-0.0202707312530609
2,2,2,1,2,2,3,2,2,2,2,1,2,1,1,2,1,2,2,2,2,2,-0.0164990233645163
2,2,2,1,2,2,3,2,2,1,1,1,2,1,1,2,1,2,2,2,2,2,-0.0308082328411073
2,2,2,1,2,2,3,2,2,1,3,1,2,1,1,2,1,2,2,2,2,2,-0.0160913116815137
2,2,2,1,2,2,3,2,2,1,2,0,2,1,1,2,1,2,2,2,2,2,-0.0164790948319562
2,2,2,1,2,2,3,2,2,1,2,2,2,1,1,2,1,2,2,2,2,2,-0.0211241688812137
2,2,2,1,2,2,3,2,2,1,2,1,1,1,1,2,1,2,2,2,2,2,-0.0299694420435626
2,2,2,1,2,2,3,2,2,1,2,1,3,1,1,2,1,2,2,2,2,2,-0.0153958454596278
2,2,2,1,2,2,3,2,2,1,2,1,2,0,1,2,1,2,2,2,2,2,-0.0198254424447222
2,2,2,1,2,2,3,2,2,1,2,1,2,2,1,2,1,2,2,2,2,2,-0.0248533101430214
2,2,2,1,2,2,3,2,2,1,2,1,2,1,0,2,1,2,2,2,2,2,-0.0166923622639446
2,2,2,1,2,2,3,2,2,1,2,1,2,1,2,2,1,2,2,2,2,2,-0.0166923622639449
2,2,2,1,2,2,3,2,2,1,2,1,2,1,1,1,1,2,2,2,2,2,-0.0248323431980924
2,2,2,1,2,2,3,2,2,1,2,1,2,1,1,3,1,2,2,2,2,2,-0.0159477000000352
2,2,2,1,2,2,3,2,2,1,2,1,2,1,1,2,0,2,2,2,2,2,-0.0119591494768587
2,2,2,1,2,2,3,2,2,1,2,1,2,1,1,2,1,1,2,2,2,2,-0.0223269845720852
2,2,2,1,2,2,3,2,2,1,2,1,2,1,1,2,1,3,2,2,2,2,-0.0229002207676357
2,2,2,1,2,2,3,2,2,1,2,1,2,1,1,2,1,2,3,2,2,2,-0.00626536310811511
2,2,2,1,2,2,3,2,2,1,2,1,2,1,1,2,1,2,2,1,2,2,0.0960702383940606
2,2,2,1,2,2,3,2,2,1,2,1,2,1,1,2,1,2,2,3,2,2,-0.0164215857595786
2,2,2,1,2,2,3,2,2,1,2,1,2,1,1,2,1,2,2,2,1,2,-0.0208314906042234
2,2,2,1,2,2,3,2,2,1,2,1,2,1,1,2,1,2,2,2,3,2,-0.0194556677397548
2,2,2,1,2,2,3,2,2,1,2,1,2,1,1,2,1,2,2,2,2,3,0.00232605502995733
3,2,1,1,2,2,3,2,2,1,2,1,2,1,1,2,1,2,2,2,2,1,0.00874437307976344
2,1,1,1,2,2,3,2,2,1,2,1,2,1,1,2,1,2,2,2,2,1,-0.00527338510870009
2,3,1,1,2,2,3,2,2,1,2,1,2,1,1,2,1,2,2,2,2,1,-0.00426448212701017
2,2,0,1,2,2,3,2,2,1,2,1,2,1,1,2,1,2,2,2,2,1,-0.00540320740776927
2,2,1,0,2,2,3,2,2,1,2,1,2,1,1,2,1,2,2,2,2,1,-0.00316298505351956
2,2,1,2,2,2,3,2,2,1,2,1,2,1,1,2,1,2,2,2,2,1,-0.00825546073992684
2,2,1,1,1,2,3,2,2,1,2,1,2,1,1,2,1,2,2,2,2,1,-0.0155876829621673
2,2,1,1,3,2,3,2,2,1,2,1,2,1,1,2,1,2,2,2,2,1,-0.00162376268684846
2,2,1,1,2,1,3,2,2,1,2,1,2,1,1,2,1,2,2,2,2,1,-0.00600173095588256
2,2,1,1,2,3,3,2,2,1,2,1,2,1,1,2,1,2,2,2,2,1,-0.0022533158552834
2,2,1,1,2,2,4,2,2,1,2,1,2,1,1,2,1,2,2,2,2,1,0.0135698004236873
2,2,1,1,2,2,3,1,2,1,2,1,2,1,1,2,1,2,2,2,2,1,0.0055414474959495
2,2,1,1,2,2,3,3,2,1,2,1,2,1,1,2,1,2,2,2,2,1,-0.0163363624759931
2,2,1,1,2,2,3,2,1,1,2,1,2,1,1,2,1,2,2,2,2,1,-0.021255437180686
2,2,1,1,2,2,3,2,3,1,2,1,2,1,1,2,1,2,2,2,2,1,-0.00498524505849962
2,2,1,1,2,2,3,2,2,0,2,1,2,1,1,2,1,2,2,2,2,1,-0.00672427248585734
2,2,1,1,2,2,3,2,2,2,2,1,2,1,1,2,1,2,2,2,2,1,-0.00295256459731284
2,2,1,1,2,2,3,2,2,1,1,1,2,1,1,2,1,2,2,2,2,1,-0.0172832820081725
2,2,1,1,2,2,3,2,2,1,3,1,2,1,1,2,1,2,2,2,2,1,-0.00256636084857896
2,2,1,1,2,2,3,2,2,1,2,0,2,1,1,2,1,2,2,2,2,1,-0.00293263606475273
2,2,1,1,2,2,3,2,2,1,2,2,2,1,1,2,1,2,2,2,2,1,-0.00757771011401036
2,2,1,1,2,2,3,2,2,1,2,1,1,1,1,2,1,2,2,2,2,1,-0.0164444912106278
2,2,1,1,2,2,3,2,2,1,2,1,3,1,1,2,1,2,2,2,2,1,-0.00187089462669309
2,2,1,1,2,2,3,2,2,1,2,1,2,0,1,2,1,2,2,2,2,1,-0.0062789836775187
2,2,1,1,2,2,3,2,2,1,2,1,2,2,1,2,1,2,2,2,2,1,-0.0113068513758179
2,2,1,1,2,2,3,2,2,1,2,1,2,1,0,2,1,2,2,2,2,1,-0.00314590349674107
2,2,1,1,2,2,3,2,2,1,2,1,2,1,2,2,1,2,2,2,2,1,-0.00314590349674108
2,2,1,1,2,2,3,2,2,1,2,1,2,1,1,1,1,2,2,2,2,1,-0.0113073923651575
2,2,1,1,2,2,3,2,2,1,2,1,2,1,1,3,1,2,2,2,2,1,-0.00242274916710055
2,2,1,1,2,2,3,2,2,1,2,1,2,1,1,2,0,2,2,2,2,1,-0.00192584224450498
2,2,1,1,2,2,3,2,2,1,2,1,2,1,1,2,1,1,2,2,2,1,-0.00880203373915042
2,2,1,1,2,2,3,2,2,1,2,1,2,1,1,2,1,3,2,2,2,1,-0.00937526993470124
2,2,1,1,2,2,3,2,2,1,2,1,2,1,1,2,1,2,3,2,2,1,0.00594142604684138
2,2,1,1,2,2,3,2,2,1,2,1,2,1,1,2,1,2,2,1,2,1,-0.0187478863695238
2,2,1,1,2,2,3,2,2,1,2,1,2,1,1,2,1,2,2,3,2,1,-0.0139313610289334
2,2,1,1,2,2,3,2,2,1,2,1,2,1,1,2,1,2,2,2,1,1,-0.00730653977128875
2,2,1,1,2,2,3,2,2,1,2,1,2,1,1,2,1,2,2,2,3,1,-0.00593071690681982
2,2,1,1,2,2,3,2,2,1,2,1,2,1,1,2,1,2,2,2,2,0,-0.0124235563000137
3,2,2,1,2,2,3,1,2,1,2,1,2,1,1,2,1,2,2,2,2,1,0.00599530705397259
2,1,2,1,2,2,3,1,2,1,2,1,2,1,1,2,1,2,2,2,2,1,5.62319076560883e-05
2,3,2,1,2,2,3,1,2,1,2,1,2,1,1,2,1,2,2,2,2,1,-0.000605981575235144
2,2,3,1,2,2,3,1,2,1,2,1,2,1,1,2,1,2,2,2,2,1,-0.0179266609110394
2,2,2,0,2,2,3,1,2,1,2,1,2,1,1,2,1,2,2,2,2,1,0.00315946598821904
2,2,2,2,2,2,3,1,2,1,2,1,2,1,1,2,1,2,2,2,2,1,0.0207292019014682
2,2,2,1,1,2,3,1,2,1,2,1,2,1,1,2,1,2,2,2,2,1,-0.0109057121358477
2,2,2,1,3,2,3,1,2,1,2,1,2,1,1,2,1,2,2,2,2,1,0.00213364721885421
2,2,2,1,2,1,3,1,2,1,2,1,2,1,1,2,1,2,2,2,2,1,-0.000603877818478483
2,2,2,1,2,3,3,1,2,1,2,1,2,1,1,2,1,2,2,2,2,1,0.00121399449822031
2,2,2,1,2,2,4,1,2,1,2,1,2,1,1,2,1,2,2,2,2,1,-0.000786265091829018
2,2,2,1,2,2,3,0,2,1,2,1,2,1,1,2,1,2,2,2,2,1,-0.00107301238852079
2,2,2,1,2,2,3,1,1,1,2,1,2,1,1,2,1,2,2,2,2,1,-0.0130550251784965
2,2,2,1,2,2,3,1,3,1,2,1,2,1,1,2,1,2,2,2,2,1,0.0147783379569217
2,2,2,1,2,2,3,1,2,0,2,1,2,1,1,2,1,2,2,2,2,1,-0.00267686729672668
2,2,2,1,2,2,3,1,2,2,2,1,2,1,1,2,1,2,2,2,2,1,0.00111754048402472
2,2,2,1,2,2,3,1,2,1,1,1,2,1,1,2,1,2,2,2,2,1,0.128906030691192
2,2,2,1,2,2,3,1,2,1,3,1,2,1,1,2,1,2,2,2,2,1,0.0123706403444813
2,2,2,1,2,2,3,1,2,1,2,0,2,1,1,2,1,2,2,2,2,1,0.000773041164502204
2,2,2,1,2,2,3,1,2,1,2,2,2,1,1,2,1,2,2,2,2,1,-0.00257645817427798
2,2,2,1,2,2,3,1,2,1,2,1,1,1,1,2,1,2,2,2,2,1,-0.0118946039677248
2,2,2,1,2,2,3,1,2,1,2,1,3,1,1,2,1,2,2,2,2,1,0.00226776873509515
2,2,2,1,2,2,3,1,2,1,2,1,2,0,1,2,1,2,2,2,2,1,-0.00222233902720271
2,2,2,1,2,2,3,1,2,1,2,1,2,2,1,2,1,2,2,2,2,1,-0.00721050695741881
2,2,2,1,2,2,3,1,2,1,2,1,2,1,0,2,1,2,2,2,2,1,0.000911119908899343
2,2,2,1,2,2,3,1,2,1,2,1,2,1,2,2,1,2,2,2,2,1,0.000911119908899209
2,2,2,1,2,2,3,1,2,1,2,1,2,1,1,1,1,2,2,2,2,1,-0.00670196728116196
2,2,2,1,2,2,3,1,2,1,2,1,2,1,1,3,1,2,2,2,2,1,0.0014242951789572
2,2,2,1,2,2,3,1,2,1,2,1,2,1,1,2,0,2,2,2,2,1,-0.0139058351070604
2,2,2,1,2,2,3,1,2,1,2,1,2,1,1,2,1,1,2,2,2,1,-0.00369584433746639
2,2,2,1,2,2,3,1,2,1,2,1,2,1,1,2,1,3,2,2,2,1,-0.00539331762815576
2,2,2,1,2,2,3,1,2,1,2,1,2,1,1,2,1,2,3,2,2,1,0.0100680118010388
2,2,2,1,2,2,3,1,2,1,2,1,2,1,1,2,1,2,2,1,2,1,-0.0142056663236921
2,2,2,1,2,2,3,1,2,1,2,1,2,1,1,2,1,2,2,3,2,1,-0.0100633955549341
2,2,2,1,2,2,3,1,2,1,2,1,2,1,1,2,1,2,2,2,1,1,-0.00307884608438195
2,2,2,1,2,2,3,1,2,1,2,1,2,1,1,2,1,2,2,2,3,1,-0.0013158734764009
2,2,2,1,2,2,3,1,2,1,2,1,2,1,1,2,1,2,2,2,2,0,-0.00863617728862991
1,2,2,1,2,2,2,1,2,1,2,1,2,1,1,2,2,2,2,2,2,1,-0.0446429165293086
3,2,2,1,2,2,2,1,2,1,2,1,2,1,1,2,2,2,2,2,2,1,-0.0182526306177834
2,1,2,1,2,2,2,1,2,1,2,1,2,1,1,2,2,2,2,2,2,1,-0.032955683866602
2,3,2,1,2,2,2,1,2,1,2,1,2,1,1,2,2,2,2,2,2,1,-0.0175516950709227
2,2,1,1,2,2,2,1,2,1,2,1,2,1,1,2,2,2,2,2,2,1,-0.0202512975927825
2,2,3,1,2,2,2,1,2,1,2,1,2,1,1,2,2,2,2,2,2,1,0.0117550311752706
2,2,2,0,2,2,2,1,2,1,2,1,2,1,1,2,2,2,2,2,2,1,-0.0210322896066588
2,2,2,2,2,2,2,1,2,1,2,1,2,1,1,2,2,2,2,2,2,1,-0.0234201656151507
2,2,2,1,1,2,2,1,2,1,2,1,2,1,1,2,2,2,2,2,2,1,-0.0248831324464275
2,2,2,1,3,2,2,1,2,1,2,1,2,1,1,2,2,2,2,2,2,1,-0.0163607305887766
2,2,2,1,2,1,2,1,2,1,2,1,2,1,1,2,2,2,2,2,2,1,-0.0331135253052809
2,2,2,1,2,3,2,1,2,1,2,1,2,1,1,2,2,2,2,2,2,1,-0.0153182010157704
2,2,2,1,2,2,1,1,2,1,2,1,2,1,1,2,2,2,2,2,2,1,-0.0225700863028572
2,2,2,1,2,2,2,0,2,1,2,1,2,1,1,2,2,2,2,2,2,1,0.0297143139170532
2,2,2,1,2,2,2,1,1,1,2,1,2,1,1,2,2,2,2,2,2,1,-0.0111221052581809
2,2,2,1,2,2,2,1,3,1,2,1,2,1,1,2,2,2,2,2,2,1,0.0880966943718998
2,2,2,1,2,2,2,1,2,0,2,1,2,1,1,2,2,2,2,2,2,1,-0.0172960905573921
2,2,2,1,2,2,2,1,2,2,2,1,2,1,1,2,2,2,2,2,2,1,-0.0175053332359427
2,2,2,1,2,2,2,1,2,1,1,1,2,1,1,2,2,2,2,2,2,1,-0.0475021959137819
2,2,2,1,2,2,2,1,2,1,3,1,2,1,1,2,2,2,2,2,2,1,-0.0132564870781206
2,2,2,1,2,2,2,1,2,1,2,0,2,1,1,2,2,2,2,2,2,1,-0.0164046943067967
2,2,2,1,2,2,2,1,2,1,2,2,2,1,1,2,2,2,2,2,2,1,-0.0283470207377332
2,2,2,1,2,2,2,1,2,1,2,1,1,1,1,2,2,2,2,2,2,1,-0.0246204017594471
2,2,2,1,2,2,2,1,2,1,2,1,3,1,1,2,2,2,2,2,2,1,-0.0208298292939946
2,2,2,1,2,2,2,1,2,1,2,1,2,0,1,2,2,2,2,2,2,1,-0.0175172081260205
2,2,2,1,2,2,2,1,2,1,2,1,2,2,1,2,2,2,2,2,2,1,-0.0178831519699744
2,2,2,1,2,2,2,1,2,1,2,1,2,1,0,2,2,2,2,2,2,1,-0.0173714776561831
2,2,2,1,2,2,2,1,2,1,2,1,2,1,2,2,2,2,2,2,2,1,-0.0173714776561829
2,2,2,1,2,2,2,1,2,1,2,1,2,1,1,1,2,2,2,2,2,1,-0.0242277046289331
2,2,2,1,2,2,2,1,2,1,2,1,2,1,1,3,2,2,2,2,2,1,-0.0172371156199394
2,2,2,1,2,2,2,1,2,1,2,1,2,1,1,2,3,2,2,2,2,1,-0.00717418522752998
2,2,2,1,2,2,2,1,2,1,2,1,2,1,1,2,2,1,2,2,2,1,-0.031279456340525
2,2,2,1,2,2,2,1,2,1,2,1,2,1,1,2,2,3,2,2,2,1,-0.0209164828528985
2,2,2,1,2,2,2,1,2,1,2,1,2,1,1,2,2,2,1,2,2,1,0.011555818454455
2,2,2,1,2,2,2,1,2,1,2,1,2,1,1,2,2,2,3,2,2,1,-0.00660777712510004
2,2,2,1,2,2,2,1,2,1,2,1,2,1,1,2,2,2,2,1,2,1,-0.0234830677673616
2,2,2,1,2,2,2,1,2,1,2,1,2,1,1,2,2,2,2,3,2,1,-0.0172679354949779
2,2,2,1,2,2,2,1,2,1,2,1,2,1,1,2,2,2,2,2,1,1,-0.0222405481427989
2,2,2,1,2,2,2,1,2,1,2,1,2,1,1,2,2,2,2,2,3,1,-0.0258092104339721
2,2,2,1,2,2,2,1,2,1,2,1,2,1,1,2,2,2,2,2,2,0,-0.0169018320187332
2,2,2,1,2,2,2,1,2,1,2,1,2,1,1,2,2,2,2,2,2,2,-0.0168870325000442
0.518857892986382,0.518857892986382,0.518857892986382,0.518857892986382,0.518857892986382,0.518857892986382,0.518857892986382,0.518857892986382,0.518857892986382,0.518857892986382,0.518857892986382,0.518857892986382,0.518857892986382,0.518857892986382,0.518857892986382,0.518857892986382,0.518857892986382,0.518857892986382,0.518857892986382,0.518857892986382,0.518857892986382,0.518857892986382,0.518857892986382
