102567
105355
108176
111103
114050
117145
120340
123415
126716
130188
133694
137330
141124
144676
148461
152283
156337
160427
164746
169175
173805
178499
183191
188190
193086
198155
203364
208760
214370
220066
226037
232025
238293
244657
251090
257672
264569
271700
278909
286574
294253
302075
310166
318190
326750
335511
344603
353831
363425
373077
383286
393566
404228
415319
426539
438018
449976
462107
474373
487080
500144
513735
527503
541842
556539
571810
587385
603254
619665
636375
653768
671526
689654
708362
727454
747108
767244
788062
809384
831540
854100
876975
900716
925243
950193
976319
1002845
1030191
1058553
1087649
1117309
1147718
1178761
1210956
1243946
1278070
1313065
1349240
1386147
1424002
1463144
1502922
1544016
1586195
1629431
1674221
1720286
1767753
1816488
1866477
1917748
1970475
2024444
21035
21631
22197
22769
23359
24027
24734
25433
26140
26828
27513
28286
29053
29851
30712
31542
32450
33343
34325
35230
36190
37156
38162
39199
40326
41449
42642
43813
45054
46301
47576
48863
50205
51626
53055
54502
56018
57552
59184
60830
62500
64220
66023
67805
69750
71770
73734
75789
77872
79967
82133
84435
86733
89093
91504
94028
96684
99333
102055
104921
107808
110755
113842
116886
119989
123399
126869
130413
133921
137713
141608
145626
149796
153983
158407
162659
167245
171931
176840
181803
186951
192274
197727
203341
209016
214918
220856
226952
233296
239739
246572
253536
260674
267988
275542
283352
291341
299585
308122
317102
325942
334903
344298
353924
363932
374188
384791
395601
406739
418275
430050
442189
454966
467735
480829
494666
508756
523078
537918
553007
568729
584775
601276
618303
635945
654010
672754
691862
711501
731794
752915
774182
796250
819113
842359
866224
891112
916455
942572
969121
996714
1025263
1054676
1084846
1115720
1147821
1180727
1214151
1248975
1284735
1321453
1359149
1398310
1438202
1479342
1522106
1565592
1610146
1656068
1703736
1752530
1802691
1854547
1907171
1962105
2018343
20834
21456
22067
22714
23374
24040
24729
25396
26122
26853
27602
28409
29259
30083
30947
31871
32805
33766
34746
35700
36751
37792
38911
40029
41191
42386
43625
44891
46148
47486
48859
50250
51741
53241
54746
56337
57994
59727
61410
63144
64948
66840
68760
70726
72812
74870
77069
79310
81671
84021
86486
89000
91628
94257
97019
99835
102754
105777
108758
111931
115151
118532
122056
125540
129111
132808
136669
140705
144701
148861
153171
157686
162289
167034
171894
176976
182065
187459
193003
198789
204555
210548
216556
222874
229198
235997
242726
249834
257097
264613
272346
280473
288690
297190
305643
314647
323753
333336
343138
353172
363667
374472
385592
396840
408480
420534
432750
445496
458717
472180
485976
500082
514815
529997
545477
561638
578411
595359
612784
630832
649224
668174
688011
708159
728648
750126
772366
794934
818371
842563
867275
892982
919346
946415
974272
1002923
1032663
1063153
1094565
1126663
1160100
1194203
1229272
1265449
1302959
1341729
1381697
1422673
1465002
1508253
1552709
1598846
1646463
1695498
1745570
1797733
1851286
1906504
1963091
2021622
20666
21295
21971
22621
23329
24032
24777
25516
26239
26984
27801
28630
29502
30405
31357
32295
33258
34266
35293
36325
37380
38470
39677
40884
42132
43437
44766
46060
47448
48822
50237
51712
53231
54750
56404
58138
59941
61737
63514
65370
67333
69367
71441
73618
75797
78044
80364
82728
85140
87749
90426
93070
95838
98763
101649
104756
107909
111119
114476
117948
121405
125120
128879
132852
136926
141189
145386
149775
154357
159113
163929
168949
173967
179223
184635
190219
196027
201880
207982
214260
220691
227407
234412
241388
248812
256466
264206
272304
280500
288819
297679
306885
316200
325729
335537
345763
356265
367123
378290
389831
401787
413874
426595
439457
452896
466623
480744
495408
510282
525979
542066
558868
575789
593418
611570
630322
649492
669371
689991
710807
732522
754938
778124
801685
826178
851486
877444
904269
931872
960442
989877
1020171
1051335
1083390
1116810
1150871
1185988
1222215
1259676
1298169
1337916
1379115
1421319
1465140
1509749
1555910
1603858
1652930
1703666
1756027
1809862
1865371
1922397
1981209
2042154
21141
21830
22500
23207
23963
24685
25474
26288
27124
27969
28831
29705
30587
31629
32636
33625
34638
35700
36838
37910
39056
40231
41492
42761
44056
45416
46824
48285
49802
51250
52797
54431
56151
57805
59599
61390
63290
65293
67300
69405
71516
73727
75964
78238
80763
83342
86020
88639
91433
94369
97262
100271
103447
106742
110042
113499
117013
120631
124351
128186
132089
136209
140350
144774
149254
153825
158674
163734
168779
173971
179435
185020
190840
196742
202863
209296
215860
222584
229581
236841
244338
252016
259993
268220
276595
285187
294129
303322
312682
322436
332484
342848
353557
364489
375781
387657
399832
412456
425435
438711
452450
466611
480998
496032
511473
527242
543879
560923
578656
596674
615319
634767
654543
675208
696657
718467
741062
764573
788697
813461
839021
865255
892330
920347
949355
979505
1010194
1041889
1074901
1108729
1143727
1179843
1217177
1255468
1295125
1336335
1378339
1421842
1466944
1513088
1560910
1610351
1660721
1713356
1767736
1823831
1881433
1941200
2002512
20779
21441
22141
22855
23607
24361
25071
25851
26697
27556
28400
29280
30218
31191
32229
33267
34307
35357
36443
37614
38816
40083
41297
42578
43883
45258
46647
48143
49649
51239
52940
54563
56211
57958
59746
61530
63552
65535
67528
69654
71814
74175
76556
79034
81601
84216
86898
89718
92618
95621
98644
101732
105056
108441
111842
115370
119045
122865
126802
130937
135123
139378
143827
148384
153138
158083
163139
168344
173638
179174
184883
190726
196793
203180
209652
216324
223259
230535
237814
245439
253288
261489
269824
278626
287582
296865
306315
316067
326210
336812
347666
358939
370574
382597
394883
407563
420690
434263
448230
462553
477550
492936
508591
525042
541914
559397
577346
596010
615481
635208
655555
676785
698606
721255
744256
768300
793300
818661
845123
872347
900407
929320
959558
990396
1022460
1055429
1089716
1124660
1160680
1197912
1236647
1276948
1318157
1360574
1404874
1450237
1497190
1545958
1595887
1647105
1700339
1755649
1812411
1871396
1931863
1994181
2058810
21525
22240
22971
23721
24486
25281
26113
26954
27818
28725
29652
30653
31697
32721
33812
34835
35984
37143
38395
39639
40880
42160
43540
44955
46409
47923
49493
51116
52783
54468
56212
58088
59970
61936
63873
65931
68079
70199
72527
74946
77319
79775
82382
85020
87872
90909
93827
96694
99893
103221
106572
110065
113630
117335
121034
125048
129138
133421
137887
142462
147143
151922
156978
162046
167282
172981
178709
184627
190681
196998
203506
210137
216959
224038
231400
238970
246989
255195
263594
272167
281146
290307
299679
309444
319501
329933
340598
351719
363210
374979
387313
400227
413391
427171
441262
455738
470940
486369
502207
518701
535808
553304
571508
590154
609447
629513
650102
671470
693738
716322
740120
764475
789189
814961
842240
870068
898556
927967
958646
990037
1022765
1056105
1090734
1126640
1163655
1202240
1241556
1282316
1324520
1368112
1413087
1459716
1507752
1557396
1608708
1661726
1716745
1772962
1831594
1892176
1953931
2018715
20826
21529
22272
22985
23744
24542
25417
26208
27052
27904
28806
29816
30762
31757
32837
33944
35052
36220
37408
38648
39936
41255
42636
44058
45536
47047
48623
50253
51974
53658
55436
57312
59185
61148
63134
65321
67446
69693
71910
74244
76720
79282
81918
84598
87447
90281
93277
96387
99619
102979
106386
109948
113511
117293
121054
125020
129176
133542
137967
142502
147231
152081
157128
162312
167638
173163
178990
184864
191011
197410
203926
210936
217904
225199
232610
240218
248194
256461
264865
273544
282717
292043
301779
311886
322304
333019
344164
355376
367013
379226
391765
404677
418127
432006
446308
461045
476449
492242
508477
525511
542943
561106
579834
599315
619454
639862
661133
683231
706096
729769
753860
779014
805166
831843
859726
888091
917404
947920
979256
1011837
1045736
1080664
1116807
1154016
1192560
1232381
1273528
1315810
1359526
1404837
1451873
1500546
1550535
1602193
1655777
1710852
1767842
1826914
1888099
1951011
2016349
20645
21376
22090
22824
23615
24394
25256
26048
26912
27802
28746
29661
30568
31541
32614
33702
34846
35969
37135
38364
39661
40934
42329
43699
45132
46650
48198
49811
51443
53211
55000
56882
58709
60679
62636
64703
66854
69093
71445
73801
76289
78804
81493
84238
87063
90074
93125
96336
99566
102791
106235
109764
113483
117202
121062
125064
129189
133464
137763
142302
147024
151969
157103
162573
168084
173713
179676
185689
191960
198472
205102
211873
218962
226307
233819
241731
249978
258319
266956
275959
285375
294972
304750
314976
325458
336379
347698
359226
371211
383674
396347
409500
423294
437473
451906
467165
482720
499039
515897
533257
550968
569424
588280
608064
628273
649282
671169
693671
717252
741393
766262
791860
818554
846151
874922
904560
934935
966298
998585
1032100
1066386
1102047
1138777
1177288
1216885
1257640
1299857
1343574
1388663
1435590
1483551
1533527
1585037
1638072
1693496
1750430
1809054
1869786
1932428
1997306
2064790
21407
22128
22850
23583
24359
25192
26053
26961
27875
28863
29791
30847
31866
32881
34019
35120
36314
37505
38877
40197
41519
42881
44415
45952
47445
49106
50795
52430
54209
56131
58082
60025
62048
64072
66172
68396
70662
73062
75464
77968
80610
83384
86154
88978
91925
94997
98160
101378
104853
108393
111965
115654
119540
123524
127689
131903
136369
140924
145617
150515
155526
160904
166347
171936
177763
183630
189824
196261
202898
209868
216935
224168
231824
239671
247755
256144
264674
273613
282696
292252
302174
312312
323130
334195
345604
357295
369596
382018
394789
407894
421774
436016
450623
465926
481681
497645
514320
531643
549435
568165
587341
607176
627622
648706
670447
693210
716885
741331
766401
792161
818565
846276
874654
904299
934783
966600
999474
1032973
1068220
1104194
1141422
1180041
1220116
1261453
1303908
1347756
1393305
1440344
1489162
1539416
1591461
1645426
1700759
1757956
1817216
1878506
1942087
2007323
20680
21355
22021
22754
23547
24340
25155
25982
26851
27718
28692
29657
30606
31651
32694
33794
34918
36080
37315
38521
39826
41105
42439
43813
45363
46924
48532
50200
51934
53665
55451
57333
59337
61382
63475
65562
67827
70117
72469
74945
77529
80180
82859
85715
88641
91632
94795
97974
101304
104752
108226
111715
115523
119398
123489
127720
132120
136583
141155
146004
150956
155983
161244
166704
172398
178366
184338
190420
196929
203721
210513
217755
225158
232821
240626
248839
257311
266059
275091
284377
293896
303840
314171
324804
335822
347113
358976
371106
383709
396614
410065
424016
438254
453014
468351
483988
500317
517284
534717
552909
571707
590972
610964
631510
652693
674927
697650
721359
745690
770768
796864
823816
851721
880480
910166
940864
972577
1005696
1039606
1074900
1110998
1148200
1187117
1227381
1268629
1311562
1355914
1401822
1449407
1498191
1549052
1601519
1655614
1711838
1769451
1829592
1891828
1955683
2022120
20992
21679
22405
23155
23908
24727
25541
26407
27284
28216
29140
30153
31158
32218
33274
34417
35647
36867
38076
39434
40753
42076
43473
44906
46479
48014
49609
51285
53049
54892
56744
58651
60641
62682
64847
66996
69302
71660
74147
76698
79361
82090
84787
87740
90699
93797
96976
100213
103566
107077
110670
114416
118104
122159
126238
130592
135113
139732
144403
149255
154345
159484
164879
170456
176208
182186
188430
194773
201506
208278
215259
222545
230084
237912
245953
254404
262952
271932
281222
290755
300747
311108
321653
332407
343798
355624
367872
380244
393129
406404
420210
434675
449224
464636
480437
496727
513383
530757
548956
567430
586488
606334
626688
648021
670167
692991
716475
740829
765981
792080
818997
846688
875006
904649
935236
966788
999689
1033649
1068452
1104715
1142225
1180775
1220413
1261669
1304713
1349049
1394997
1441873
1490058
1540739
1593074
1646795
1702802
1760260
1819840
1881443
1945139
2011111
20837
21550
22263
22998
23758
24564
25399
26275
27122
28080
29088
30109
31117
32172
33288
34487
35724
36883
38211
39526
40830
42257
43736
45231
46853
48442
50096
51837
53568
55384
57308
59236
61328
63400
65536
67765
70071
72453
74848
77400
80071
82734
85569
88424
91423
94443
97627
100977
104366
107873
111610
115368
119308
123334
127440
131727
136186
140815
145469
150397
155490
160769
166247
171793
177606
183458
189660
196111
202712
209587
216723
224048
231658
239512
247626
255965
264525
273364
282751
292394
302099
312629
323306
333907
345241
356853
368899
381285
394390
407699
421545
435665
450451
465541
481116
497621
514389
532005
550094
568776
588141
608141
628762
649913
671913
694892
718314
742683
767896
794079
821260
849084
877892
907692
938710
970626
1003526
1037842
1073115
1109654
1147098
1186273
1226369
1268494
1311594
1356194
1402116
1449578
1498652
1549596
1602029
1656254
1712242
1770223
1830392
1892460
1956542
2023280
21188
21949
22660
23465
24262
25150
25989
26858
27742
28661
29603
30567
31585
32693
33773
34898
36094
37305
38561
39851
41208
42583
43978
45424
46970
48552
50175
51858
53575
55334
57169
59136
61204
63272
65380
67636
69812
72158
74592
77054
79620
82248
84959
87887
90951
94031
97174
100431
103685
107144
110759
114515
118416
122441
126594
131024
135567
140145
144995
149969
155092
160457
165928
171506
177486
183474
189595
195963
202568
209609
216581
223902
231451
239325
247346
255724
264324
273242
282533
292083
302070
312300
323069
334039
345396
357092
369206
381844
394989
408698
422564
436730
451642
467045
482873
499016
515850
533700
551858
570606
589873
609857
630438
651738
673641
696637
720232
744706
769819
796156
823430
851325
880404
910248
940735
972488
1005534
1039585
1075058
1111281
1148991
1187740
1228203
1269753
1312786
1357398
1403620
1451258
1500525
1551419
1604016
1658498
1714867
1773573
1833650
1895753
1960662
2027283
20706
21472
22204
22954
23758
24569
25379
26269
27176
28050
28998
30040
31016
32040
33112
34279
35458
36663
37935
39243
40514
41879
43299
44819
46378
47980
49601
51326
53064
54856
56694
58715
60713
62758
64865
67109
69376
71751
74167
76743
79345
82030
84859
87665
90683
93790
97027
100333
103797
107302
110951
114695
118579
122605
126728
130987
135499
140222
144964
149994
154942
160159
165540
171157
177001
183121
189338
195762
202398
209221
216289
223655
231218
239106
247259
255803
264640
273580
283055
292611
302553
312845
323504
334446
345809
357625
369891
382439
395627
408997
422882
436979
451616
466947
482534
498997
515732
533333
551347
570040
589219
609359
630034
651359
673507
696455
719975
744220
769536
795801
822943
851045
879725
909577
940749
972831
1005726
1040081
1075619
1112055
1149823
1189145
1229295
1270785
1314038
1358571
1404761
1452668
1501953
1553014
1605676
1660135
1716702
1775101
1835239
1897210
1961833
2028579
21214
21937
22713
23515
24331
25172
26028
26915
27807
28763
29830
30856
31952
33067
34171
35278
36452
37711
39031
40338
41703
43129
44552
46062
47603
49166
50823
52503
54229
56087
58014
59946
62025
64044
66286
68590
70949
73364
75868
78489
81199
83949
86835
89802
92834
95948
99167
102553
106077
109664
113360
117160
121015
125025
129282
133618
138206
142934
147786
152853
158077
163573
169061
174753
180527
186760
193196
199760
206579
213522
220903
228464
236171
244092
252413
260861
269765
278916
288404
298221
308395
318889
329673
340887
352462
364564
376979
389893
403032
416614
430775
445425
460734
476336
492357
509056
526219
544265
562760
581897
601762
622011
643037
664872
687524
710819
735117
760075
786027
812653
840191
868693
898329
929037
960725
993229
1026799
1061647
1097590
1134964
1173450
1213380
1254543
1297410
1341588
1387069
1434326
1482986
1533147
1584987
1639203
1694690
1752376
1811905
1873334
1937054
2003026
20732
21431
22137
22882
23678
24424
25180
26063
26974
27911
28843
29799
30812
31841
32916
34015
35143
36375
37631
38909
40264
41594
43033
44512
46092
47627
49286
51029
52757
54536
56431
58380
60373
62462
64648
66824
69200
71533
73920
76399
79104
81765
84565
87505
90495
93539
96712
99995
103450
106891
110509
114213
118166
122180
126341
130562
134926
139442
144144
149131
154278
159556
165050
170750
176498
182541
188835
195105
201658
208629
215658
222938
230626
238487
246666
255039
263759
272692
282056
291621
301624
311941
322490
333628
344899
356757
368889
381398
394330
407821
421855
436360
451329
466683
482638
499170
516073
533542
551684
570492
589724
609853
630576
652129
674537
697497
721246
746074
771188
797452
824557
852537
881274
910947
941956
973870
1006881
1041143
1076454
1113337
1151160
1190361
1230803
1272318
1315645
1360603
1406595
1454030
1503658
1554806
1607348
1661799
1718284
1777002
1837294
1899707
1963926
2030239
21267
22031
22705
23412
24264
25084
25965
26776
27675
28650
29680
30698
31698
32797
33911
35038
36276
37475
38729
40079
41378
42755
44174
45709
47252
48875
50511
52237
54001
55790
57685
59704
61700
63726
65895
68212
70579
72947
75344
77982
80660
83417
86201
89053
92059
95156
98483
101922
105392
108929
112645
116528
120537
124626
128950
133331
137990
142753
147663
152716
157800
163249
168799
174560
180543
186563
192902
199498
206128
213252
220616
227981
235655
243760
252076
260614
269401
278469
287924
297703
307868
318407
329155
340340
352027
364145
376459
389167
402304
416012
430231
444613
459852
475516
491664
508246
525576
543492
561861
580953
600661
621048
642180
663694
686178
709350
733342
758449
784423
810704
838409
866803
896141
926525
957886
990540
1024192
1058741
1094399
1131546
1169971
1209778
1250950
1293181
1336990
1382575
1429748
1478208
1528444
1580633
1634605
1690441
1748059
1807167
1868754
1932374
1998059
2066152
21419
22126
22937
23653
24463
25310
26131
26963
27912
28873
29889
30904
31954
33019
34118
35302
36499
37723
38992
40329
41720
43094
44548
46040
47686
49244
50984
52749
54555
56466
58396
60406
62451
64603
66809
69047
71357
73850
76343
78876
81521
84305
87085
90141
93204
96385
99705
103160
106552
110191
113920
117789
121792
125938
130145
134510
139157
143906
148804
153973
159158
164580
170213
176099
182165
188533
195115
201612
208516
215761
223250
230787
238824
246975
255372
264059
273053
282420
292080
301974
312238
322853
333779
345063
356633
368623
381180
394033
407264
420896
435233
449920
465185
481118
497452
514571
531898
550051
568662
587897
607897
628266
649735
671797
694906
718754
743498
768946
795012
822187
850024
879117
909121
940199
972237
1005028
1038892
1074460
1111021
1148992
1188186
1228310
1270017
1313201
1357995
1404260
1452355
1501635
1552628
1605395
1659994
1716745
1775418
1835565
1897797
1962419
2029662
21055
21783
22557
23349
24176
24930
25755
26565
27512
28451
29402
30424
31408
32463
33558
34689
35849
37038
38290
39608
40907
42307
43753
45251
46781
48393
50009
51748
53580
55445
57345
59314
61348
63478
65625
67917
70231
72568
75059
77625
80278
83020
85803
88756
91717
94840
98026
101426
104802
108443
112044
115799
119785
123759
128026
132504
137074
141743
146544
151502
156574
161890
167443
173216
179007
184967
191251
197786
204500
211399
218638
226072
233765
241747
249959
258678
267539
276542
285860
295558
305562
316014
326620
337693
349148
361014
373286
386104
399329
412952
426975
441451
456408
471989
487983
504351
521366
539029
557420
576384
596075
616568
637163
658739
681225
704299
728369
753306
778878
805658
832972
861229
890466
920787
952136
984621
1017952
1052577
1088336
1125226
1163436
1203147
1244100
1286246
1329776
1374945
1421518
1469755
1519766
1571654
1624881
1679559
1736485
1795377
1856374
1919454
1984309
2051578
21408
22165
22888
23666
24468
25312
26178
27073
28017
28969
29943
30953
31994
33058
34219
35451
36695
37978
39271
40616
41986
43367
44848
46388
47952
49588
51272
53044
54849
56767
58762
60791
62880
65022
67154
69430
71771
74247
76772
79383
82044
84917
87724
90693
93689
96900
100190
103671
107160
110729
114464
118341
122401
126439
130732
135132
139772
144531
149424
154428
159733
165151
170770
176598
182603
188864
195336
201914
208662
215658
223076
230643
238456
246398
254876
263633
272590
281955
291647
301670
311790
322677
333674
345102
357081
369286
381953
394945
408443
422428
436889
451850
467219
483348
499901
516987
534429
552863
571706
591079
611326
632302
653986
676376
699601
723613
748171
773566
799886
826986
855049
884044
914137
945369
977547
1011009
1045534
1080881
1117587
1155386
1194477
1234992
1277077
1320522
1365721
1412416
1460417
1510266
1561577
1614538
1669709
1726642
1785639
1846846
1909712
1974698
2041750
20676
21414
22154
22910
23688
24482
25354
26212
27141
28042
28990
29954
30970
32023
33154
34343
35468
36705
37945
39236
40523
41911
43372
44853
46417
47987
49548
51249
52940
54731
56623
58536
