102459
104891
107389
109974
112597
115364
118211
121143
124084
127070
130259
133393
136601
139885
143334
146844
150551
154223
157958
161785
165774
169825
174029
178288
182583
187070
191681
196390
201260
206171
211255
216471
221760
227332
233125
238854
244700
250776
257099
263463
269844
276669
283484
290520
297772
305287
312699
320366
328319
336571
344934
353512
362233
371333
380616
390029
399672
409600
419788
430204
441047
452041
463301
474770
486613
498794
511366
524163
537116
550588
564195
578198
592739
607534
622679
638284
654302
670828
687655
704844
722697
740944
759505
778756
798269
818378
838850
860115
881686
903881
926619
949855
974034
998707
1023827
1049791
1076193
1103515
1131441
1160168
1189553
1219498
1250538
1281879
1314083
1347290
1381530
1416473
1452379
1489197
1527302
1565892
1605686
1646275
1688398
1731301
1775243
1820472
1866615
1914455
1963770
2013903
20607
21174
21741
22265
22833
23429
24041
24651
25298
25921
26580
27248
27961
28683
29475
30237
30991
31812
32661
33489
34359
35201
36129
37047
38013
39035
40008
40986
42036
43186
44243
45296
46502
47771
49026
50274
51611
52935
54334
55701
57134
58639
60125
61731
63317
64948
66581
68333
70143
71969
73781
75697
77695
79794
81955
84135
86331
88633
90906
93238
95719
98189
100776
103291
105967
108765
111557
114489
117438
120502
123664
126987
130331
133760
137163
140767
144529
148353
152269
156177
160305
164585
168870
173270
177816
182465
187108
192098
197143
202454
207821
213159
218851
224604
230563
236742
242995
249488
256101
262707
269655
276646
284080
291599
299318
307206
315416
323795
332428
341327
350332
359709
369126
378902
388758
399098
409731
420554
431647
443048
454953
466857
479248
491865
504993
518335
532221
546314
560696
575519
590904
606733
622759
639151
656156
673666
691306
709631
728664
748203
768255
788901
810122
831755
854161
877109
900889
924994
949596
974875
1001063
1028120
1055869
1084311
1113231
1143165
1174021
1205731
1238497
1271888
1306039
1340961
1377169
1414051
1452368
1491561
1531414
1572773
1615150
1658492
1703368
1750038
1796928
1845570
1894991
1946335
1998695
2052549
20991
21568
22140
22725
23295
23970
24644
25325
26040
26706
27360
28109
28908
29652
30486
31321
32139
33068
33939
34825
35772
36733
37772
38784
39863
40936
42081
43243
44396
45616
46842
48112
49446
50828
52223
53546
54933
56416
57941
59500
61131
62828
64558
66371
68174
70055
72021
73994
76013
78140
80346
82571
84839
87132
89471
91903
94497
97125
99758
102525
105272
108144
111159
114138
117243
120480
123834
127237
130724
134290
137993
141666
145582
149649
153696
158012
162334
166779
171403
176097
181024
186060
191289
196531
201927
207527
213127
218930
225048
231337
237676
244330
250820
257689
264760
272026
279746
287500
295299
303697
312064
320685
329550
338613
347926
357503
367394
377540
387843
398651
409611
420791
432568
444605
457021
469611
482770
496064
509740
524021
538748
553784
569262
584948
601416
618220
635430
652926
671133
689713
709062
728824
748913
769767
790988
813025
835733
858973
883056
907825
932814
958513
985116
1012626
1040754
1069886
1099765
1130140
1161640
1194109
1227358
1261316
1296595
1333094
1370529
1408818
1447998
1488414
1530095
1573257
1617361
1662977
1709332
1757165
1806337
1857521
1909697
1963385
2018665
20835
21453
22056
22659
23338
24020
24680
25349
26049
26781
27568
28339
29138
29972
30841
31702
32592
33469
34367
35333
36292
37339
38424
39416
40556
41729
42869
44074
45266
46537
47859
49251
50567
52043
53496
54956
56509
58114
59710
61376
63173
64963
66797
68665
70624
72542
74632
76801
79000
81263
83698
86044
88563
91058
93672
96338
98980
101786
104680
107612
110621
113684
116860
120142
123590
127114
130629
134377
138306
142279
146359
150579
154872
159273
163727
168182
172927
177843
182882
188187
193521
198995
204683
210402
216453
222503
228831
235373
242162
249112
256261
263521
271014
278728
286461
294598
302935
311444
320487
329551
338920
348567
358738
369239
379627
390399
401373
412846
424716
436645
449125
461984
474995
488795
502764
517302
532308
547652
563277
579375
596227
613405
630805
648835
667408
686603
706298
726375
747212
768519
790563
813295
836521
860449
884918
910395
936458
963307
990712
1019234
1048232
1078344
1109343
1141164
1173776
1207274
1241930
1277273
1313833
1351787
1390361
1430446
1471593
1513767
1557386
1602371
1648172
1695506
1744518
1794501
1846284
1899030
1953277
2009572
20758
21352
21969
22611
23289
23959
24616
25360
26087
26870
27648
28482
29281
30093
30964
31796
32714
33638
34598
35584
36609
37692
38797
39951
41103
42303
43560
44819
46103
47442
48854
50290
51795
53252
54768
56376
57986
59645
61291
63096
64868
66773
68702
70638
72663
74720
76861
79184
81521
83862
86365
88904
91519
94291
97045
99892
102721
105700
108701
111805
115054
118517
121945
125412
129065
132794
136615
140636
144793
149002
153426
157892
162424
167249
172179
177247
182357
187583
193083
198720
204486
210285
216346
222645
229150
235929
242809
249889
257116
264708
272343
280293
288340
296570
305143
314068
323212
332628
342268
352218
362697
373233
384174
395133
406675
418637
430759
443268
456115
469376
483351
497452
512004
526949
542307
558178
574441
591186
608447
626182
644557
663413
682750
702613
723198
744151
765900
788377
811444
835278
859541
885020
910770
937260
964551
992959
1021695
1051600
1082677
1114223
1146796
1180409
1214770
1250476
1287296
1324851
1363996
1403794
1444884
1487257
1530782
1575412
1621506
1668718
1717623
1768100
1820061
1873968
1928952
1985316
2043109
21010
21636
22261
22929
23589
24295
24986
25712
26476
27198
27978
28801
29622
30474
31409
32260
33211
34172
35171
36183
37210
38337
39489
40556
41764
42989
44194
45553
46931
48318
49741
51254
52725
54342
55941
57552
59222
61028
62840
64702
66566
68503
70501
72603
74705
77011
79334
81665
84066
86491
88955
91514
94157
96958
99798
102766
105764
108891
112138
115489
118923
122312
125939
129629
133424
137228
141287
145463
149817
154193
158788
163515
168375
173280
178379
183672
189153
194676
200404
206354
212444
218770
225099
231747
238528
245676
252838
260269
267893
275743
283718
292100
300643
309676
318730
328123
337824
347843
358149
368700
379518
390701
402102
414035
426478
439161
452216
465676
479252
493396
507983
523005
538379
554504
571046
588281
605817
623678
642229
661111
680554
700564
721568
743149
764864
787679
811006
834922
859556
884839
911231
938058
965647
994240
1023485
1053688
1084718
1117270
1150368
1184660
1219344
1255255
1292610
1331006
1370429
1411216
1453125
1496369
1540455
1586333
1633529
1681779
1731757
1783085
1836190
1890158
1946444
2003908
20627
21231
21847
22492
23144
23823
24544
25280
26060
26824
27642
28428
29269
30102
30996
31919
32897
33963
34973
36028
37135
38249
39396
40523
41688
42926
44198
45513
46911
48326
49702
51155
52697
54315
55943
57690
59366
61176
62981
64845
66725
68749
70758
72901
75054
77250
79543
82015
84482
87016
89532
92212
94892
97763
100749
103786
106983
110094
113397
116841
120410
124005
127654
131439
135401
139467
143729
148014
152360
156849
161533
166402
171371
176508
181807
187237
192761
198452
204267
210390
216715
223130
229747
236597
243635
251036
258613
266469
274434
282564
291152
299848
308907
318071
327490
337253
347337
357573
368289
379221
390472
402077
413990
426331
439080
452177
465714
479641
493947
509021
524253
539992
555997
572762
589816
607646
625797
644512
663679
683623
704035
725110
746834
769556
792589
816218
840471
865229
891229
917772
945049
973127
1001850
1031754
1062804
1094527
1127379
1161080
1195886
1231908
1269004
1307185
1346617
1386656
1428026
1470527
1514214
1559468
1605960
1654185
1703150
1753946
1806081
1860096
1915836
1973342
2032435
21065
21757
22362
23027
23753
24475
25176
25939
26739
27535
28345
29139
30031
30964
31887
32845
33815
34871
35985
37029
38154
39252
40501
41658
42889
44135
45501
46887
48267
49739
51244
52759
54276
55899
57586
59304
61105
62934
64771
66773
68822
70872
72991
75185
77463
79770
82244
84715
87198
89784
92499
95246
98151
101159
104216
107288
110471
113834
117290
120716
124238
127967
131727
135631
139725
143828
148173
152668
157228
162038
166975
171901
177100
182426
187935
193584
199324
205285
211438
217740
224175
231028
237985
244998
252426
260032
267708
275801
283993
292439
301159
310137
319492
329205
339178
349329
359887
370780
381903
393317
405375
417579
430176
443130
456267
469863
484071
498670
513521
528831
544841
561297
578231
595551
613436
631699
650694
670351
690320
711104
732524
754523
777500
800808
824833
849543
875076
901704
928726
956608
985129
1014869
1044967
1076357
1108813
1142234
1176623
1212119
1248748
1286331
1324967
1365053
1406050
1448379
1492190
1537242
1583224
1630396
1679336
1729791
1781739
1835198
1890662
1947381
2005934
20367
20981
21624
22308
23016
23724
24403
25120
25870
26667
27497
28298
29194
30065
30973
31919
32821
33837
34834
35878
36934
38034
39187
40378
41603
42831
44042
45404
46754
48239
49691
51180
52717
54270
55876
57547
59331
61136
62935
64850
66862
68952
71070
73176
75319
77704
80086
82478
85077
87685
90310
92962
95734
98732
101806
104926
108123
111356
114715
118212
121710
125499
129199
133107
137123
141258
145511
149900
154495
159186
164125
169051
174135
179327
184858
190428
196091
201988
207998
214259
220652
227315
234105
241276
248514
255803
263498
271474
279669
288034
296748
305745
314942
324658
334280
344511
354855
365648
376626
387946
399486
411464
423742
436393
449790
463430
477649
492172
506987
522430
538256
554450
571130
588577
606156
624343
642949
662384
682170
702560
723613
745331
767652
790968
814974
839590
864949
890905
917738
945746
974398
1003993
1034102
1065152
1097031
1130351
1164284
1199308
1235463
1272704
1311110
1350659
1391566
1433406
1476663
1521014
1566636
1613796
1662694
1712826
1764410
1817828
1872645
1928804
1986523
2046488
21064
21725
22337
23027
23720
24422
25180
25933
26720
27577
28374
29220
30100
31036
32023
32993
34010
35047
36103
37176
38320
39475
40688
41971
43237
44528
45920
47245
48643
50139
51621
53182
54783
56421
58106
59913
61770
63657
65540
67520
69533
71562
73723
76026
78345
80798
83222
85656
88236
90850
93579
96436
99378
102410
105415
108624
111895
115187
118637
122181
125851
129801
133774
137766
141932
146316
150770
155378
160032
164982
169991
175149
180416
185886
191603
197293
203260
209330
215740
222230
228970
235821
242860
250208
257713
265508
273582
281941
290493
299240
308452
317813
327529
337467
347663
358319
369020
380315
391961
403908
416052
428849
441678
455075
469047
483254
497920
512877
528495
544618
561010
578027
595343
613419
632076
651139
670779
691011
711857
733480
755808
778836
802391
826610
851698
877637
904341
931883
960071
988913
1019083
1050007
1081801
1114528
1147921
1182508
1218365
1255119
1293172
1332120
1372496
1414320
1457096
1501674
1547086
1593809
1641918
1691401
1742717
1795481
1849497
1905690
1963020
2022764
20880
21538
22208
22909
23638
24350
25107
25895
26690
27538
28372
29212
30099
31002
31988
32976
33982
35023
36066
37117
38224
39373
40547
41774
43058
44324
45645
47025
48453
49912
51444
52990
54562
56190
57909
59647
61442
63206
65166
67130
69255
71375
73480
75654
77957
80320
82784
85324
87934
90564
93275
96183
99069
102064
105232
108426
111723
115089
118590
122151
125806
129661
133602
137622
141748
145988
150356
154988
159719
164492
169544
174748
180063
185448
191090
196893
202692
208854
215210
221656
228354
235329
242393
249951
257531
265513
273756
281975
290440
299281
308252
317573
327210
337168
347473
357926
368626
379739
391180
403112
415235
427667
440557
453966
467830
482290
497003
512140
527562
543807
560307
577242
594899
612801
631405
650638
670294
690571
711449
732888
754985
777802
801373
825455
850733
876763
903333
930817
959010
988235
1018268
1048893
1080587
1113809
1147623
1182669
1218668
1255750
1293872
1333066
1373820
1415361
1458655
1502892
1548561
1595993
1644278
1694382
1745602
1798612
1852920
1909495
1967543
2027429
20889
21518
22188
22854
23572
24296
25040
25768
26560
27434
28269
29103
29954
30870
31835
32831
33862
34933
36017
37070
38140
39345
40624
41897
43172
44481
45914
47330
48784
50302
51879
53403
55014
56759
58499
60198
62055
63976
65854
67886
69911
72051
74250
76509
78817
81114
83525
86019
88628
91383
94155
97043
100063
103166
106228
109371
112770
116244
119780
123447
127214
131144
135117
139225
143490
147846
152395
156954
161533
166494
171544
176783
182131
187629
193335
199014
205089
211349
217773
224336
231156
238091
245325
252916
260472
268275
276500
284957
293700
302681
311875
321452
331287
341436
351766
362420
373394
384802
396647
408712
421169
434065
447202
460735
474753
489187
503994
519427
535416
551506
568106
585409
603437
622005
640797
660247
680517
701378
722677
744563
766894
790308
814491
839245
864804
891035
917785
945531
974229
1003656
1034232
1065729
1098177
1131693
1166323
1201632
1238344
1275986
1314998
1354982
1395890
1438320
1482258
1527234
1573990
1621714
1670827
1721748
1774139
1828362
1883702
1941125
2000377
20717
21386
22055
22713
23438
24112
24854
25649
26415
27218
28025
28871
29779
30671
31626
32537
33520
34545
35548
36657
37704
38817
40002
41182
42396
43682
44993
46329
47765
49223
50725
52260
53791
55410
57134
58945
60699
62625
64553
66537
68518
70621
72827
75032
77387
79789
82243
84697
87282
89930
92651
95501
98406
101477
104565
107768
111113
114479
117950
121626
125264
128989
132943
136952
141121
145474
149839
154331
158946
163816
168781
173971
179293
184807
190548
196385
202340
208412
214659
221196
227854
234714
241954
249285
256898
264614
272736
280960
289445
298369
307483
316839
326601
336504
346791
357329
368000
379044
390567
402345
414565
426977
439688
453193
467014
481067
495690
511028
526424
542461
558929
575869
593451
611521
630040
649188
668812
689102
710066
731414
753776
776542
800158
824497
849426
875364
902071
929035
957564
986465
1016748
1047814
1079468
1112163
1146180
1181262
1217139
1254189
1292226
1331592
1372178
1414179
1457518
1501775
1547840
1594726
1643391
1693331
1744996
1798039
1852502
1908659
1967095
2026871
20614
21255
21947
22615
23334
24040
24727
25502
26253
27079
27894
28794
29646
30601
31534
32493
33426
34444
35504
36558
37682
38826
39981
41196
42451
43781
45101
46452
47812
49271
50777
52316
53933
55567
57282
59043
60849
62705
64547
66587
68638
70745
72858
75038
77302
79690
82052
84557
87208
89875
92634
95427
98286
101285
104366
107565
110822
114266
117773
121297
124999
128897
132913
136980
141095
145408
149793
154329
159067
164009
168984
174102
179334
184801
190417
196240
202257
208396
214785
221264
227955
234907
242154
249475
256900
264642
272775
281143
289613
298597
307772
317228
326887
336954
347267
358003
368920
380193
391774
403550
415826
428461
441605
455127
469040
483387
498090
513340
529108
545343
561831
579153
596881
615143
633879
653262
673300
693707
714854
736651
759231
782474
806402
831182
856573
882779
909847
937765
966386
995831
1026116
1057660
1090061
1123489
1158051
1193537
1229732
1267297
1306099
1345875
1386303
1428464
1472189
1516701
1562573
1610376
1659662
1709889
1762036
1815934
1871528
1928520
1987544
2048341
21160
21780
22476
23204
23955
24647
25451
26252
27034
27874
28740
29618
30529
31484
32447
33416
34426
35499
36602
37768
38907
40042
41260
42486
43758
45154
46507
47883
49384
50910
52422
54010
55694
57371
59149
60965
62866
64808
66711
68781
70824
72976
75145
77461
79891
82385
84874
87439
90124
92976
95671
98617
101635
104790
107981
111208
114643
118084
121778
125497
129391
133242
137324
141534
145800
150169
154860
159679
164671
169780
174973
180322
185904
191570
197438
203366
209614
216137
222724
229545
236516
243649
251073
258727
266513
274580
282921
291750
300448
309580
318947
328591
338506
348888
359614
370552
382026
393750
405656
417983
430555
443728
457181
471156
485522
500255
515814
531544
547806
564649
582242
599986
618531
637185
656594
676644
697260
718420
740341
762924
786154
810134
835084
860596
886821
913728
941680
970499
1000052
1030505
1061858
1094241
1127365
1161737
1197566
1233825
1271350
1310266
1350001
1391278
1433372
1477294
1522405
1569159
1616825
1665873
1717138
1769342
1823076
1878586
1936118
1995412
2056731
21248
21895
22550
23259
23931
24676
25431
26242
27068
27833
28713
29609
30532
31482
32419
33389
34410
35419
36491
37601
38793
39961
41253
42508
43806
45103
46478
47926
49368
50888
52351
53915
55550
57302
58959
60685
62615
64554
66495
68485
70632
72694
74908
77197
79537
81870
84295
86915
89546
92247
95096
97934
100980
104141
107329
110692
114076
117557
121084
124719
128587
132599
136684
140944
145272
149687
154262
158948
163916
168832
173947
179160
184785
190467
196359
202314
208537
214954
221595
228188
235258
242472
250002
257607
265322
273494
281764
290367
299136
308298
317705
327413
337499
347845
358458
369402
380744
392269
404244
416566
429329
442373
455734
469796
484071
498940
513943
529538
545772
562597
579695
597263
615430
634263
653502
673498
694162
715500
737105
759879
783094
807100
831881
857134
883368
910578
938538
967129
996971
1027394
1058560
1090861
1124215
1158535
1193923
1230202
1267699
1306311
1346189
1387480
1429656
1473263
1517804
1564051
1612023
1661273
1711671
1764117
1818150
1873540
1930879
1989754
2050717
21313
21988
22656
23340
24061
24813
25604
26388
27228
28073
28975
29898
30780
31723
32687
33714
34750
35849
36898
38015
39184
40367
41571
42872
44151
45441
46804
48295
49810
51316
52915
54497
56170
57929
59706
61583
63518
65512
67474
69501
71631
73853
76058
78457
80880
83417
86030
88637
91431
94253
97169
100140
103197
106330
109590
113003
116439
120070
123780
127577
131461
135438
139610
143983
148339
152894
157526
162486
167492
172563
177832
183251
189091
194813
200798
207014
213419
220130
226795
233665
240879
248173
255606
263446
271409
279754
288268
296927
306076
315361
325040
334911
345080
355716
366556
377978
389570
401347
413654
426309
439120
452482
466414
480653
495239
510192
525648
541455
557842
574654
592160
610187
628874
647964
667611
688157
709336
730953
753274
776311
800120
824549
849790
875786
902648
930248
958820
988168
1018519
1049608
1081647
1115014
1149120
1184432
1220559
1258077
1296263
1335569
1375950
1418104
1461534
1505850
1551982
1599371
1647964
1698044
1750259
1803847
1858966
1916175
1974744
2035218
20992
21629
22260
22959
23636
24394
25140
25865
26641
27424
28232
29083
29942
30850
31764
32786
33791
34853
35942
37025
38168
39341
40571
41831
43092
44384
45750
47125
48653
50191
51687
53185
54747
56393
58171
59954
61848
63709
65696
67672
69769
71813
74097
76397
78758
81092
83653
86195
88892
91684
94498
97365
100362
103486
106762
110010
113379
116863
120343
124029
127798
131780
135789
139897
144343
148658
153102
157718
162575
167428
172510
177851
183339
188952
194710
200661
206766
212893
219333
225906
232915
239925
247218
254824
262514
270537
278783
287385
296263
305390
314663
324558
334513
344693
355215
365965
377272
388881
400764
412778
425248
438111
451618
465403
479621
494428
509749
525506
541667
558089
575119
592664
610729
629435
648921
668745
688977
710234
731952
754433
777912
801755
826097
851522
877545
904379
932173
960389
989780
1019785
1050760
1082867
1115958
1150381
1185381
1221638
1259341
1297799
1337388
1378115
1420221
1463741
1508365
1554144
1601570
1650837
1701425
1753137
1806906
1862011
1919214
1978317
2038726
21162
21831
22493
23140
23856
24618
25365
26182
26963
27789
28630
29498
30368
31290
32246
33219
34311
35319
36386
37484
38596
39811
40992
42242
43544
44853
46157
47530
49000
50565
52159
53726
55435
57139
58890
60679
62517
64441
66378
68321
70407
72575
74833
77185
79511
81907
84394
86918
89523
92256
94981
97790
100813
103876
107094
110443
113933
117511
121017
124696
128471
132389
136481
140677
144894
149386
153929
158687
163484
168405
173566
178860
184353
189965
195716
201819
207934
214346
220749
227298
234217
241380
248698
256492
264326
272428
280615
289253
297916
307204
316501
326145
336130
346513
356897
367816
379039
390752
402709
414810
427490
440736
454032
467908
482227
496928
512095
527588
543742
560394
577338
595224
613413
632081
651128
671107
691557
712800
734534
756959
780251
804201
828860
854251
880424
907337
935016
963737
993272
1023720
1054750
1087182
1120488
1154730
1190204
1226455
1263771
1302328
1341857
1382745
1425188
1468701
1513733
1559951
1607733
1657047
1707818
1760078
1814059
1869354
1926334
1985049
2045740
21157
21811
22470
23191
23927
24668
25364
26166
26936
27777
28619
29491
30403
31347
32317
33334
34378
35478
36503
37665
38836
40017
41191
42413
43773
45106
46552
48010
49534
50997
52575
54169
55798
57472
59316
61186
63084
64999
66957
69014
71214
73297
75499
77835
80172
82694
85220
