102408
105006
107588
110196
113013
115818
118651
121599
124697
127815
130940
134332
137644
141122
144666
148351
152035
155774
159682
163709
167847
172118
176564
181064
185475
190184
195065
199914
205034
210385
215710
221050
226698
232577
238648
244690
250870
257189
263786
270539
277373
284271
291638
299087
306759
314742
322765
330916
339332
348018
356938
366086
375327
384824
394754
404632
414861
425602
436549
447776
459250
471090
483024
495404
508166
521250
534798
548697
562797
577209
591872
607062
622716
638800
655312
672279
689789
707669
725871
744715
763789
783466
803628
824582
845986
867909
890326
913794
937470
961719
986853
1012317
1038719
1065624
1093519
1121841
1150910
1180722
1211658
1243233
1275584
1309150
1343591
1378875
1414940
1452188
1490323
1529104
1569162
1609860
1652067
1695280
1739657
1785111
1832071
1880226
1929620
1980026
2031788
21226
21775
22348
22914
23502
24082
24719
25367
25976
26665
27337
28087
28866
29620
30421
31213
32063
32888
33745
34663
35546
36468
37486
38480
39441
40517
41535
42621
43752
44890
46116
47387
48643
49873
51202
52560
53997
55446
56910
58379
59864
61473
63097
64766
66497
68290
70052
71887
73805
75714
77770
79773
81938
84151
86463
88883
91222
93673
96201
98847
101486
104196
106868
109732
112640
115659
118742
121890
125196
128551
131991
135523
139146
142876
146855
150703
154727
158881
163258
167615
172140
176801
181559
186487
191489
196556
201840
207257
212897
218619
224623
230863
237124
243460
250149
256732
263735
270862
278143
285703
293675
301489
309677
318039
326668
335710
344828
354437
364172
374096
384188
394765
405498
416500
427879
439558
451465
463861
476791
489793
503259
516848
530780
545084
559929
575026
590871
606848
623348
640439
658030
676139
694601
713724
733142
753192
773676
794742
816591
838933
861840
885755
909654
934289
960258
986353
1013384
1041069
1069382
1098589
1128931
1159417
1191275
1223920
1257874
1292277
1327904
1364529
1402208
1440806
1480023
1520594
1562411
1605481
1649676
1695081
1741639
1789313
1838805
1889560
1941561
1995091
2050338
21230
21814
22426
23063
23687
24414
25115
25830
26509
27271
28064
28819
29577
30374
31179
32014
32935
33862
34813
35825
36867
37900
38916
40030
41148
42275
43457
44675
45936
47232
48575
49938
51265
52650
54107
55638
57235
58790
60430
62125
63799
65590
67405
69236
71214
73190
75236
77344
79498
81742
83989
86320
88741
91250
93862
96443
99140
101956
104787
107723
110725
113817
117029
120442
123835
127387
130955
134634
138455
142411
146470
150571
154757
159117
163548
168183
172895
177802
182696
187753
193031
198538
204136
209937
215802
221791
228050
234411
241069
247835
254840
262057
269419
277152
284992
292945
301127
309687
318439
327435
336662
346204
356090
366117
376651
387027
397968
409247
420871
432772
445193
457929
470967
484200
498027
512081
526735
541620
556788
572363
588786
605411
622415
639866
657985
676495
695893
715864
736181
756848
778398
800592
823504
846831
870532
895226
920690
946782
973408
1001184
1029570
1058600
1088456
1119421
1151222
1184097
1217878
1252634
1288279
1324787
1362762
1401808
1441786
1482953
1524792
1568143
1613273
1659747
1706885
1755738
1805657
1856805
1909843
1964036
2020189
20695
21340
22011
22683
23348
24000
24700
25380
26141
26863
27644
28476
29266
30099
30964
31834
32750
33710
34665
35607
36629
37661
38746
39825
40926
42046
43228
44474
45766
47071
48372
49771
51187
52598
54093
55637
57254
58853
60504
62154
63885
65657
67471
69456
71483
73536
75597
77745
80059
82386
84817
87285
89750
92312
94991
97745
100635
103458
106387
109461
112495
115697
118989
122474
125896
129557
133341
137261
141234
145394
149569
153779
158186
162758
167389
172308
177158
182235
187451
192871
198401
204142
210018
216043
222305
228828
235432
242293
249367
256628
264217
271972
279815
287989
296332
304900
313667
322696
332048
341574
351505
361690
372213
383077
394060
405328
417039
429164
441566
454302
467506
481210
495105
509631
524341
539524
555055
571075
587702
604940
622360
640415
659048
678142
697861
718104
738901
760137
782224
805110
828501
852659
877292
902942
929384
956384
984121
1013078
1042566
1073246
1104367
1136648
1169782
1204117
1239252
1275666
1312514
1350646
1390083
1430588
1472513
1515257
1559746
1605473
1651947
1700517
1750708
1801914
1854892
1909234
1965184
2022103
20824
21428
22045
22719
23374
24069
24715
25426
26171
26954
27760
28619
29488
30375
31253
32218
33134
34084
35070
36108
37170
38240
39368
40569
41742
42949
44230
45560
46852
48162
49560
50991
52573
54022
55585
57264
58900
60555
62353
64150
66067
68034
70110
72192
74316
76462
78697
80937
83319
85753
88163
90808
93544
96315
99179
102078
105044
108008
111208
114439
117882
121363
124960
128650
132448
136389
140371
144414
148759
153252
157661
162230
167088
172117
177188
182511
187977
193514
199156
205005
211032
217147
223484
230108
236991
244047
251314
258824
266388
274336
282625
290912
299419
308375
317552
327032
336842
346915
357261
367983
378926
390124
401714
413713
425811
438389
451600
465034
478700
493085
507993
523134
538571
554440
571024
588136
605583
623613
642260
661365
680817
701133
722147
743695
765647
788656
811984
836390
861248
886605
913148
940497
968743
997773
1027724
1058470
1089807
1122554
1155933
1190465
1226042
1262821
1300886
1339558
1379955
1421042
1463539
1507611
1552915
1599602
1647654
1697037
1748360
1800685
1854612
1910512
1967743
2026603
20658
21274
21927
22594
23279
24002
24697
25416
26197
26970
27760
28652
29528
30425
31350
32306
33284
34240
35276
36416
37486
38638
39820
41045
42345
43611
44967
46258
47710
49149
50622
52036
53647
55325
57007
58767
60506
62326
64265
66229
68261
70304
72427
74540
76867
79260
81628
84068
86680
89245
91867
94789
97542
100534
103521
106675
109945
113227
116613
119961
123637
127333
131260
135236
139415
143622
148034
152538
157098
161951
166842
172015
177171
182567
188222
193880
199776
205862
212006
218344
224939
231690
238700
246010
253384
260974
268961
277149
285461
294262
303239
312535
322158
332085
342157
352461
363059
374286
385837
397604
409695
422263
435159
448462
462229
476255
491055
506006
521342
537257
553495
570514
587933
605726
624185
643348
662889
683309
704164
725671
747764
770653
794376
818834
843939
869590
896327
923834
951740
980905
1010844
1041921
1073540
1106310
1140527
1175422
1211291
1248402
1286775
1326034
1366558
1407931
1451120
1495579
1541593
1588628
1636972
1687657
1739422
1792651
1847727
1904310
1962732
2022923
21174
21834
22519
23216
23935
24653
25390
26139
26929
27750
28646
29561
30444
31402
32364
33373
34401
35462
36548
37669
38824
40055
41242
42471
43765
45126
46562
48046
49480
50974
52605
54202
55888
57592
59358
61156
63023
65052
67046
69121
71301
73464
75732
78050
80472
83066
85645
88286
91066
93832
96684
99658
102578
105733
108967
112382
115878
119368
123054
126754
130651
134766
138927
143294
147694
152355
157023
161906
166890
171999
177365
182872
188611
194458
200406
206633
212948
219504
226232
233127
240440
247817
255374
263434
271496
280081
288790
297893
307129
316730
326513
336549
346918
357698
368881
380132
391865
403859
416418
429336
442513
456295
470809
485418
500564
516117
532259
548892
565944
583514
601600
620161
639690
659630
680351
701497
723370
745787
768908
792937
817532
842938
869222
896235
924380
952843
982558
1013310
1044996
1077607
1111195
1145879
1181643
1218372
1256334
1295289
1335506
1377107
1420111
1464102
1509816
1556931
1605405
1655613
1707563
1760947
1815769
1872148
1930385
1991126
2053153
21203
21904
22571
23295
24004
24802
25582
26402
27192
27973
28831
29719
30684
31611
32628
33680
34683
35764
36883
38051
39267
40507
41803
43102
44509
45890
47316
48836
50400
51961
53621
55287
56994
58790
60612
62532
64482
66461
68498
70687
72881
75060
77372
79854
82409
84967
87488
90143
92994
95917
98876
101952
105087
108375
111874
115451
119146
122882
126667
130730
134840
139187
143621
148177
152890
157644
162610
167732
173097
178486
184134
189901
195883
202127
208380
214936
221746
228822
236075
243416
250995
258817
266893
275296
283919
292900
302066
311502
321359
331538
341866
352715
363810
375276
387039
399336
411920
424798
438072
451834
466206
480939
496137
511713
527804
544566
561777
579194
597561
616362
635551
655499
676199
697467
719336
742110
765358
789601
814453
840091
866460
894014
922347
951766
981813
1012996
1045206
1078128
1112025
1147213
1183639
1220882
1259554
1299642
1340759
1382874
1426646
1471692
1518375
1566406
1615655
1666647
1719231
1773723
1830030
1887847
1947427
2009287
20563
21215
21920
22627
23397
24157
24904
25779
26620
27476
28305
29172
30151
31081
32129
33265
34269
35404
36554
37692
38896
40113
41396
42674
44047
45408
46782
48302
49762
51346
52914
54584
56290
58049
59824
61710
63603
65641
67845
69978
72206
74490
76882
79284
81842
84460
87102
89955
92816
95823
98906
101960
105222
108532
112089
115646
119374
123124
127192
131254
135438
139762
144207
148689
153447
158458
163395
168466
173874
179421
185098
190988
197007
203122
209618
216397
223267
230354
237627
245118
252987
261022
269517
278044
287008
296289
305516
315298
325272
335670
346265
357187
368686
380478
392541
405156
418169
431705
445565
459803
474534
489644
505281
521469
538113
555273
573135
591174
609903
629366
649261
669950
691200
713247
736011
759476
783321
808285
834200
861046
888445
916892
946213
976635
1007543
1039696
1073011
1107323
1142837
1179101
1216616
1255316
1295583
1337063
1379841
1423706
1468998
1515688
1564039
1614072
1666047
1719259
1774383
1831214
1889337
1949557
2012100
20841
21522
22210
22944
23672
24470
25217
25997
26833
27701
28535
29403
30341
31301
32323
33351
34413
35512
36603
37786
38956
40171
41402
42697
44057
45471
46919
48418
49977
51583
53180
54895
56599
58468
60360
62240
64331
66362
68489
70707
72962
75207
77628
80152
82650
85250
87900
90771
93663
96750
99870
103125
106390
109821
113321
116973
120643
124517
128504
132590
136906
141378
145834
150589
155409
160458
165600
170960
176444
182144
187808
193887
200090
206442
213078
219872
226885
234173
241594
249556
257344
265520
273994
282781
291795
301353
310971
320876
331186
341735
352736
364156
375906
387848
400435
413459
426794
440688
454948
469503
484477
499894
515924
532661
549833
567455
585639
604561
623885
643738
664542
685790
707791
730701
754284
778510
803356
828905
855391
882700
911187
940454
970643
1001955
1033880
1066889
1100964
1136318
1172747
1210663
1249312
1289211
1330658
1373292
1417355
1462984
1509744
1558537
1608612
1660218
1713646
1768590
1825415
1883876
1944708
2007114
20736
21412
22097
22842
23542
24302
25064
25887
26747
27599
28496
29404
30327
31263
32257
33306
34346
35447
36543
37694
38905
40182
41481
42846
44192
45660
47162
48640
50255
51867
53542
55243
57051
58884
60745
62706
64699
66742
68882
71112
73412
75905
78323
80840
83394
86143
88836
91771
94840
97906
101083
104412
107902
111339
114977
118732
122621
126580
130663
134968
139390
143884
148578
153231
158141
163299
168594
173992
179539
185297
191134
197305
203538
210235
216957
223954
231210
238626
246458
254251
262395
270647
279440
288557
297877
307452
317409
327538
338033
349138
360430
371953
383824
396424
409020
422065
435800
449817
464272
479147
494600
510595
526912
543867
561580
579765
598401
617723
637827
658486
679644
701628
724297
747593
771646
796447
822151
848723
876204
904413
933445
963571
994790
1026631
1059770
1093766
1129171
1165921
1203647
1242480
1282648
1323955
1366260
1410158
1455602
1502504
1551126
1601374
1653363
1706665
1761571
1818019
1876706
1937187
1999614
2063748
21451
22156
22851
23562
24294
25075
25872
26716
27552
28436
29384
30344
31291
32327
33384
34526
35676
36844
38021
39203
40504
41836
43176
44624
46132
47643
49165
50760
52410
54073
55857
57668
59513
61459
63416
65540
67622
69812
72107
74503
76928
79463
81977
84631
87322
90127
93049
96113
99221
102369
105695
109126
112633
116211
120033
123972
127852
131966
136179
140578
145037
149532
154303
159324
164583
169933
175350
181056
186987
193094
199298
205592
212304
219166
226295
233537
241066
248773
256721
264954
273573
282523
291672
301147
310857
320810
331269
342071
353095
364494
376387
388522
400959
413944
427504
441467
455901
470518
485715
501616
517693
534520
551670
569427
587680
606662
626154
646219
667055
688649
710734
733775
757705
781988
807262
833404
860210
887992
917050
946604
977490
1009241
1041857
1075729
1110664
1146575
1183612
1221779
1261284
1302222
1344261
1387433
1432430
1478933
1526869
1576569
1627396
1680236
1734745
1790610
1848336
1908096
1969830
2033145
20834
21536
22231
22959
23708
24475
25247
26055
26881
27735
28634
29530
30515
31453
32480
33539
34638
35810
36919
38059
39290
40528
41882
43262
44641
46091
47549
49154
50707
52295
53965
55698
57445
59332
61114
63021
65123
67128
69284
71540
73862
76200
78616
81092
83680
86482
89291
92218
95207
98278
101389
104604
108022
111403
115032
118841
122641
126616
130724
134959
139379
143875
148429
153210
158179
163276
168642
174252
179826
185605
191604
197940
204488
211074
217902
224806
232014
239707
247454
255536
263721
272387
281142
290362
299829
309618
319525
329931
340590
351565
362943
374847
386879
399349
412250
425535
439348
453440
468355
483572
499214
515108
531734
548880
566484
584789
603679
623316
643410
663979
685514
707698
730375
754229
778507
803681
829550
856354
884392
912974
942334
972642
1004024
1036763
1070077
1104801
1140624
1177750
1215814
1255392
1296112
1338033
1381443
1425900
1472029
1519811
1568605
1619233
1671798
1725423
1780967
1838334
1897711
1959033
2022285
20711
21337
22022
22734
23524
24270
25055
25910
26741
27583
28465
29393
30294
31239
32268
33338
34373
35454
36615
37798
39052
40368
41665
42979
44384
45888
47363
48903
50488
52140
53799
55501
57314
59101
61037
62970
65060
67181
69278
71513
73804
76292
78764
81254
83918
86635
89412
92269
95272
98436
101641
104972
108474
111921
115575
119347
123176
127196
131291
135446
139800
144300
148959
153766
158732
163852
169052
174711
180461
186320
192336
198727
205220
211880
218842
225911
233131
240616
248376
256348
264596
273087
281752
290774
300130
309903
319921
330150
340927
352016
363237
375098
387085
399832
412567
426092
440028
454249
469042
484159
499905
516263
532850
550272
568125
586350
605397
624874
644888
665671
687256
709754
732624
756439
780835
806067
832302
859053
886836
915445
945042
975822
1007794
1040571
1073869
1108929
1144644
1181468
1219604
1259067
1299974
1341970
1385504
1430159
1476563
1524653
1574373
1624934
1677637
1731912
1787799
1845628
1905731
1967874
2031618
20893
21563
22262
22916
23685
24469
25270
26108
26976
27819
28742
29628
30598
31601
32566
33643
34759
35944
37048
38264
39456
40721
42068
43449
44835
46292
47778
49304
50852
52466
54229
55975
57754
59592
61537
63488
65532
67668
69813
72034
74343
76804
79336
81908
84544
87263
90058
92967
96010
99226
102430
105739
109120
112600
116262
119958
123793
127810
131918
136315
140726
145405
150169
155112
160096
165350
170689
176263
182073
187914
193985
200324
206935
213650
220596
227779
235220
242990
250818
259023
267405
276087
285037
294225
303672
313529
323701
334315
345167
356268
367739
379574
391865
404499
417595
431159
445098
459637
474492
490040
505987
522163
539107
556606
574657
593064
612309
631998
652238
673612
695265
717926
741207
765250
790179
815877
842404
869972
898303
927606
957743
988286
1020175
1053192
1087352
1122319
1158650
1195953
1234589
1274500
1316117
1358872
1403017
1448517
1495306
1543603
1593914
1645793
1698775
1753623
1810040
1868598
1929370
1992068
2056503
20988
21683
22412
23109
23830
24622
25425
26253
27115
28032
28916
29858
30847
31868
32934
34014
35139
36272
37406
38577
39827
41136
42534
43874
45201
46662
48098
49710
51283
52922
54669
56406
58167
59994
61941
63921
66011
68104
70388
72762
75135
77567
80029
82687
85378
88073
91034
93902
96981
100127
103458
106912
110260
113833
117571
121489
125369
129426
133580
137827
142310
146851
151670
156604
161679
166919
172404
178047
183801
189629
195738
202069
208529
215268
222170
229374
236830
244671
252539
260696
269167
277915
286786
295937
305321
315070
325315
335995
347090
358281
370100
382150
394626
407389
420519
434121
448159
462644
477685
493266
509286
525877
543017
560436
578320
597057
616554
636514
657089
678254
700055
722695
746327
770547
795518
821373
847782
875325
903778
933023
963366
994736
1026798
1060019
1094447
1129814
1166505
1204013
1242573
1282697
1324180
1367233
1411357
1456948
1503859
1552286
1602952
1654523
1708425
1764103
1821560
1881123
1941687
2004654
20832
21491
22179
22897
23651
24382
25164
25965
26830
27699
28601
29581
30582
31544
32561
33619
34731
35834
37008
38193
39485
40800
42093
43456
44881
46385
47819
49352
50970
52627
54374
56080
57777
59616
61518
63490
65540
67782
70042
72323
74604
76965
79411
82003
84696
87424
90255
93206
96240
99391
102590
105900
109220
112780
116359
120172
124101
128015
132103
136491
140825
145454
150087
154921
160020
165208
170497
176128
181827
187772
193821
200125
206599
213298
220174
227364
234852
242437
250257
258338
266821
275338
284176
293280
302782
312475
322509
333050
343756
354794
366213
378181
390485
403247
416337
429750
443565
457965
472746
488043
503867
520211
537177
554690
572727
591227
610286
629857
650337
671151
692792
714997
738357
762212
787021
812487
838547
865529
893223
922075
951636
982434
1014257
1047043
1080820
1115811
1151824
1189214
1227819
1267465
1308573
1351033
1394842
1440007
1486501
1534884
1584679
1635997
1688607
1743376
1800051
1858168
1918259
1980167
2044131
21064
21752
22466
23184
23944
24714
25512
26345
27192
28074
29017
29941
30947
31993
33019
34127
35235
36366
37574
38841
40071
41326
42638
44021
45450
46894
48422
50066
51641
53347
55018
56814
58659
60636
62526
64523
66676
68920
71167
73475
75880
78293
80845
83503
86262
89092
91927
94833
97900
101102
104326
107738
111269
114958
118666
122517
126496
130749
134886
139219
143739
148252
153051
158069
163181
168409
173959
179526
185311
191245
197314
203705
210382
217157
224119
231374
238895
246662
254504
262683
271042
279808
288942
298210
307956
317985
328291
338772
349723
361014
372653
384728
397169
410156
423452
437081
451315
465883
480965
496519
512659
529104
546211
564121
582326
601261
620580
640777
661387
683117
705123
727901
751375
775584
801007
826995
853810
881769
910487
939936
970465
1001991
1034559
1068106
1102621
1138299
1175629
1213626
1253244
1294060
1336020
1379315
1424210
1470534
1518392
1567558
1618035
1670229
1724883
1780911
1838544
1898103
1959518
2023157
21099
21781
22471
23202
23923
24661
25435
26270
27128
28033
28974
29940
30900
31948
33032
34116
35235
36401
37586
38797
40042
41410
42781
44120
45494
46957
48503
50004
51617
53333
55056
56781
58618
60522
62527
64667
66693
68818
71072
73378
75697
78121
80607
83215
85917
88696
91540
94575
97569
100754
103980
107485
110857
114451
118190
121858
125855
129907
134155
138542
143070
147623
152263
157203
162372
167522
173035
178580
184466
190373
196598
202994
209632
216669
223575
230969
238291
245975
253993
262307
270880
279616
288866
298244
308075
318124
328295
338825
349760
361002
372608
384736
397204
410186
423280
436898
451177
465932
480965
496325
512433
529062
546344
564097
582215
601185
620559
640573
661308
682695
704862
727728
751246
775687
800861
826749
853610
881122
909710
939059
969688
1001131
1033481
1067194
1101834
1137450
1174151
1212362
1251871
1292284
1334154
1377345
1422153
1468203
1515836
1565038
1615994
1668522
1722333
1778135
1836029
1895697
1956883
2020259
20816
21451
22117
22815
23595
24370
25135
25924
26767
27610
28452
29338
30263
31213
32216
33331
34437
35563
36751
37918
39193
40501
41818
43148
44549
46018
47541
49137
50698
52362
54130
55934
57687
59599
61598
63647
65766
67882
70068
72336
74636
77086
79532
82106
84796
87549
90347
93287
96267
99374
102545
105917
109276
112780
116447
120276
124106
128099
132210
136446
140874
145415
150131
155079
160170
165443
170783
176276
181909
187967
194093
200464
207016
213678
220655
227879
235163
242696
250684
258924
267315
275974
284931
294146
303708
313631
323795
334478
345372
356844
368481
380247
392680
405489
418514
432139
446141
460522
475441
491020
506893
523399
540241
557849
575618
594278
613440
633206
653499
674475
696528
718886
742299
766276
790992
816711
842904
870254
898536
927626
957877
989174
1021282
1054246
1088338
1123778
1160370
1197729
1236333
1276635
1318100
1361259
1405244
1450844
1498300
1546928
1596775
1648468
1701615
1756582
1813484
1871601
1932534
1995324
2059923
21390
22030
22726
23498
24276
25038
25812
26597
27458
28305
29230
30180
31167
32169
33195
34182
35312
36509
37660
38916
40128
41446
42810
44205
45629
47095
48646
50213
51848
53511
