102462
104967
107613
110348
112982
115885
118838
121865
124935
128050
131294
134638
138086
141487
145009
148725
152579
156455
160292
164347
168433
172759
177150
181633
186364
191163
196108
201077
206170
211404
216710
222316
227903
233579
239470
245499
251541
257949
264529
271249
277979
284896
291896
299273
306981
314837
322896
331216
339568
348346
357120
366122
375568
385180
395098
405274
415633
426291
437395
448543
460057
471911
483996
496529
509183
522317
535775
549726
564119
578553
593481
608846
624510
640574
656992
673902
691429
709465
727539
746414
765914
785566
806147
827207
848549
870564
893313
916588
940321
964715
989742
1015490
1041602
1068775
1096286
1124877
1154005
1184220
1214713
1246518
1278896
1312116
1346402
1381417
1417473
1454351
1492802
1531644
1571667
1613095
1655191
1698790
1743481
1788927
1835680
1883807
1933477
1984251
2035794
20921
21529
22071
22675
23270
23894
24516
25129
25739
26385
27126
27876
28584
29321
30069
30903
31714
32549
33416
34301
35208
36164
37088
38047
39051
40060
41098
42162
43250
44416
45605
46835
48075
49371
50684
52039
53342
54762
56219
57725
59205
60797
62385
64053
65782
67521
69263
71073
72960
74929
76953
79078
81246
83430
85633
87874
90138
92567
95041
97570
100159
102786
105628
108510
111404
114388
117444
120589
123826
127126
130505
133993
137556
141379
145143
149013
153081
157146
161299
165608
170195
174706
179308
184083
189003
194252
199455
204821
210327
216009
221843
227694
233770
239993
246413
253077
259895
267038
274365
281958
289445
297298
305240
313518
321858
330379
339333
348491
357842
367719
377628
387809
398309
408849
419949
431376
443290
455509
468108
480627
493650
507329
521280
535590
550150
565146
580708
596799
612975
629729
646913
664805
682789
701445
720716
740349
760448
781214
802616
824397
847240
870478
894365
918810
944066
970127
996807
1024162
1052079
1080921
1110624
1141199
1172755
1205059
1238200
1272173
1307474
1343528
1380726
1418682
1457775
1498126
1539076
1581790
1625268
1670276
1716357
1763806
1812573
1862266
1913137
1966269
2020564
20920
21507
22103
22748
23334
24029
24693
25345
26056
26793
27588
28396
29178
30009
30810
31616
32489
33406
34387
35394
36345
37326
38363
39405
40505
41616
42762
44023
45226
46516
47819
49127
50449
51818
53302
54802
56285
57900
59502
61201
62879
64590
66369
68182
70103
72053
74132
76275
78355
80633
82877
85177
87550
90000
92549
95184
97830
100621
103447
106414
109377
112472
115621
118899
122185
125634
129264
132932
136677
140493
144510
148577
152776
157093
161620
166176
170758
175539
180622
185839
191081
196385
201869
207457
213310
219176
225398
231616
238075
244776
251624
258583
265904
273277
281023
289074
297243
305570
314190
323003
332166
341554
351117
361006
371031
381421
392346
403192
414683
426406
438418
450888
463544
476585
489876
503585
517952
532573
547907
563527
579440
595862
612936
630210
647935
666475
685305
705057
725071
745711
766863
788682
811134
834302
857831
881903
906820
932354
959219
986048
1014007
1042857
1072195
1102849
1134203
1166527
1199664
1233938
1269298
1305349
1342325
1380685
1419885
1460841
1502606
1545662
1589649
1634669
1681210
1729198
1778248
1829292
1881522
1935504
1990438
2047130
21378
21972
22641
23282
23914
24574
25280
26018
26721
27450
28232
29093
29941
30814
31693
32571
33496
34457
35436
36447
37488
38539
39678
40831
42000
43164
44448
45696
46978
48394
49775
51213
52664
54225
55836
57445
59082
60784
62514
64246
66086
67987
69950
71924
73967
76066
78212
80497
82808
85168
87580
90221
92828
95418
98150
100973
103833
106785
109772
112944
116261
119693
123175
126754
130446
134193
138074
142040
146231
150249
154486
159028
163631
168290
173102
178052
183164
188467
193848
199500
205326
211301
217357
223634
230136
236773
243732
250912
258288
265595
273362
281313
289499
297930
306531
315272
324472
333938
343541
353536
363779
374304
385008
396048
407642
419642
431880
444450
457284
470471
484109
498277
512654
527739
542993
558794
575101
591735
608699
626386
644692
663662
682862
702710
722766
743862
765710
787875
810967
834766
859039
884114
909978
936681
964084
992290
1021303
1051050
1081716
1113362
1145992
1179491
1214022
1249678
1286228
1323664
1362197
1401988
1442750
1484889
1528299
1573339
1619677
1667152
1715948
1766154
1818046
1871862
1926386
1982966
2041186
20997
21658
22317
22990
23681
24376
25073
25799
26547
27359
28145
28951
29805
30686
31589
32557
33514
34490
35519
36565
37639
38713
39808
40985
42233
43535
44846
46164
47527
48882
50326
51826
53395
55010
56594
58341
60063
61880
63759
65661
67573
69586
71675
73757
76024
78304
80574
83004
85444
87958
90560
93249
96018
98862
101789
104870
107889
111045
114338
117653
121088
124772
128572
132500
136339
140356
144563
148852
153361
158070
162688
167565
172510
177624
182989
188554
193929
199591
205500
211374
217543
224067
230699
237567
244711
252047
259625
267129
274921
283136
291518
300097
308830
317957
327469
337239
347130
357492
368201
379164
390363
401853
413927
426178
438975
452108
465643
479465
493798
508372
523452
539089
555267
571884
589280
606798
625014
643718
662980
682871
703462
724589
746420
769052
791870
815528
840063
865205
891134
917869
945099
973272
1002587
1032497
1063164
1095201
1127810
1161423
1196286
1232402
1269064
1307337
1346628
1386987
1428730
1471796
1515696
1561216
1607874
1656606
1706577
1757932
1810665
1865120
1921273
1979164
2038375
21340
21980
22626
23277
24011
24778
25533
26316
27126
27945
28780
29640
30559
31475
32414
33382
34377
35405
36426
37558
38718
39897
41111
42382
43667
45021
46356
47791
49205
50787
52338
53946
55540
57215
58957
60783
62603
64443
66415
68393
70499
72624
74883
77188
79521
81890
84362
87034
89704
92451
95238
98152
101170
104263
107389
110700
114128
117582
121147
124785
128589
132524
136617
140799
145018
149393
153938
158692
163560
168607
173669
179001
184291
189888
195768
201820
207951
214275
220848
227580
234478
241748
249162
256834
264631
272669
280940
289418
298116
307210
316617
326392
336287
346625
357149
368307
379735
391344
403428
415934
428676
441868
455497
469329
483785
498440
513520
529054
545250
561996
579365
596809
614945
634006
653455
673418
694017
715495
737460
760165
783643
807827
832725
858294
884488
911966
939998
968800
998499
1029111
1060607
1093291
1126922
1161864
1197640
1234554
1272634
1311934
1352225
1393927
1436739
1480762
1526256
1572832
1621399
1671588
1722958
1775770
1830241
1886651
1944710
2004607
20832
21447
22126
22788
23524
24312
25038
25828
26626
27357
28252
29143
30081
31003
31947
32928
33933
34932
36037
37122
38271
39423
40622
41870
43139
44498
45836
47202
48653
50112
51686
53271
54906
56552
58270
60100
61982
63916
65881
67883
69940
72118
74391
76637
78988
81456
84017
86653
89274
92089
94980
97921
100972
104078
107238
110546
114017
117453
121062
124793
128639
132600
136801
141099
145624
150100
154782
159492
164425
169522
174813
180205
185663
191382
197261
203280
209604
216084
222643
229436
236331
243741
251274
258972
267071
275313
283836
292502
301548
310967
320744
330757
340953
351610
362754
374279
385763
397860
410294
423111
436255
450095
464219
478527
493668
509078
524865
541238
558024
575454
593478
611849
630848
650293
670697
691403
713061
735235
758111
781462
806076
831038
857015
883542
911255
939941
969274
999676
1031006
1063337
1096542
1131099
1166407
1202996
1240638
1279561
1319591
1360755
1403276
1447313
1492229
1538808
1587212
1636469
1687695
1740595
1794743
1850782
1908913
1968620
2030427
20741
21394
22042
22726
23463
24216
24966
25778
26591
27432
28313
29201
30145
31060
32030
33015
34085
35138
36216
37340
38465
39672
40905
42136
43450
44786
46206
47702
49145
50703
52347
54003
55659
57342
59163
61072
63025
65023
67069
69198
71415
73720
76011
78342
80826
83431
86015
88736
91628
94499
97510
100467
103735
107049
110451
113896
117537
121313
125137
128981
133122
137342
141698
146163
150786
155652
160564
165498
170655
176032
181609
187269
193089
199194
205410
211933
218642
225424
232419
239657
247241
255148
263020
271245
280006
288896
298063
307501
317458
327535
338146
348665
359592
370831
382516
394587
407244
420139
433332
446865
460926
475637
490818
506274
522280
538645
555730
573399
591602
610292
629534
649430
669877
691040
713399
736081
759363
783205
808053
833773
859943
887123
915491
944603
975028
1005836
1037554
1069934
1103641
1138569
1174540
1212214
1250607
1289846
1330689
1373277
1416453
1461187
1507196
1555056
1603984
1655165
1707364
1761553
1817404
1874817
1934000
1994950
2058059
21103
21801
22474
23194
23941
24720
25546
26380
27225
28122
28998
29915
30918
31797
32817
33887
34903
35973
37158
38378
39636
40912
42233
43601
45020
46432
47891
49434
50981
52584
54216
55954
57736
59621
61513
63508
65501
67666
69765
71908
74193
76584
79040
81542
84180
86829
89675
92567
95579
98679
101841
105009
108310
111779
115306
119026
122816
126856
130901
135059
139400
143907
148550
153314
158168
163237
168408
173693
179219
184932
190774
196830
203141
209681
216308
223165
230511
237904
245603
253464
261607
269948
278609
287611
296957
306381
315974
325994
336385
347032
358160
369615
381499
393755
406351
419318
432877
446516
460724
475628
490831
506624
522679
539467
556912
574769
593034
611801
631550
651651
672488
694081
716079
738841
762520
786642
811880
837556
864510
892151
920407
949831
979922
1011090
1043397
1076520
1110793
1146181
1183020
1220822
1260181
1300573
1342156
1385183
1429672
1475085
1522174
1571089
1621301
1672939
1726414
1781771
1838775
1897456
1958148
2020315
20760
21449
22139
22849
23529
24282
25047
25838
26644
27494
28378
29226
30192
31131
32138
33121
34157
35226
36361
37498
38704
39926
41221
42538
43863
45218
46655
48113
49626
51265
52900
54660
56382
58226
60170
62051
64035
66099
68252
70437
72652
74974
77354
79826
82366
85013
87794
90651
93579
96538
99665
102857
106055
109420
112958
116602
120295
124276
128267
132279
136563
140880
145439
150077
154928
159866
165041
170375
175890
181489
187139
193293
199520
205973
212531
219365
226339
233689
241365
249208
257189
265501
274095
282936
292120
301331
311000
321021
331232
341877
352915
364186
375923
388131
400502
413373
426608
440367
454486
469117
484137
499630
515555
532091
549189
566742
584899
603699
622951
642962
663568
684699
706825
729493
752916
777188
802351
828231
854793
882305
910502
939818
970095
1001356
1033714
1066786
1100860
1136285
1172752
1210332
1249406
1289465
1330845
1373388
1417621
1463350
1510214
1558782
1609386
1661029
1714473
1769296
1826140
1885047
1945754
2008205
20769
21442
22155
22890
23636
24369
25160
25975
26774
27635
28555
29516
30490
31491
32460
33508
34603
35752
36929
38103
39314
40595
41940
43272
44693
46124
47638
49207
50773
52410
54086
55809
57576
59439
61351
63349
65408
67527
69714
71985
74270
76585
79047
81614
84292
86995
89773
92671
95731
98803
102037
105464
108854
112291
115980
119695
123526
127513
131588
135725
140199
144770
149323
154187
159241
164305
169763
175340
180975
186738
192781
198872
205320
211997
218880
225946
233167
240720
248521
256467
264809
273352
282040
291165
300566
310394
320400
330603
341198
352308
363908
375638
387812
400292
413183
426549
440241
454217
468943
484067
499646
515692
532461
549772
567549
585927
604936
624264
644323
665054
686455
708734
731693
755347
779791
804769
830507
857316
885102
913907
943443
974110
1005704
1038526
1071859
1106687
1142723
1179515
1217248
1256398
1297049
1338786
1382162
1426500
1472393
1519996
1569358
1619896
1672695
1726671
1782158
1839575
1898712
1960425
2024153
21002
21704
22397
23126
23915
24720
25496
26297
27130
27960
28844
29809
30783
31726
32761
33818
34905
35996
37155
38275
39479
40725
41978
43346
44754
46242
47738
49260
50781
52423
54102
55862
57626
59473
61309
63305
65366
67426
69563
71781
74118
76523
78915
81509
84159
86825
89702
92568
95594
98710
101926
105220
108611
112170
115939
119674
123521
127668
131748
135942
140365
144863
149552
154365
159351
164530
169805
175342
181107
187007
192908
199181
205613
212281
219091
226207
233634
241100
248889
257004
265243
273844
282896
292197
301696
311574
321496
331808
342587
353635
365146
376901
389207
401848
414798
428186
442125
456513
471311
486611
502218
518341
535166
552538
570538
588982
607922
627533
647632
668423
690268
712848
735870
759661
784284
809659
835805
863049
890877
919472
949378
980143
1011848
1044516
1078232
1113055
1149045
1186220
1224794
1264187
1305160
1347427
1390950
1435801
1481986
1529920
1579436
1630412
1683192
1737967
1793931
1852044
1911625
1973806
2037872
21005
21646
22363
23099
23863
24638
25419
26216
27084
27946
28848
29751
30745
31721
32738
33811
34938
36080
37220
38371
39554
40934
42313
43660
45103
46610
48171
49729
51263
52890
54553
56306
58101
59943
61900
63954
66035
68134
70362
72657
75033
77426
79943
82588
85279
88034
90844
93878
96904
99978
103189
106560
110152
113685
117372
121105
125084
129099
133363
137680
142132
146604
151402
156225
161215
166387
171966
177556
183356
189425
195603
201820
208335
215212
222080
229143
236516
244174
252231
260425
268883
277628
286490
295793
305374
315161
325220
335640
346472
357606
369267
381317
393472
406243
419416
433002
447005
461731
476671
492114
507939
524295
541130
558809
576750
595539
614906
634926
655269
676452
698374
721534
744937
769194
794021
819840
846497
873800
901891
931076
961117
992102
1024309
1057412
1091545
1126788
1163400
1201063
1240200
1280252
1321678
1364532
1408247
1454066
1500969
1549647
1600065
1651837
1705394
1760604
1817631
1876198
1936817
1999379
2063749
21068
21783
22471
23206
23938
24734
25538
26374
27201
28089
29025
29986
30967
31933
32961
34031
35160
36316
37474
38657
39933
41240
42588
43955
45370
46861
48368
49957
51524
53128
54854
56652
58582
60492
62461
64480
66564
68713
70951
73261
75554
77974
80526
83129
85765
88571
91471
94409
97489
100573
103851
107169
110578
114174
117870
121745
125664
129707
133928
138259
142792
147440
152101
157005
162022
167209
172612
178017
183746
189549
195668
202056
208612
215474
222438
229761
237278
244773
252498
260764
269233
277875
286870
296105
305886
315781
325753
336225
347174
358321
369801
381679
393977
406819
419924
433686
447818
462294
477223
492353
508060
524551
541683
558999
577063
595803
615028
634977
655435
676622
698213
721122
744431
768421
793557
818834
845583
872907
901172
930294
960177
991243
1023307
1056590
1090722
1126364
1162852
1200607
1239286
1279244
1320758
1363546
1407526
1453076
1500308
1548698
1598630
1650196
1704119
1758866
1816013
1874885
1935667
1998241
2062401
21092
21737
22431
23140
23892
24676
25489
26273
27138
27974
28869
29821
30784
31758
32804
33883
35025
36119
37243
38435
39692
40988
42289
43629
45036
46545
48043
49662
51246
52900
54567
56293
58163
60084
61994
63971
66077
68194
70406
72677
74997
77470
79977
82611
85363
88075
91006
93991
96985
100111
103388
106742
110221
113743
117462
121273
125146
129129
133282
137584
142033
146648
151387
156223
161358
166498
171960
177453
183398
189458
195580
202020
208699
215413
222441
229683
237277
245063
252919
261197
269501
278170
287039
296240
306068
316023
326077
336802
347874
359063
370572
382637
394857
407582
420812
434521
448657
463345
478406
494013
509996
526235
543347
561017
579034
597656
616882
636944
657462
679010
701294
723965
747435
771604
796478
822248
848706
876231
904662
934017
964217
995611
1028071
1061397
1095709
1131071
1167773
1205623
1244447
1284785
1326557
1369705
1414065
1459768
1507586
1556886
1607360
1659347
1713276
1768616
1825788
1884790
1945641
2008712
20927
21641
22351
23068
23792
24599
25402
26261
27087
27981
28868
29756
30645
31639
32662
33732
34775
35922
37084
38235
39482
40752
42041
43356
44789
46204
47705
49244
50861
52512
54262
56035
57780
59740
61663
63616
65675
67925
70095
72364
74722
77071
79527
82040
84643
87379
90153
93088
96072
99185
102420
105742
109182
112817
116455
120245
124231
128346
132508
136786
141255
145796
150599
155468
160446
165641
170993
176583
182258
188174
194214
200579
206995
213611
220403
227402
234940
242624
250584
258675
267203
275935
284920
294302
303872
313842
324000
334494
345460
356676
368283
380341
392585
405415
418777
432003
446037
460559
475598
490994
506916
523401
540257
557760
575694
594512
613890
633827
654594
675660
697513
720039
743360
767279
792176
817659
844232
871580
899788
929033
959233
990548
1022868
1056119
1090629
1125886
1162429
1200184
1238839
1278917
1320502
1363348
1407312
1452812
1499788
1548033
1598237
1649792
1703269
1758507
1815337
1873842
1934855
1997411
2062436
21015
21716
22421
23117
23836
24618
25433
26278
27130
28018
28977
29912
30888
31908
32954
33943
35009
36193
37378
38548
39775
41049
42433
43772
45215
46707
48261
49800
51407
53030
54712
56543
58343
60180
62133
64168
66233
68368
70608
72807
75131
77588
80121
82709
85363
88116
90923
93948
97025
100169
103322
106671
110135
113689
117338
121164
125131
129148
133313
137642
142226
146898
151684
156736
161742
166981
172562
178113
183832
189770
196001
202446
209160
215949
222896
230212
237825
245540
253368
261641
270243
278977
287940
297361
306826
316818
327051
337646
348691
360208
371814
383815
396239
409013
422413
436057
449987
464625
479674
495234
511348
528035
545087
562696
580898
599894
619284
639114
659827
681657
703743
726587
750185
774535
799493
825448
852285
879900
908474
937765
968440
999569
1031774
1065454
1099814
1135535
1172399
1210175
1249545
1289676
1331466
1374546
1419072
1465072
1512635
1561540
1612357
1664767
1718904
1774451
1831945
1891714
1952962
2016008
20901
21587
22272
23004
23731
24499
25278
26115
26932
27840
28812
29738
30686
31671
32708
33676
34841
35964
37116
38380
39660
40911
42287
43704
45140
46562
48099
49748
51347
53000
54736
56511
58391
60279
62210
64296
66389
68526
70748
73023
75464
77890
80430
83140
85875
88588
91424
94322
97356
100567
103777
107233
110696
114306
117969
121765
125728
129794
133894
138097
142631
147202
151886
156809
161896
167209
172706
178261
184083
190065
196186
202595
209106
215813
222762
229935
237451
245169
253077
261300
269805
278637
287627
296985
306659
316647
326774
337213
348164
359246
370798
383017
395415
408213
421466
435252
449313
464013
478948
494590
510781
527272
544166
562022
580469
599322
618638
638844
659728
681283
703630
726215
749876
774351
799521
825159
852048
879560
908265
937845
968090
999504
1031712
1065325
1099740
1135431
1171982
1209940
1249364
1289889
1331576
1374635
1418967
1465085
1512929
1562010
1612732
1665129
1719160
1775010
1832909
1892794
1954478
2017908
20763
21437
22099
22839
23585
24344
25125
25930
26802
27704
28631
29566
30538
31540
32508
33589
34648
35779
36951
38179
39436
40692
41992
43357
44763
46254
47775
49362
50951
52570
54300
56025
57903
59722
61652
63671
65741
67787
69940
72258
74568
76934
79488
82034
84656
87430
90258
93228
96277
99383
102658
105956
109330
112867
116507
120381
124217
128226
132458
136736
141331
145822
150762
155671
160707
165940
171231
176842
182467
188320
194592
200828
207236
214085
221038
228202
235757
243511
251365
259590
267992
276673
285586
294844
304375
314236
324514
334923
345764
356863
368506
380368
392725
405413
418536
431999
445982
460557
475382
490806
506544
522994
539974
557650
575693
594363
613665
633572
654357
675574
697536
719937
743646
767691
792258
817969
844683
871913
900128
929572
959648
990656
1022680
1055927
1090425
1125964
1162439
1200172
1238844
1279018
1320651
1363584
1407729
1453502
1500462
1549091
1599475
1651435
1705354
1760857
1818105
1877326
1938446
2000868
20548
21231
21927
22600
23315
24099
24879
25700
26554
27425
28344
29309
30238
31190
32153
33195
34351
35453
36606
37798
39058
40334
41592
42963
44364
45809
47260
48841
50459
52071
53742
55411
57226
59011
60910
62884
64992
67109
69281
71559
73977
76338
78881
81390
83954
86756
89542
92417
95414
98548
101820
105081
108473
111988
115595
119336
123276
127188
131362
135577
139873
144373
149007
153827
158733
164009
169297
174806
180545
186350
192418
198647
205138
211807
218585
225583
232844
240283
247956
255902
264333
272834
281790
290843
300341
310122
320044
330497
341295
352349
363845
375539
387797
400447
413536
426852
440773
455203
469888
485052
500875
516963
533799
550882
568667
587161
606358
625700
645903
666834
688517
710719
733782
757389
781923
807216
833482
860602
888697
917644
947558
978341
1010034
1043046
1076916
1111659
1148103
1185291
1224202
1264049
1305254
1347621
1391222
1436201
1483085
1531398
1580882
1632297
1685574
1740275
1796379
1854451
1914060
1976265
2040461
21065
21736
22427
23159
23878
24661
25415
26277
27114
27984
28868
29839
30795
31768
32791
33830
34911
36128
37305
38582
39840
41174
42515
43857
45280
46780
48320
49918
51539
53259
54968
56782
58657
60500
