102527
105017
107497
110133
112687
115470
118305
121209
124095
127102
130195
133435
136656
140067
143586
147094
150664
154404
158175
161973
166010
170063
174222
178551
182933
187341
191922
196634
201503
206469
211656
216819
222181
227695
233422
239286
245079
251140
257333
263633
270081
276716
283494
290476
297558
304855
312433
320099
328066
336087
344349
352853
361526
370476
379732
389115
398736
408659
418775
429084
439811
450700
461928
473456
485173
497263
509592
522316
535420
548747
562366
576411
590659
605610
620714
636339
652399
668785
685530
702876
720512
738729
757407
776147
795610
815599
836211
857176
878739
900790
923393
946679
970459
994902
1019748
1045382
1071978
1098939
1126575
1155019
1184109
1214193
1244904
1276455
1308958
1342089
1376371
1411094
1446804
1483258
1520461
1559076
1598950
1639478
1681125
1723484
1767504
1812307
1858568
1905901
1954434
2004458
20601
21110
21641
22235
22830
23419
24025
24606
25230
25857
26529
27175
27873
28554
29280
30029
30759
31559
32315
33152
34028
34904
35750
36681
37593
38548
39574
40559
41532
42619
43706
44802
45942
47111
48355
49645
50917
52210
53573
54938
56367
57861
59407
60939
62451
64093
65743
67500
69304
71079
72945
74817
76812
78823
80807
82877
84998
87204
89378
91731
94128
96515
99049
101606
104328
107063
109804
112609
115526
118440
121604
124649
127930
131298
134634
138176
141671
145416
149159
153034
157039
161186
165493
169830
174242
178790
183565
188358
193285
198467
203685
209077
214531
220256
225968
231991
238301
244720
251041
257785
264706
271537
278536
285931
293421
301221
309192
317281
325639
334181
342970
351882
361104
370753
380425
390370
400651
411278
422165
433192
444586
456308
468311
480754
493376
506474
519941
533627
547427
561860
576907
591947
607695
623810
640300
657277
674754
692884
711336
730356
749837
769825
790305
811354
833024
855211
877834
901301
925459
950247
975660
1001611
1028467
1055992
1084219
1113096
1143159
1173669
1204866
1237196
1270264
1304143
1339165
1374826
1411852
1449805
1489005
1529348
1570294
1612428
1656154
1700535
1746077
1792967
1841049
1890419
1941610
1993838
2047475
21238
21778
22353
22972
23580
24267
24928
25594
26290
27004
27715
28514
29311
30127
30948
31713
32573
33430
34386
35285
36265
37212
38275
39274
40339
41420
42511
43594
44790
46007
47275
48585
49962
51284
52631
54119
55556
57063
58550
60109
61688
63426
65161
66919
68767
70594
72498
74526
76456
78511
80628
82823
85038
87356
89801
92316
94870
97401
100054
102845
105654
108500
111490
114619
117787
121034
124362
127648
131101
134686
138426
142242
146056
149973
154192
158528
162825
167266
171761
176454
181304
186409
191441
196738
202223
207776
213507
219429
225548
231576
237964
244382
251043
258033
265197
272401
280017
287668
295480
303746
311999
320548
329505
338614
348104
357554
367324
377279
387848
398505
409500
420853
432492
444619
456982
469831
482936
496554
510204
524455
539046
553955
569315
585022
601096
617827
634949
652611
670579
689112
707914
727845
748017
768640
790022
812060
834791
857997
881836
906128
931185
957060
983783
1011437
1039477
1068448
1098046
1128798
1159894
1192011
1225205
1259467
1294454
1330286
1367247
1405311
1444340
1484512
1525698
1568199
1611948
1656652
1702836
1750412
1799351
1849685
1901236
1954380
2009231
20925
21518
22144
22779
23439
24073
24775
25422
26134
26893
27652
28403
29176
29949
30765
31619
32552
33534
34478
35411
36407
37414
38457
39458
40534
41654
42836
44024
45259
46559
47911
49269
50674
52037
53454
55028
56576
58165
59803
61529
63220
65031
66938
68841
70736
72763
74722
76850
78989
81123
83372
85744
88169
90599
93142
95799
98488
101235
104143
107088
110032
113143
116226
119497
122799
126249
129894
133616
137405
141247
145303
149418
153736
157997
162510
167100
171827
176624
181685
186847
192165
197630
203291
209042
215028
221179
227438
233942
240550
247443
254463
261673
269067
276712
284745
292889
301340
309858
318657
327712
337160
346701
356645
366791
377140
388070
399026
410425
421976
434038
446366
459098
472209
485344
499167
513377
528065
542864
558313
574563
591125
608022
625313
643280
661610
680538
700293
720514
741247
762419
784283
806651
829935
853872
878179
903127
928948
955419
982462
1010523
1039302
1069025
1099593
1131214
1163497
1196869
1231026
1266138
1302150
1339554
1377852
1417556
1458323
1500124
1543118
1586906
1632487
1679270
1727475
1776915
1827655
1879858
1934216
1989709
2046950
21161
21785
22432
23035
23693
24363
25049
25774
26556
27311
28121
28887
29732
30610
31458
32393
33351
34254
35203
36236
37320
38399
39457
40652
41840
43063
44301
45627
46945
48301
49710
51163
52636
54157
55708
57282
58898
60580
62291
64129
65930
67883
69868
71927
74071
76263
78540
80839
83165
85583
87970
90560
93172
95782
98541
101335
104192
107269
110328
113512
116733
120138
123595
127168
131001
134898
138826
142903
147073
151266
155665
160137
164906
169644
174575
179629
184841
190166
195728
201467
207319
213183
219313
225658
232165
238926
245822
253069
260530
267996
275808
283729
291836
300238
309154
318243
327226
336768
346359
356563
366921
377568
388561
399856
411638
423754
436157
448928
461803
475238
489267
503144
517868
532868
548468
564420
580827
597742
615098
633146
651607
670729
690188
710466
731365
752620
774621
797155
820362
844206
868546
893864
920001
946819
974629
1003102
1032106
1062175
1093359
1125076
1158147
1191809
1226637
1262154
1299454
1337237
1376051
1415816
1457146
1499715
1543675
1588673
1634836
1682966
1732276
1782588
1834706
1887895
1942963
1999622
2058286
21224
21785
22401
23067
23733
24433
25136
25836
26571
27390
28186
29049
29927
30772
31589
32556
33506
34489
35523
36526
37623
38702
39864
41023
42310
43552
44789
46068
47457
48866
50333
51773
53247
54856
56503
58188
59819
61556
63409
65155
67036
69045
71123
73099
75285
77483
79795
82124
84469
86956
89326
91903
94613
97337
100264
103197
106283
109446
112590
115836
119268
122758
126356
130075
133926
137823
141862
146034
150258
154740
159341
163998
168790
173689
178874
184146
189587
195308
201137
207086
213021
219299
225778
232552
239323
246355
253573
260968
268640
276432
284681
292994
301675
310601
319602
328957
338623
348589
358796
369165
380113
391265
402728
414825
427096
439631
452539
465960
479539
493848
508578
523626
539067
554625
571041
587998
605491
623576
641978
661005
680346
700488
721354
742414
764327
786937
810022
834100
858888
884325
910532
937321
965073
993187
1022386
1052860
1084076
1116089
1149253
1183249
1218573
1254465
1291535
1329758
1369104
1409408
1451426
1494397
1538533
1584025
1631016
1679230
1729077
1780131
1833102
1887877
1943751
2001398
20635
21241
21842
22457
23158
23826
24509
25254
26017
26772
27508
28393
29263
30103
30991
31871
32794
33766
34813
35847
36964
38001
39127
40292
41579
42792
44094
45378
46641
48006
49455
50856
52325
53892
55448
57096
58734
60468
62224
63995
65843
67831
69869
71997
74090
76345
78604
80923
83329
85833
88455
91017
93632
96529
99368
102396
105434
108560
111782
115105
118489
122020
125655
129495
133381
137283
141367
145609
149871
154382
158907
163543
168436
173530
178697
184002
189476
195167
200933
206853
212990
219401
225953
232809
239779
246904
254227
261887
269493
277484
285617
294130
302773
311814
320999
330526
340373
350474
360906
371703
382742
394286
406097
418137
430579
443718
456950
470525
484824
499305
514366
529425
545112
561441
578112
595323
612812
630973
649543
668697
688836
709227
730489
752448
774872
797823
821459
845946
871075
896806
923672
951202
979527
1008740
1038993
1070208
1102372
1135543
1169739
1204301
1240493
1277700
1316011
1355249
1395830
1437768
1480563
1524450
1570168
1616776
1665091
1715077
1766479
1819041
1873226
1929353
1987112
2046122
21063
21690
22351
23014
23742
24419
25158
25858
26684
27507
28335
29159
30032
30917
31850
32765
33711
34703
35727
36832
37938
39034
40216
41490
42737
44014
45359
46740
48182
49594
51056
52544
54170
55869
57534
59201
61079
62812
64712
66689
68630
70591
72726
74878
77072
79398
81866
84320
86863
89366
91998
94759
97594
100513
103467
106507
109737
112987
116303
119762
123362
127105
130928
134910
138950
143201
147607
152032
156632
161429
166174
171044
176036
181238
186612
192136
197863
203767
209897
216239
222835
229552
236275
243335
250582
258007
265743
273641
282039
290435
299023
308088
317259
326833
336643
346548
356865
367484
378232
389461
401130
413131
425638
438333
451363
464656
478594
492814
507424
522648
538348
554397
571098
588075
605780
624053
642960
662153
681908
702478
723566
745259
767647
790666
814390
838845
863936
889840
916381
943950
972518
1001469
1031440
1062250
1094321
1127431
1161512
1196557
1232558
1269576
1307665
1346892
1386944
1428754
1471531
1515459
1561298
1608315
1656318
1706462
1757678
1810490
1864685
1920603
1978298
2037329
21118
21747
22387
22985
23683
24415
25130
25875
26625
27453
28240
29093
29936
30784
31708
32635
33581
34525
35506
36547
37613
38761
39961
41145
42346
43623
44990
46384
47766
49183
50655
52168
53799
55462
57098
58763
60467
62310
64172
66085
68047
70076
72135
74310
76523
78859
81254
83638
86153
88759
91364
94082
96873
99726
102658
105737
108918
112135
115408
118824
122285
125916
129790
133660
137698
141815
146049
150477
154995
159632
164435
169430
174389
179563
184972
190446
196283
202100
208334
214630
221004
227788
234577
241644
248991
256464
264264
272303
280574
289059
297633
306583
315725
325242
334970
345052
355200
365934
377126
388458
400206
412238
424660
437755
450991
464597
478430
492836
507634
522842
538572
554862
571786
589043
606763
625144
643826
663252
683380
703906
724824
746818
769435
792708
816237
840701
866010
892089
918915
946741
975393
1004911
1035171
1066214
1097913
1130738
1164743
1199731
1236083
1273170
1311963
1351392
1392233
1434101
1476994
1521177
1567104
1614635
1663626
1713766
1765265
1818629
1873810
1930235
1988813
2049340
21207
21872
22576
23260
24009
24726
25509
26305
27124
27898
28716
29576
30449
31418
32406
33356
34303
35351
36450
37540
38737
39899
41110
42401
43694
45033
46343
47695
49121
50633
52162
53759
55278
56989
58742
60516
62387
64231
66221
68279
70283
72316
74456
76740
79120
81518
83925
86501
89135
91775
94539
97355
100335
103424
106558
109797
113021
116439
119992
123544
127246
131166
135167
139301
143593
147934
152271
156856
161618
166561
171620
176887
182323
187801
193548
199283
205254
211487
217882
224395
231182
238064
245145
252541
260135
267878
275839
284067
292600
301430
310415
319867
329395
339439
349847
360516
371554
382768
394508
406389
418659
431266
444327
457798
471545
485690
500549
515630
531216
546995
563511
580410
597871
615964
634431
653623
673358
693632
714444
736091
758497
781462
805124
829206
854127
880114
906939
934583
963153
992419
1022597
1053308
1085057
1118083
1152076
1187183
1223000
1259746
1298141
1337477
1377829
1419409
1462513
1507401
1552959
1600031
1648832
1698606
1749508
1802435
1857446
1914011
1972223
2031711
21015
21706
22391
23057
23789
24493
25231
26006
26812
27613
28442
29307
30179
31050
31958
32876
33914
34963
36053
37126
38265
39448
40617
41843
43098
44356
45666
47070
48473
49917
51508
53036
54589
56269
58046
59838
61708
63474
65468
67394
69494
71669
73882
76076
78419
80764
83237
85772
88412
91031
93757
96675
99604
102632
105716
108912
112288
115714
119251
122850
126463
130311
134124
138211
142507
146749
151094
155662
160342
165144
170064
175154
180517
186087
191903
197737
203748
209985
216325
222840
229569
236580
243749
251108
258797
266619
274666
283079
291830
300658
309918
319342
328975
338856
349126
359766
370598
381720
393245
405137
417392
430011
443054
456334
470174
484259
499053
514152
529760
545869
562272
579254
596831
614894
633422
652517
672255
692765
713835
735584
757806
780661
804137
828333
853484
879277
906052
933020
961303
990372
1020278
1050937
1082423
1115231
1149236
1183960
1220070
1256972
1295376
1334317
1374344
1415768
1458379
1502487
1548490
1595374
1643918
1694128
1745687
1798764
1853152
1909482
1967144
2026720
21002
21659
22274
22930
23603
24295
25014
25832
26607
27438
28296
29148
29974
30888
31812
32777
33765
34795
35875
36963
38106
39258
40453
41725
43026
44354
45641
47041
48439
49885
51423
52999
54718
56394
58093
59826
61646
63539
65464
67421
69503
71640
73792
76024
78374
80799
83261
85767
88452
91080
93917
96680
99644
102626
105776
108943
112265
115775
119394
123095
126863
130667
134681
138754
142937
147377
151812
156428
161068
165958
170980
176257
181528
187120
192767
198722
204692
210838
217256
223976
230804
237764
244958
252232
259909
267737
275786
284250
292970
301621
310835
320379
330015
340101
350679
361316
372079
383524
395369
407445
419751
432464
445647
459132
473109
487340
502407
517524
533188
549318
565827
583062
600764
618769
637685
656884
676891
697268
718496
740402
762923
785711
809550
834135
859612
885729
912677
940432
968986
998344
1028444
1059608
1092147
1125251
1159708
1194977
1231329
1268528
1307008
1346993
1388138
1430228
1474003
1518967
1565199
1612646
1661652
1712208
1764470
1818260
1873609
1930451
1989109
2049933
21242
21924
22583
23291
23993
24725
25506
26260
27049
27853
28734
29582
30462
31375
32295
33309
34368
35364
36466
37658
38797
39937
41123
42358
43642
44933
46288
47661
49090
50576
52120
53696
55354
57074
58815
60617
62456
64391
66313
68338
70384
72442
74586
76954
79362
81801
84303
86863
89472
92127
94921
97652
100562
103662
106753
110021
113411
116800
120435
124083
127817
131794
135837
139918
144147
148421
152958
157632
162404
167366
172482
177801
183182
188774
194489
200414
206606
212872
219392
226252
233206
240205
247388
255020
262617
270499
278560
286934
295710
304847
314029
323551
333490
343708
354172
364798
375821
387231
398945
411132
423546
436369
449862
463508
477744
492201
507155
522590
538279
554551
571355
588785
606616
625015
644206
663702
683938
704665
725975
747949
770526
793882
818141
843085
868645
894938
922140
950171
979387
1009327
1040189
1072015
1104839
1138427
1173128
1208802
1245439
1283307
1322521
1363035
1404308
1447408
1491550
1536646
1583375
1631691
1681083
1731735
1784202
1838303
1894391
1951835
2010997
21077
21721
22354
23005
23691
24403
25121
25907
26646
27470
28324
29193
30073
30936
31854
32831
33858
34884
35951
37061
38172
39339
40507
41799
43057
44399
45737
47152
48602
50060
51626
53191
54847
56476
58193
59940
61741
63652
65582
67503
69557
71698
73902
76142
78475
80819
83270
85753
88355
91102
93880
96690
99602
102611
105749
108859
112141
115642
119133
122881
126631
130449
134368
138455
142655
147069
151574
156202
161016
165965
171038
176178
181471
186978
192633
198492
204569
210862
217482
224012
230745
237647
244775
252202
259915
267806
275862
284240
292905
301732
310792
320142
329954
339807
350290
360869
371822
383201
394634
406719
419087
431924
445159
458796
472741
487202
501742
516778
532335
548557
565310
582578
600300
618716
637625
656897
676900
697325
718595
740548
763389
786809
810899
835849
861398
887863
914950
942885
971335
1000736
1031537
1062977
1095477
1128796
1163146
1198601
1234965
1272647
1311376
1351283
1392514
1434748
1478183
1523301
1569700
1617263
1666514
1717107
1769339
1823190
1879173
1936099
1995043
2055539
20906
21529
22148
22792
23511
24245
25000
25717
26490
27301
28150
29011
29895
30800
31698
32643
33654
34677
35733
36811
37932
39109
40297
41532
42823
44152
45487
46860
48325
49767
51270
52826
54377
56058
57700
59422
61248
63106
64995
66990
68998
71070
73260
75464
77729
80063
82454
85048
87668
90295
93048
95934
98952
102042
105013
108136
111339
114671
118290
121845
125588
129344
133246
137188
141297
145553
149991
154563
159279
164109
169171
174274
179502
184963
190450
196269
202238
208321
214733
221187
227775
234742
241884
249303
256880
264898
272969
281491
290129
298777
307952
317374
327155
337203
347407
357865
368698
379866
391357
403269
415626
428331
441392
454748
468633
482920
497701
512853
528458
544631
561349
578216
595778
613930
632535
651858
671829
692365
713461
735184
757521
780489
804147
828669
853832
879803
906538
934520
962961
992190
1022412
1053290
1085328
1118299
1152411
1187728
1224211
1261727
1300465
1339885
1381018
1423354
1466426
1511268
1557449
1604898
1653762
1703889
1756002
1809808
1864701
1921693
1980090
2040425
20905
21540
22151
22812
23477
24213
24964
25682
26466
27282
28117
29002
29882
30810
31786
32759
33774
34853
35930
37091
38263
39414
40626
41838
43058
44410
45712
47147
48596
50126
51703
53331
54946
56637
58429
60200
62016
63872
65829
67824
69886
71978
74182
76546
78832
81228
83542
86075
88662
91212
94027
96902
99838
102922
106045
109297
112703
116021
119602
123197
127019
130938
134986
139031
143338
147644
152079
156749
161520
166438
171508
176642
182122
187724
193413
199218
205165
211390
217897
224496
231408
238496
245768
253278
261030
268970
277258
285747
294387
303275
312403
322049
331958
342158
352632
363384
374409
385998
397635
409972
422469
435430
448724
462528
476604
491267
506233
521641
537502
554099
571013
588120
606161
624562
643496
662978
683349
704383
725845
748015
770975
794379
818603
843540
869449
896222
923283
951500
980894
1010956
1041965
1074011
1106515
1139893
1174512
1210493
1247503
1285276
1324747
1365224
1406962
1450082
1494106
1539401
1586485
1634636
1684765
1736199
1789078
1843737
1899504
1957381
2017221
20867
21510
22192
22871
23541
24208
24950
25712
26557
27318
28180
29063
30015
30961
31891
32868
33914
34962
36002
37129
38262
39448
40629
41891
43149
44433
45786
47183
48593
50049
51559
53089
54704
56382
58051
59807
61657
63548
65481
67460
69472
71521
73728
75972
78259
80714
83244
85689
88287
90947
93719
96551
99490
102615
105758
109035
112383
115869
119427
123011
126801
130756
134786
138909
143119
147423
152016
156720
161503
166420
171407
176634
182094
187578
193320
199134
205212
211301
217591
224467
231306
238399
245585
253188
260939
268805
276968
285439
293951
302996
312151
321607
331424
341574
352103
362741
373895
385193
397012
409324
421836
434815
448111
461885
475944
490417
505332
520474
536098
552534
569397
586682
604587
623025
641938
661634
682164
702718
723828
746001
768671
792338
816591
841511
867004
893375
920765
949054
977794
1007663
1038468
1070192
1102704
1136329
1171069
1206676
1243319
1280901
1319948
1360120
1401447
1443925
1487866
1532899
1579510
1627663
1677351
1728644
1780948
1835594
1891394
1949336
2008799
20581
21205
21830
22517
23192
23919
24675
25425
26191
26997
27847
28742
29649
30572
31568
32518
33506
34577
35686
36836
37936
39111
40294
41582
42846
44114
45508
46912
48343
49817
51284
52880
54513
56202
57947
59668
61474
63360
65201
67192
69210
71255
73446
75653
77938
80360
82835
85319
87876
90591
93225
96082
98974
101928
105004
108284
111517
114956
118493
122126
125787
129694
133571
137654
141936
146330
150899
155577
160441
165424
170575
175814
181116
186619
192358
198240
204345
210565
216860
223372
230181
237173
244479
251731
259405
267370
275550
283885
292574
301439
310553
320057
329928
339971
350272
361042
372130
383550
395251
407094
419434
432148
445303
458943
472968
487396
502278
517655
533591
549785
566578
583917
601600
619992
639021
658476
678407
699374
720605
742550
765111
788305
812038
836996
862550
888737
915845
944027
972790
1002357
1032912
1064304
1096353
1129522
1163653
1199234
1235862
1273302
1311994
1352338
1393443
1436008
1480028
1525322
1571905
1619602
1668993
1719796
1771822
1826210
1881704
1939303
1998658
2059644
21358
22004
22660
23355
24063
24810
25581
26353
27148
27969
28803
29687
30567
31476
32498
33446
34496
35552
36628
37723
38894
40048
41271
42490
43818
45141
46500
47917
49338
50850
52404
53980
55646
57376
59093
60914
62703
64605
66588
68530
70623
72894
75193
77545
79992
82398
84862
87450
90086
92812
95613
98597
101609
104693
107882
111180
114500
117995
121634
125438
129297
133224
137188
141392
145777
150399
154950
159703
164527
169521
174702
180013
185522
191156
196962
202915
209068
215477
222089
228838
235882
243053
250478
258135
266081
274167
282496
291223
300203
309349
318740
328292
338390
348691
359283
370186
381604
393117
405150
417493
430296
443453
457047
471137
485521
500403
515663
531505
547670
564311
581627
599326
617463
636220
655747
675871
696617
717930
739609
762076
785440
809372
834007
859460
885729
912652
940634
969561
999284
1029963
1061244
1093307
1126849
1161231
1196747
1232978
1270554
1309741
1349983
1391183
1433445
1477515
1522254
1568838
1616913
1666110
1717115
1769725
1823687
1879750
1937251
1996359
2057374
21274
21958
22621
23241
23969
24737
25501
26307
27152
27962
28818
29721
30626
31556
32541
33520
34555
35620
36731
37847
38968
40213
41421
42661
44032
45358
46726
48073
49575
51022
52670
54316
55982
57701
59502
61360
63244
65103
67085
69136
